"","V1","V2","V3","V4","V5","V6","V7","V8","V9","V10","V11","V12","V13","V14","V15","V16","V17","V18","V19","V20","V21","V22","V23","V24","V25","V26","V27","V28","V29","V30","V31","V32","V33","V34","V35","V36","V37","V38","V39","V40","V41","V42","V43","V44","V45","V46","V47","V48","V49","V50","V51","V52","V53","V54","V55","V56","V57","V58","V59","V60","V61","V62","V63","V64","V65","V66","V67","V68","V69","V70","V71","V72","V73","V74","V75","V76","V77","V78","V79","V80","V81","V82","V83","V84","V85","V86","V87","V88","V89","V90","V91","V92","V93","V94","V95","V96","V97","V98","V99","V100"
"1",2.1300204411468,4.32389310843412,3.6445744049213,3.11619525230314,2.92611773654001,3.97668300174142,3.28665059342343,4.50210788106031,2.62642865540283,3.78942766549469,3.60992728189483,4.06638468066072,2.05429217889275,3.33619966626436,3.0144202022854,3.06543978366108,4.25058540261024,3.65466314176328,2.96474733012886,2.56744490603268,2.74169632765909,3.51387641571666,3.01120768666,3.09176065346669,3.0282706111995,3.33239369321809,3.27506901219048,3.37346776354151,2.59290267416645,2.49833890488332,4.16393698229738,3.19593795354357,2.34321771067798,4.45525091188237,3.34856977546623,2.8412491971091,2.98662251423201,3.06311327267535,3.15575338395396,2.43329570324758,3.25077957963886,3.38615670175729,2.97178659348622,3.44107951388715,2.75202537025492,3.89357102020398,3.3244727221564,4.17396531112364,3.72181383007535,3.65041262165722,2.73737053455086,4.12439067848585,2.07945389511122,2.308816682467,3.25718515388299,2.72447891445656,2.30349848537053,3.40096491595609,3.11490123193466,3.00951357164076,4.13883348672874,2.79692212053743,3.38679241691289,4.3960879043412,4.17159007603018,3.46426129144859,3.56510627534116,3.29590022823909,3.34008146667004,2.78473994017005,3.3511929876391,4.93799885176038,3.92152245136551,3.43361645806001,4.68726996165174,3.66097966201335,2.70394793556065,3.52370782406389,2.47004726764892,3.0721046473364,3.72395292048461,4.21708176931241,3.69663688785553,3.70944435235132,4.26056331369951,3.47793231724803,3.2065084653919,3.58732060369615,3.42538022620871,3.03042676148182,3.15088174823164,3.28119275649449,3.30822252288116,3.52875630723826,3.55094445561503,3.56183872525086,3.61345527401429,3.49423675185923,3.2559199560387,3.45496122085424
"2",1.26135805128145,4.06212396989067,3.2987347405935,2.33496841295439,2.6011895486609,3.80511663674981,2.70488460902996,3.69413762521663,2.48768943255465,3.11321558524087,3.10095091516294,3.40328327821893,1.51030006044401,2.69861512278711,2.68823390941226,2.5237199779642,3.72492982328836,3.30301182624954,2.81795001683718,2.2308707844316,2.39545652456879,3.43018172290902,2.86751676249902,2.80215022893007,2.87333910095777,2.9193764119106,2.21019200566281,3.07441222023367,2.10192953484034,2.05422698624783,3.54829740570364,2.5742456870316,2.23384614185552,4.03346873900155,3.07518380723455,2.81517479727045,2.58178687858285,3.13940812860662,2.83312115302352,2.30953457781517,3.21641453964304,2.91676410745375,2.6184797189425,2.76697545223131,2.59166910434953,3.35977937277844,2.84225749278312,3.40054550289677,3.10136323097301,3.56289974566994,2.58939813168032,3.94039152771575,1.70386145792608,1.7361604591077,3.01492316079654,2.56253615912064,2.16712719412174,2.95032706475204,2.60904769658991,2.53966944905288,4.04251343752304,2.6763814265668,3.13429616456672,4.19763274178932,3.52305273255547,3.21919881896969,2.54016523816572,3.08801821580125,2.98119898011359,2.50419352443654,2.83767308851935,4.55444149992471,3.60889900146231,2.9717335878522,4.24803489190166,3.00050945936822,2.12979807431787,3.1027926214379,1.85774162115846,2.5822660920446,3.55960299031713,3.98980658076638,2.95542573524618,3.31635269171444,3.81247571778195,3.14929703963617,2.5179380355988,3.40235670223297,3.12814686068482,2.857973859873,2.48425279585786,3.06413754625714,3.23533088691879,2.89889358827174,3.08309815560151,3.48333885537063,3.15067689309422,2.81407122318628,2.89266548029813,2.74158712985805
"3",1.17417631829136,4.61870141721174,3.53799367862969,2.30055949763538,2.71149396392406,4.13343115976454,3.21912878380513,4.12308626775487,2.64363954961951,3.49854444788315,3.21727600717947,3.41547121106314,1.81773390785955,3.05439892512593,3.02419338839192,2.50516206037778,3.73629723276162,3.23336414385433,3.44385121862511,2.5718693352236,2.98190672821537,4.25743349056846,3.4325431545801,2.74035931477975,4.06850341452487,3.22239229126346,2.8911741826095,3.59307294697055,2.5196899839383,2.24152542903483,3.70747647374316,2.67810057533216,2.4316416695225,4.71891965743144,3.95054588266667,2.87118776619258,2.8117166532479,3.67562350318,3.40887535525573,2.84551194069133,3.46230324679206,3.47816468839452,2.77935338452503,2.90695280508016,3.03463271246215,3.74266740787,3.09377442801227,3.64157495847062,3.10215475246186,4.19393931891054,3.20399197725083,4.52850560023164,2.25080024446425,2.60583440962537,3.42692316803674,2.78913771270902,2.55328866389412,2.97312156548108,2.7830909959626,3.10965037820787,4.92558875970754,3.04391635682088,3.103348477414,5.13096147860741,3.95293773949189,3.37627771205947,2.79739064316092,3.59474173128415,3.39668385206374,3.22153218916508,3.73371128897942,4.74166277011682,4.07621938165662,3.28783975494965,4.90393902860932,3.17395591589965,2.63310631533294,3.15894109284852,2.66611160284616,3.24286816213892,3.99205702253606,4.07924806865349,3.55712153244828,3.55553054033208,4.2405709787533,3.37199276294325,2.95388056081253,3.25702879701606,3.4094454302249,3.23287997531061,2.62670219403312,3.06361999782631,4.02549084195033,2.75517489236542,3.00737452881557,3.77511254931323,3.94473286064563,2.82610716068618,2.99233719190468,3.04946995776656
"4",3.47924201789842,4.68429649893407,4.27540871937632,3.99467008935374,4.00624115742744,4.6435831657903,4.05229860729642,4.48622714300093,3.98178630136068,4.33698888498224,4.237177362262,4.28164913992588,3.56231628941578,4.06172242489518,4.31774194049072,3.92494072111549,4.37993484285396,4.33464358252004,4.29095242824444,3.98877309704895,4.07650858041731,4.64493057070713,4.38569607562764,3.79509607755671,4.54406805060303,4.41365234942,4.16138950125721,4.47002379389674,3.94563925730593,3.82116464344598,4.31162442697874,3.89264106461048,4.13252310650176,4.627249776988,4.73188116920661,4.16840915844987,4.15348540619803,4.45529715381866,4.32375842656763,4.17103016765434,4.34735650467849,4.35706774121799,4.02201481170203,4.01103280112878,3.99109257510503,4.23796868400272,4.16496555268893,4.20167157582691,4.10641981158198,4.72354091085145,4.24064413954131,4.60479002664636,3.67707833696987,4.22199846284332,4.37788558581956,4.16639124833759,4.14759624629726,4.13513499390717,3.96487957420424,4.11974649871576,4.82428210254206,4.09968320953369,4.13291240261651,4.80081074341208,4.45513314365087,4.43373679845227,3.98404232215139,4.42445159319028,4.46233377275844,4.19668733720643,4.41234681304267,4.85360427046327,4.30110302446013,4.13746741318301,4.87507838189747,4.04829424995325,3.98709738224296,4.18300917237987,3.9396436446231,4.13191332704423,4.5589838021212,4.48861823651235,4.13553930028362,4.3931020768642,4.58097477856938,4.40055981575064,3.96302552379282,4.15128170082698,4.25851475436104,4.10246292190706,4.1008229493719,4.0881499930725,4.49857135812902,3.88389947465096,4.2734879659663,4.47439525470207,4.52367882010366,3.78527431502996,4.18122246699202,3.96732011044973
"5",3.39478651379215,5.38060300469101,4.35955681391231,4.25796512904448,4.28365632402495,5.13483358345042,3.89001855224796,4.7747851396745,4.73746423056255,4.08640991394133,4.63223664341546,4.08886298605479,3.68690543311591,4.04312501060862,4.85969343906835,4.73111897731692,4.42481647154431,4.68335948238105,4.21807341310179,4.5443990993081,4.69262074242002,5.25389672576729,5.22941801569523,4.47394841902652,5.56659315791005,4.60498176564415,4.0463438846907,5.24896218529092,4.42722706570177,4.10511290808289,4.51353098765666,4.12602293483072,4.52710060131843,5.18943138059985,4.83719747090128,4.58412512533409,4.89031029219078,4.32900581181223,5.01418640172434,4.92102411249072,4.91234279947809,4.98787794547114,4.55248286113156,4.03149607655022,4.23538481238388,5.20312095833658,4.69202472986558,4.18786341357868,4.32194647153353,5.09880584346092,4.87679951283629,4.79129420819218,3.88564579798519,4.85166811377805,4.76058728538768,4.72115874601055,4.0825055641551,4.76696870297132,3.84684769056233,4.10542467288644,5.28634635775332,5.04394305277628,5.13988835657459,5.32999254142026,5.08379256562134,4.87608948057822,3.39478994515268,4.9536014855521,4.77560243315579,4.64971399701842,4.96348134286761,4.66264595263342,4.87388109839705,4.53622372871734,5.39131358740256,4.39167865152677,4.3227621149271,4.4955226082489,4.50165725952138,4.71797038634451,4.11956171522593,4.61813443032628,4.37620774904752,4.69859511600622,4.86684205628964,4.90219329462988,4.0517232094159,4.77586535213162,4.49133078836405,4.72950237649011,4.79950878823869,4.10883328540817,4.93661622209029,4.20398420133076,4.73178259954346,4.88508677391659,4.39193304629998,4.42053774611911,4.29231047837919,3.93053141436583
"6",3.53327072943344,6.17064514891901,4.44797082405343,4.60566728401762,4.42064879926309,5.69354006469707,4.15017112775201,5.1503201768143,5.18319384844285,3.9164838214953,5.35535128828323,3.67423939339448,3.91493557729478,4.3339648499969,5.75691768422795,5.18097654215567,4.38968802901614,5.01080344363852,5.07959596451187,4.9959046965257,4.69484667784312,5.91183596556377,5.50280744040908,4.70820936705436,6.75827979124988,4.85569981639562,4.5842392546535,5.76873773768165,4.77161843370447,4.30865621203833,4.61191121778424,3.99607695319716,4.95420537413399,5.31250680940891,5.10315510631717,4.82432451861281,5.60158696826319,4.53975359211681,5.33434070561752,5.28809146465358,5.16860791871054,5.36235072072732,4.69107904970269,3.80134075010478,4.60690861270509,5.53716094702886,4.8149028976744,3.87522374132058,4.71730910223711,5.59671893751009,5.27338679063976,4.71437847331137,4.09638013708375,4.63158601453696,5.34370442069821,5.71167859299193,4.65280459811642,5.05375619521558,4.11222223814109,4.31024374640691,5.71157756523386,5.80582215883268,5.02112344677936,6.13649690924652,5.40613860231609,5.79995169586394,3.79679387615816,5.37708762656324,4.94332157244557,5.44666317719422,5.41524932144371,4.99641936142325,5.33983717701573,4.84038839100752,5.82329745698008,3.983372289466,4.75841056366041,5.13282845880706,4.69709712779515,4.99863694166313,4.72953299362509,5.0374479746851,3.99277967773391,5.01209263095078,5.12143081531002,4.90057747881591,4.61104918594101,5.27127274229253,4.93450861802462,5.13563164928341,4.83007037263008,3.98990891399496,5.01339829532414,4.32990101082029,5.02762667382698,5.6405056197074,5.00780052878124,4.48147122387399,4.61411678862233,4.43544310422534
"7",4.02896251973769,6.79386099620908,4.66280847591903,4.92583048199604,5.23788592202955,5.98458969615187,4.49172584405594,5.7021939298107,5.79869009148264,4.08279242005509,5.54015319771652,4.47073111559914,4.5292003332267,4.26526427601808,6.00326168180551,5.5859341944645,4.28405204763679,5.64837103309668,5.83995427853732,5.14620507576128,5.01331541686833,6.715838202385,6.14583464565506,5.19188897529415,7.8253377990615,5.62941192035206,5.29235366308451,6.52030891455006,5.57321779805902,4.4007760111508,4.836226166071,4.35357038263382,5.08470760196722,5.40533386805478,5.8622655046533,4.84002518012928,5.88679838249051,4.74703502575,5.44831444186563,5.6198753947113,5.98427504823544,5.59436997765317,4.43324863319815,3.83364995297328,5.20073019986153,6.04111024479186,4.75949249089271,3.53816182027627,4.99950828438052,5.99627268695597,5.68640755719561,5.13700157432493,4.90332542856552,4.71586853538688,6.20844297729029,6.78764548159849,5.34670488181685,5.98372528239413,3.92489693328172,4.47043461513556,6.32076354678177,6.63693255424202,5.63874921241915,6.30750235790242,5.8110607327117,5.8446599558024,3.62382626974551,6.00392625683189,5.53210260859361,5.75100791072779,5.76129797514871,5.34952150770703,5.50803009778968,5.03598445603877,6.32890141108769,4.1960501955866,4.92802857599557,5.76705213927123,4.6598740222987,5.34941126289098,4.8893763617906,5.94243325793656,4.07814222743928,5.10711258972718,5.20955869890534,5.0852505764982,4.92949166880601,5.73094142731758,5.49959639684896,6.12934864952636,5.4504907137885,4.13101317028009,5.58495082170854,4.70088575784584,5.70455869868559,6.34435018799154,5.05703385749384,4.60365685753484,5.22459537553583,4.74924016272723
"8",5.30749269285961,6.23925868135884,5.61790438435306,5.57563572783324,5.85688719184878,6.12892297719255,5.60508386999383,5.91706720029978,6.06845968198054,5.59759010045873,5.9688213046228,5.63873824339479,5.52031822677121,5.45812242894619,6.09579695441312,5.84441421108558,5.61777106730579,6.12045405584787,6.04230758168531,5.73823021881698,5.81403175824934,6.43725460324391,5.98356168825315,5.85847739189564,6.58947140733869,6.09789972014174,5.80531578935875,6.29434592032647,5.98311013764233,5.76099685981919,5.7116783021202,5.42301801941662,5.73130731727377,5.92427467150299,5.90068755376793,5.67652474999986,5.92713921282246,5.75908139163258,5.90384891321644,5.91768401904459,6.10450152552609,5.86422781605931,5.49457071757739,5.31600442484692,5.90733414129367,6.17771227387642,5.71071135091361,5.42350687148021,5.75872084223191,5.98202816680713,5.94683700811412,5.74794391618895,5.77070505900044,5.72322174994365,6.11617020869203,6.43337377122024,5.82053127323976,6.04515989164176,5.34371370179583,5.75795245447171,6.21237970903705,6.34610498233872,6.10886701469952,6.14444986381657,6.05980264361865,6.12939280352927,5.26798296469088,5.91555822059178,6.02270926471886,5.93556710952661,5.88628772376676,5.77970055033882,5.8758834468797,5.79696008584463,6.11591333676467,5.39313116702931,5.64580362855837,6.02289705250498,5.67835455328254,5.9638045802814,5.77058996609901,6.13009819643099,5.45859825085274,5.84716370144891,5.88755701062141,5.7808631721339,5.77695775317381,5.82825215657396,5.81978881735754,6.10435416187212,5.88628004634714,5.53474796232472,5.94686863135328,5.6845838124503,6.00361607327177,6.29138777237617,5.69002914270533,5.53958684676477,5.818482019066,5.65296651923821
"9",5.62328805328973,6.55201256463627,6.14280903364968,5.76397281357387,6.40563835782997,6.36712845494272,5.93056728828039,6.04896233669412,6.7347567402767,5.66083186841696,6.37590068793718,5.82363205740109,5.71751292096704,5.95422898193635,6.26962701671708,6.18292972928832,5.65397064455606,6.8646889082508,6.2347236785573,6.37160589564567,6.23108939143384,6.95969192035651,6.00810616926639,5.98041362190682,7.49831891829438,5.85473896624587,6.21885802386632,6.29795824616266,5.90432151298032,6.24712295872574,6.29302281032317,6.0721763103348,6.10735375341332,6.02185649848525,5.96082831100953,6.13998499376988,6.21253135278917,6.36691866661887,6.54512149183778,6.45883788239609,6.61111907330579,6.09894707891316,5.3667756932178,5.33443729019445,6.10117265619445,7.0866868682722,6.7204056768068,5.31588988353658,6.26341347615975,6.25099769565403,7.04878781377879,5.92176690259445,6.38353621641683,6.18152114898019,6.4532920477396,6.61010957087848,6.33638238600412,5.95403975588506,5.82248837900566,6.17426182706043,6.90591740409274,6.42977111294282,6.62252459592115,6.25603975829773,5.97819480495997,6.97757871552068,5.56250979522234,6.16394627651627,6.7531787621679,5.86576167047505,6.51316877650908,5.53073408939654,6.71029538720279,6.21137692939206,6.43789438006064,5.61280504694329,5.88317565507405,6.49612875837478,5.92837268863733,6.89499924063425,6.01608139293268,6.23783379765445,5.87535418640677,6.0684678935038,5.71222027493567,6.5049807750775,6.10725686957031,6.0022731406776,5.73637203651018,6.50796359199453,5.96293200306885,5.6293873167156,6.6281435588761,6.1075755184076,6.8411072213998,6.35860747740462,5.9770481173867,5.88467149790188,5.92720942569534,6.42098920116856
"10",5.42824326105606,6.56729449493495,6.5408798590666,6.76695800954815,7.0603838444565,6.72913038276428,6.30110005530725,6.28683679798084,6.76152044595149,6.31372415260766,6.93197600629391,5.78892347242494,5.56419071099617,6.07331901505474,6.54759715418843,6.50365909691845,6.17647879690295,7.36065814262709,6.10730977531502,6.87448152758466,5.87190398639023,7.53241739413201,6.39669379341082,6.28442414681391,8.28941313705027,6.44335828965683,6.37168847183681,6.64800652375396,6.56740347712753,6.40358934175374,6.61146380883732,6.3900985256038,6.50768665346496,6.39087337327294,6.5997531688524,6.30019035380231,6.15340207324495,6.74235536993409,6.70896584914252,6.92428898626225,7.47172998382545,6.25761271487367,5.81032582991549,5.37343607248053,6.80350552641919,7.03924483773603,7.49349873453103,5.73559035297794,6.27598121007608,6.48206370810051,7.63924686860886,6.34506597080346,6.94553092510627,5.98017543107662,6.92518796556182,7.18482189692922,7.04773296741116,6.4867496824292,6.21933200437925,6.34324962454557,7.38494703422025,6.7873304729639,7.10259972271216,6.54977703157545,6.17963729520658,7.28698660736928,5.97286648077412,7.05255733092769,6.62243665799681,6.78414108159855,6.62445019921035,5.80893459731006,6.44544754938649,6.70934418244744,6.51774284701425,5.56735377002165,6.63042991289773,7.37485308743533,6.58536751314042,7.20565515172889,6.69953877997817,5.93167310272931,6.69110624275229,6.52788792284719,6.32176218394884,7.16706143975498,6.73144590676101,6.19943481202199,6.36498779440888,7.22319205899985,6.63693171684381,6.11577421041081,7.35405020205029,6.40082145111583,7.54032309108466,6.65836246083484,6.15057969534431,6.15041326668035,6.79219043681387,7.16461612071034
"11",6.20311335568801,6.7613254783428,6.81385141922099,6.84725422497047,7.00802018018848,6.6843175312029,6.53219534942006,6.5503208368612,6.87335801885492,6.53596786539018,6.82382635619443,6.4339789682501,6.37169250215853,6.48359111095018,6.66146080986057,6.75051080402445,6.49607596139583,7.14579440954006,6.63864971569856,6.79193609911513,6.25624217187217,7.27250095213045,6.69675309935881,6.61799637816475,7.62017559040069,6.70878917881538,6.68692524184389,6.68892360156686,6.89271418362648,6.62945477362329,6.70339250792182,6.81267272779498,6.84254578119105,6.52363819712575,6.77693709700738,6.50178016372947,6.43001389529969,6.99709030666105,6.81462802357541,6.84091952350401,7.20659295095362,6.57603301977606,6.49420663087672,6.1973685423264,6.80280987006325,7.07142705234738,6.97125875655609,5.99324960695048,6.52249052162648,6.7262314168358,7.23488793142025,6.62453294023927,6.8494639071107,6.39270519576496,7.07956115544911,7.2827349101281,7.02206465404794,6.51327026295076,6.50144317889626,6.6183099290404,7.01103040664431,6.83547471387316,7.0937163830132,6.55642492830978,6.52574024137451,7.17152796561621,6.55761547480891,6.97527914945957,6.71359359081861,6.80379278406133,6.85430380698545,6.09863076513026,6.74948424200338,6.88202903933796,6.68263018232488,6.42476374957343,6.87874448880031,7.29228651383343,6.74345245031584,6.99393351764397,6.88256633864027,6.29123432097285,6.87300334499286,6.56156627400219,6.59414891113659,7.04139718119066,6.82077499017485,6.68348017770568,6.50308026047494,7.04520239259656,6.9074709207512,6.77015690096401,7.04105126164595,6.7285540431333,7.22534027123358,6.63205236163679,6.49304175330749,6.2074567095832,6.86717275073874,6.9814756232584
"12",6.54949293162356,6.91953452962661,7.53058926034128,7.12565302123562,7.24972083575185,6.56539391388589,7.10533468489487,6.74515813680656,7.00354135036605,6.99090994645247,6.8521491465776,6.84179131173419,6.41362940676399,6.48875304040099,6.63434957333504,7.37576636736525,6.41178800993473,6.95901052124134,7.10827984191249,7.57002316141766,6.74820458820644,7.57827337050685,6.98667819560174,6.70756215325022,7.9989770540724,6.67122398042968,6.89405984566242,6.85588619834472,7.19537013249991,6.71429132775961,7.20282788405497,7.2981278347677,7.13847272955905,7.06142586333299,7.50868728614099,6.58785161091208,6.73903386189868,7.57161669423926,7.3566743635416,7.78925319006999,7.46452593466959,6.800637544638,7.12255532786679,6.54934951170141,7.47075881727854,7.85494951557954,7.51547913441249,6.1495547770451,6.71177573448982,6.82467230458636,7.33841011851715,6.71703702892664,7.37346025105938,6.85950333402044,7.5570186542941,7.4323581540159,7.58297730392597,6.87137831056732,6.76042020632861,6.57246655006387,7.39338465947893,7.29108144781735,7.54997140518346,6.88705120926449,6.35131233428182,7.35049933338329,7.12101661866879,7.425553622136,7.62709212424255,7.07332276432587,7.52530641795264,6.02292647581784,7.5155761698537,6.91962329622414,6.64480478003035,6.65581578488446,7.40413433380932,7.78105228615678,7.45052112736795,7.41112854970923,7.3030617018213,6.52114204850263,6.90027805373969,7.18207592293161,6.5156986646307,7.79531673170559,6.90475138111434,7.26511217461967,6.59212218002215,7.26878992154753,7.37375746370892,6.92749683053396,7.26064668069026,7.31937120621687,7.44055050713237,7.01540578406096,6.84851138761442,6.16942900015021,7.23503751082196,7.18391131726029
"13",6.97701413996354,7.20513599501316,8.06744411989026,7.0454693109401,7.57637614100941,7.08598257852725,7.15014309934081,6.85958449412711,7.72631623352671,6.72105583755306,7.04399560478684,7.05140203958501,6.91936929373655,6.56542973257652,6.74338313160391,7.99726053725039,5.92057172048491,7.44365096202968,7.7497583009543,8.28326451207862,7.55943629843051,7.83368048710532,7.01249674517904,7.00731185034494,8.14159895182431,6.78328960320774,7.50533999536863,7.03189416514206,7.60146823463444,7.38663562424854,7.92438757608741,7.68829529116509,7.64205887964373,7.25578409748129,7.91364380161534,7.26806418678311,7.48980043851755,8.1522241625718,7.5156683561061,8.67983226047107,8.23047151641588,7.27130252214513,7.69070197163833,7.1737491227943,7.72130220564637,8.35895654613491,7.21779282834323,6.27032112778534,7.10611023478895,7.63268473692381,7.40463543510895,7.09592064273481,7.82472821892184,6.98865110005933,7.850228587061,7.90200806172719,8.05832903998351,7.37275070606279,6.9251636115219,6.91882632118441,8.01162276616145,8.02391386292155,8.0211071355716,7.27300820245463,6.55856138032082,7.53159508130205,7.14109839328558,8.06660315928833,7.29609784671927,7.9035834700903,7.90075741658007,6.6130543427304,7.67901790952836,6.9135136464266,6.65815073350169,7.53284409237006,7.57254998530679,8.33710535664757,7.67650972374048,7.72492834221567,7.55112164641401,6.84245357740219,7.23532726593732,7.49980872452166,7.05374652311033,8.09649171768805,7.14735717767339,7.60715718541836,6.98354166612571,7.46571264102053,7.91661005048675,7.36219007914887,7.63587841838737,7.6549758118356,7.52461713499989,7.46248228051045,7.15699994432001,6.75689517585721,7.66999652749448,7.40564630489971
"14",7.50891250344222,7.53299472204163,8.20173568077644,7.7658989877521,7.68555337506058,7.20932777468907,7.34805307378141,6.78303284845466,8.0680097368035,7.11378566609054,7.22316956956117,7.18805148281416,7.22385915525958,7.36515671977087,6.66284864494272,8.34214646043804,5.90739554217162,7.38270640497301,7.86974390291989,8.62556067376221,8.17360806723324,7.92702737157986,7.43328780839936,7.47444666420479,8.16338931212289,6.91829399700096,7.87272734865502,7.64526360169371,7.80216519912938,7.9156003170325,8.73981722106676,7.87751887119333,8.04343528619993,7.23836039849385,8.67925927132197,7.81847647948907,7.51129729242475,8.46119519321353,7.97687249060366,9.23641542695587,8.80521649241974,7.85040289808488,8.08136683759805,7.95519786483218,7.40106437937187,8.68465503570752,7.67846273599749,6.33356089862279,7.64047321232241,8.18884772296004,7.18415595842579,7.41375115188858,8.07332610286691,7.71722201840155,8.13064487602344,7.96870215708572,8.10358923467694,7.51092139158527,7.70684285226737,6.59027905037694,8.40781355015103,8.32934680363658,8.3905777725889,7.11222690873992,6.78974888435479,8.06505693879751,7.63140491818952,8.63441917176747,8.04190164768178,8.44761753088726,8.24287799819952,6.7576293560082,7.68106581018209,7.50714543369998,6.46725171658756,7.76366248900867,7.8572095202047,8.45917874804633,8.1543237907304,8.05124773866078,7.98262136213773,7.52239835896587,7.90310317680636,8.17013142095751,7.3858906132412,8.05318151403228,7.7174361745314,7.54311196817759,7.47266623432298,7.60054746253142,8.58909531131083,7.85301271201427,7.40442557105579,7.69742913182207,8.51372043490647,7.67618046968056,7.72701822263258,7.07174500856405,7.96962159670181,7.74433916139781
"15",7.4770950702079,7.40153856580419,7.75758347037548,7.67001076183444,7.55141918466033,7.41182150073485,7.51895009959013,7.15667171223605,7.89331372204741,7.29441152204292,7.51540786354389,7.51876846691482,7.37608184989162,7.22343895208505,7.11705757529308,7.82506755355312,6.70318474188855,7.43086306211438,7.61316283730621,7.90481545088587,7.67300809507032,7.56687734912951,7.43453326168976,7.52311552389874,7.77795862191926,7.17979931413278,7.56388890801412,7.44962015044036,7.56607709019681,7.7232478632163,8.08480469638319,7.69763938732449,7.82265204144643,7.25321191298568,7.96805151512221,7.60808369203111,7.49968942426397,8.03385928086933,7.71989818824822,8.31800979354452,8.06529966683162,7.57859322506424,7.8126612031745,7.41051498915109,7.40148531757061,8.10305558962348,7.54087441064112,7.07571631766175,7.35044837680733,7.87833773111332,7.41581625067596,7.38288543291441,7.86365244964964,7.72177729348305,7.70186988078402,7.58887499924957,7.66442809595299,7.52200280875552,7.64197910579745,7.00591782972706,7.92876344121309,7.84691963991551,7.89661692068439,7.27098008371949,7.10212607921608,7.72751045832763,7.57412940849545,8.23728806843946,7.8363716996021,8.0602895358832,7.6212991818662,7.21209179449616,7.7356001754166,7.38098893596683,7.02547005492736,7.61424818364993,7.50993655251999,8.02704190379114,7.83506085033775,7.81357101349899,7.74153764288019,7.42263062309649,7.72551451711934,7.8048997840141,7.43944685359447,7.71280817500677,7.58627151023216,7.58794240740531,7.68352565070986,7.6354371592471,7.94713810218902,7.66101313304904,7.4502332695517,7.5561507693351,7.95033664667484,7.72214495260381,7.73545374681686,7.23076092370644,7.6595668473596,7.56231997782708
"16",7.3901042230712,6.99999661170253,7.49428754549636,7.27631389989199,7.52017404859789,7.48841779960013,7.74813988234697,6.74383321845874,8.02233239802463,7.0020159717101,7.52292061210311,7.1212431782179,7.30312569990395,6.75007275593787,6.71419398098257,7.46255358789907,6.53895003182621,7.46391889618766,7.57748758994749,7.58019238918638,7.94027307770185,7.65528723526792,7.2839095501931,7.42579256645185,7.60409960422336,7.06968519426952,7.55885870967953,7.48398171932429,7.23832782872543,7.87016809910371,7.73455929226778,7.68069343715072,7.86231551495965,6.81801268650221,7.8315445731327,7.5922985174492,7.31370164518904,8.02432581811826,7.42657362068997,8.40679296067285,8.03898051150497,7.19424624091745,7.72206083744408,7.48875858108145,7.60109080396755,7.53262279408547,7.46049949025129,7.24098220054126,7.40011599567556,8.01456461289624,7.56363771041874,7.36456680632693,8.15450989465446,7.49282830372625,7.50857267408133,7.42771706167878,7.53370369837932,7.38308268681689,7.5102830340299,7.01952849346515,7.61844718477213,7.62442322634149,7.98052359963171,6.89692239042677,6.9507116234413,7.32607964313239,7.15289806286595,7.8371512158423,7.76456189844753,7.87022860298022,7.58423178341539,6.8275687932814,7.48656651363432,6.90818795680739,6.55850708198855,7.3529600919989,7.02110726591561,7.74340798263288,7.68261235401351,7.76830299205956,7.6451759474418,7.09054684000191,7.12625797628329,7.67333746467073,7.24040350639489,7.55549981802169,7.8661682179598,7.52548520581361,8.08931722143366,7.58150615633803,7.91435950403174,7.48963995837626,7.51622396221809,7.4570027411616,7.73906384974891,7.7259280273715,7.64409284235396,7.27020866954477,7.58359800107938,7.52775383079098
"17",7.04301007869362,6.80266039311328,7.16497924070679,7.18322341910531,7.35251005289315,7.12394564320074,7.38550408247447,6.45612358767653,7.79491627782755,6.71130964222116,7.29454586331692,6.95387130481052,7.04862775317621,6.37947972476218,6.40359891029437,7.21144367254255,6.29027921715761,7.21635317790433,7.1675217854428,7.20143025908698,7.82708616140367,7.45124912979455,6.96130910432903,7.21343889755766,7.36302488171494,6.8481696966854,7.13540873867166,7.33260923099893,7.08580170766151,7.58766159508271,7.36292579570153,7.49971083969941,7.5222048559843,6.52520271657113,7.44872703275251,7.20777677821655,6.91611095935958,7.84150576032083,7.0622732406472,8.01298211368705,7.83929645442981,6.80719516667293,7.48122918693821,7.31177158416001,7.28373124840863,7.18386528897435,7.39321247786318,6.86080017355309,7.15681373009917,7.65851127935245,7.21710456059196,7.15714418785108,7.77853491160545,7.06227089585494,7.31248503040222,7.19243778203733,6.97420976309281,6.95630935385541,7.24110343922768,6.83292772239594,7.2172157967905,7.2560374717972,7.78413893590212,6.56941371134489,6.72038501090387,7.00891999658239,6.84030376810433,7.66790386639915,7.35125897233278,7.59901954061499,7.16436868354143,6.51628714305578,7.30933648234174,6.75102274681882,6.37973346311419,7.14576029547004,6.97837974996147,7.34884396292191,7.36939734830795,7.67315262480827,7.36560316606719,6.85708842940484,6.76313572848449,7.31223583323231,7.08775633731269,7.1875281225483,7.45817918707409,7.2178895905636,7.84904831287578,7.34433449885149,7.64557759897761,7.22387334950102,7.2918960943694,7.19622404236708,7.50215050085597,7.54407751629186,7.46029587693313,6.99288635020968,7.19356652547683,6.98504528541357
"18",6.61973965248278,6.56901816569317,6.85342399443195,6.88712944167687,7.0015524972997,6.71789832872826,7.09295617906145,6.31225795139298,7.31752146326393,6.61238837881453,6.90810710310807,6.84317371344489,6.76670388111749,6.30547367697147,6.22287325573131,6.95203147897496,6.17774121567443,7.00327555336802,6.83821592315866,6.83258172928459,7.29276441548444,7.10622234632693,6.64887243267599,6.82077324607521,6.93810731855022,6.63642847768056,6.83802357991294,6.9358889086465,6.88401506315839,7.19769315149743,7.04477424420396,7.0787417417246,7.11874299793387,6.37829892918793,7.0028465476564,6.93376524543508,6.68671393936946,7.27039852771195,6.88138986640412,7.62698748383812,7.22359118404801,6.6079519106528,6.99743243493477,6.84668513738625,6.98441220615347,6.86061543767858,7.08928642962105,6.5393315629659,6.78914932044527,7.29861384096731,6.91509277440399,6.88131547263901,7.2674312486237,6.84260210021378,6.88600354716016,6.74882186665109,6.66865616766984,6.75327712213997,6.90707991696807,6.63144043358604,6.78943517831074,6.83569353625776,7.21208286818418,6.43714671158703,6.49137472914878,6.77452882909097,6.55578930110824,7.22896138502148,6.96668148276282,7.1101682681344,6.81075259952694,6.38674829630766,6.9484769183952,6.57953349189896,6.32528742816255,6.95821251298709,6.5958568845457,7.0538884964777,6.88440451758965,7.08188985880084,6.87998463708241,6.58916408894905,6.56434398416109,6.80945650930628,6.77291750850284,6.75310798642874,7.01813581877998,6.92989856273026,7.16395007852154,6.97507965303314,7.21443428024026,6.86144822432238,6.95127297595111,6.74598552743897,7.11283420679875,7.22720689088176,6.95167454684863,6.7355992394429,6.80689606129131,6.45053248364496
"19",6.41080667511394,6.40043438492323,6.63841649479283,6.43580699403991,6.78098103829614,6.2773757165231,6.96650514586801,6.17790327664244,7.08937195007997,6.23718141487448,6.80077969463899,6.387453164217,6.61639402640567,5.90961307540871,5.84999956685598,6.60912219473977,5.98415911127421,6.89117904559156,6.70214818467488,6.56774179074223,6.94591532698707,6.88280108310114,6.35801026043097,6.60451268540726,6.64130662657093,6.52249031253623,6.66134566141947,6.53946400493229,6.67787390494779,7.06443117355352,6.982636363248,6.78364551302842,6.81218414437968,6.16113795095496,6.6620466814242,6.60161219161667,6.48402784735349,7.03194875837567,6.41397472230321,7.46469674046078,7.00528764454473,6.32976533503068,6.88138529954479,6.50826603323764,6.80116166911109,6.41542078175399,6.96757191661082,6.0564490507512,6.51439662751304,6.92730330729206,6.56967353289966,6.6972140843396,7.0172681828827,6.42442364790701,6.5204857492531,6.3003767541677,6.47602446031196,6.62586935820507,6.77029858461912,6.36804706958257,6.39121364855734,6.38746439091559,6.95873882104331,6.17951344687068,6.22874675961088,6.54599336675567,6.38962516852126,6.85300204337931,6.64853577864858,6.87562155918285,6.21164629673457,6.28587263048945,6.65471097455784,6.42807845959733,6.01028206363448,6.73995554888622,6.35791913070298,6.66093494233681,6.65291949035872,6.67267160610713,6.61040051591521,6.35057208280815,6.39592036869377,6.53037648054299,6.38545914617664,6.32781854775637,6.86470630690608,6.64541781638685,6.87490649283578,6.87410851706106,6.89136766023669,6.6616735645521,6.68974462377082,6.51091209904805,7.13115568637006,6.99198591877215,6.56104715719787,6.36335083239793,6.39187239459635,6.23879446759346
"20",6.03920817195163,6.08237080452278,6.3171706237546,6.22913615794905,6.60665912933268,6.25006684324719,6.83633890127698,5.64809326719798,6.84291969513917,6.14338509951573,6.58267693535875,5.85809507022611,6.35514842729453,5.50428168733277,5.53659843358299,6.27160632613959,5.54203081943386,6.82405731571679,6.40314051994207,6.14315615450603,6.61471651377533,6.61209800941126,6.15028179562538,6.19970347929237,6.40212178213354,6.18386721495136,6.31909493762796,6.42387437362794,6.5232167449428,6.64781280403054,6.78376394829125,6.5950479692441,6.60824125043927,5.99813574174293,6.45641848570245,6.53457087597124,6.28417935104958,6.58708514357888,6.08929937180923,7.05843205558711,6.7565178687867,5.96841362222631,6.53289136916678,6.06275947458749,6.5906175633405,6.02925598124083,6.81522140428122,5.70205894655319,6.22882669965113,6.75653462615448,6.18461549370286,6.45053423131622,6.7189048227442,5.95048480969388,6.1791833242517,6.11451504180719,6.4247859475739,6.46030161339651,6.54539005051611,5.97592875025024,6.00887833341123,6.1297937958657,6.64524693756203,5.68543670878475,5.82559756116,6.23566262201266,6.23069727608988,6.57021913524372,6.27249819264184,6.47538857900099,5.86674538696645,5.97260237349064,6.4626891986087,6.21915344778969,5.65130651899011,6.44659501628844,6.16752639121275,6.43837513008952,6.21736760788032,6.33647867803544,6.26030325939934,5.86883449876686,5.97643368865735,6.26019249630882,6.03216133273477,5.89675537773812,6.66724305217367,6.49027882936096,6.572266189799,6.61751029157347,6.50851597624732,6.44762036317653,6.34833716764821,6.19078374251606,6.93805451470352,6.75569406080893,6.22705216848942,6.02934487037175,6.18376879535296,6.02110983632598
"21",5.876329269272,5.88302229258191,6.20693158096703,5.94796744307895,6.38213346954405,6.15567318119043,6.58405687948675,5.4885945326509,6.53518880622478,5.88542606832922,6.32689031205969,5.92456193494005,5.89567875736869,5.02215688373795,5.38323864666051,5.82029734167931,5.47105200458469,6.39880261201611,6.34788404505271,5.82896876626387,6.516616731971,6.42298940966191,5.87551290437572,6.01194893969533,6.13792041087183,5.82529130372409,5.87364663581194,6.22255605636887,6.35483966708492,6.44041207418636,6.51147391616806,6.2627111519297,6.31904771097441,5.72244225142703,6.17157216036547,6.29425062802244,6.0328388877123,6.19984299766008,5.73752947775657,6.63529811759278,6.46766634767558,5.50276117991861,6.38325516357078,5.72388974129601,6.46546393677686,5.64612973373726,6.56503654250252,5.51054191716589,5.95066007781614,6.46539652062908,5.95797755470696,6.28919440473423,6.35482435357629,5.62600449002635,5.91027722738167,5.81242891668016,5.96229559623358,6.21520797571916,6.38901334247132,5.58891232110023,5.72534764686151,5.83099862761936,6.4531643505205,5.52035287955035,5.38643180443988,5.89129118448965,6.10896477741496,6.22210062162416,6.20551199848633,6.33438182700914,5.68327289696093,5.55162721333275,6.10919197128474,5.88244746043498,5.19821223050189,6.38972700836449,5.93885956167117,6.15345555525919,6.01856460660234,6.24707951342228,6.15063559839813,5.54526509526172,5.77021489473645,5.8693422905489,5.73240198922622,5.67721969002696,6.53813234191318,6.07792883891918,6.30540005049899,6.34588514190357,6.11405063210306,6.08817631924533,6.10622327950052,5.8763881334713,6.64177646594647,6.58430979602094,5.95139178481504,5.89366943152492,5.76835535668587,5.78339040430457
"22",5.5584696455592,5.63883311089511,5.79333521053787,5.72164175174166,5.91804513831434,5.74759957814091,6.15831175389709,5.32805551096864,6.04328761962273,5.67056559859271,5.83531189634027,5.64228051441052,5.5501576500402,5.02385486892255,5.28012039888074,5.60170172204375,5.36402780846925,5.89261120305213,5.96587944667268,5.56244607013173,6.02212065476141,5.9233653331605,5.59920257781307,5.65154123718406,5.74445067233984,5.55139874870623,5.49968334931535,5.91883636013545,5.97923283098419,6.07852957578177,5.98527036685283,5.90875693254328,5.93316460527297,5.59592032482866,5.78951877162759,5.9939143945387,5.6768112266444,5.7249844319755,5.5271761237268,6.1159766001744,5.98128160961346,5.26744026123567,6.06213365327859,5.37517706700294,6.03939048248415,5.58973702792019,6.13959445056256,5.38967917942515,5.74464924911003,6.08444741394632,5.67639434549402,6.0265240397571,6.00125571236573,5.42916004401358,5.62195415206268,5.62550228060237,5.63052021795288,5.80549370479829,5.79735583327673,5.50232851341734,5.33853689025775,5.5801454334407,6.01019923440468,5.44570741268072,5.30739977552366,5.72532019290627,5.6875271449701,5.72494906008755,6.039069896319,5.97089726815859,5.58926757493641,5.44731337346291,5.82113297806097,5.51916587589613,5.04135714021826,6.08544491040756,5.69541810805053,5.76662870833186,5.49291520524345,5.82844941793841,5.78638883175422,5.30782020546833,5.58498868670476,5.53538376780409,5.47638233766087,5.40359202439383,6.00741651139062,5.61365367381075,5.83121734285545,5.94751426747598,5.70006235498656,5.76588016811654,5.74117320961649,5.55462989743668,6.04163130125599,6.21096656950914,5.63349660611746,5.73227001507322,5.34558140474324,5.48473575721463
"23",5.39472248196381,5.49490932683546,5.40843343858971,5.52813138375302,5.70642589799926,5.53464103399156,5.96797076630277,4.90045329359956,5.80416299001075,5.46888561477036,5.49338828156336,5.37809102420982,5.28779851795306,4.76147033892611,5.12365076917173,5.21858749936264,5.14432815175402,5.59070368525756,5.70266844288892,5.31582610201981,5.63100600366262,5.614293801714,5.2996001840919,5.39515343539037,5.3953227711485,5.48980582938878,5.26487207327569,5.68679300944767,5.69515840730033,5.76333043868995,5.37556614222302,5.52385781979444,5.64067542100145,5.50391166385588,5.53607213361285,5.75027817456492,5.33330157273617,5.40434006726458,5.22278310066872,5.82859332422861,5.56911872520341,4.97613873772917,5.86676459778193,5.25731623625364,5.8086435506975,5.36751535800334,5.85573369449949,5.19128957500852,5.56407968432263,5.86295592049534,5.51745126870297,5.66404036444672,5.72264705170213,5.12326973887266,5.27799837731402,5.1903702863649,5.1363482550646,5.5558044521825,5.48087987319467,5.21940942309859,5.05291342782293,5.28378822688155,5.70362109792037,5.24499378991198,5.11531776764441,5.56705363496789,5.51927279238065,5.53089693198833,5.77089819906752,5.69777439477966,5.24655199935419,5.12211712737662,5.55276536808915,5.25769873337543,4.78885309377349,5.83002446384742,5.39699110962416,5.49576485541131,5.46868460933737,5.42182986165773,5.45050477922687,5.26856513005486,5.15385479155366,4.95519016703038,5.19843093335951,4.96198710773086,5.78289335520865,5.28354737727363,5.40354193720039,5.83015293852921,5.46201926874182,5.60173574975209,5.53170326493231,5.33648728499083,5.87822811827702,6.00418241411905,5.38816941771626,5.35827601601849,5.17870802146416,5.20856847124813
"24",4.9536543858819,5.3475039238208,5.1698599945113,5.2171079144945,5.36900834495323,5.28036898884665,5.46209799310557,4.65575395738878,5.5218644680952,5.19046175178471,5.10642276164035,5.14107796070552,5.01409733543956,4.41204925740166,4.79245243344776,4.9855813880877,4.7888647017335,5.39651932451657,5.43887669143272,4.96920495851475,5.54544037517151,5.57121925218026,5.28839245596998,5.06363353272326,5.05246073758721,5.61074305016757,5.0054803688378,5.35545034060516,5.4759148744886,5.55581311995066,4.96566797339692,5.34221011323252,5.36922130799294,5.20313460478153,5.17677910812718,5.5065201226486,5.07710380890651,5.3249495682114,5.05769163326715,5.74375229214786,5.47581244959423,4.91227040026959,5.46307580647181,4.89601828066393,5.63767226162461,5.13340087504327,5.42108068938789,5.04057289996896,5.3185568139167,5.57704070428059,5.3018879718467,5.38508335438074,5.53902269139875,4.87005750719148,4.93444333690262,4.89051770184261,4.89065071713585,5.36403551783365,5.20265585797543,4.83931596583213,4.49942516291354,5.03498687694054,5.33296690689002,5.11546802214969,4.98243631858602,5.09611391269425,5.44248584850103,5.4135158141102,5.50063099002241,5.34931600296044,5.02443833102817,4.99161931907802,5.31555942468872,5.22692917133916,4.57417603420444,5.54544504139004,4.98442977342862,5.22108319113252,5.17486000050649,5.16365780105698,5.10606673653875,5.19128813743801,5.04130165544386,4.56976034194142,5.07359686688089,4.55532630839069,5.33538434235066,4.81004227015048,5.14489377602926,5.649581366875,5.07575793541169,5.03804619994474,5.17941367512223,4.8583918138874,5.6601451378124,5.6986424688435,5.38955000311054,5.05671744511842,4.76162481818864,4.93304070687995
"25",4.79368823178951,4.93442307578877,4.80141904569429,4.87770547322216,5.11129807921286,4.7413399895187,5.11303066036808,4.40867037490264,5.08404407697022,5.13637040361083,4.79459075255248,4.87480172434954,4.74920247267864,4.33814691265004,4.45336062623436,4.79492806739071,4.57569739642685,5.06693670796592,5.16881216475921,4.73863803876948,5.11493013611395,5.34456655373816,5.0009855617656,4.87311789456986,4.80547168473303,5.19164046585575,4.82165456788561,5.05625446597025,5.24092663577143,5.14865452177343,4.78136877592015,5.11972395013314,4.91523709646777,4.98234997230218,5.05110356757316,5.20274948926261,4.69158595776111,5.03887527996537,4.82269046489705,5.38295663746076,5.14047086935955,4.83757424410789,5.0045760733933,4.77245347313912,5.32187456508288,4.7957668276838,5.07778675407493,4.769853273161,5.09936523013292,5.20966628417535,4.96429506647216,4.95761450558706,5.12375943834027,4.76325931027861,4.62144282438183,4.49518007083349,4.66086973195433,4.85574739355894,5.03759798570506,4.70596941765141,4.29432938123871,4.74817725694793,5.00028804463737,4.98782664524084,4.68843670782205,4.6876805670128,4.99091794282649,5.04745952515262,5.18670743966723,4.99761671737272,4.75692484046382,4.85330666474441,4.846905421051,4.94742278211606,4.38959303745089,5.08253702069173,4.74579170281914,4.98653185613457,4.90456055643877,4.90693166576352,4.84658220175293,4.98800136661495,4.76803025332829,4.5170388732152,4.70222819028347,4.35226264942036,4.97810049693512,4.55532439835847,5.01766745531386,5.20177128550774,4.88256017497843,4.73259465827963,4.93340892255415,4.60574050914898,5.31677524573097,5.30536521280117,5.18002352654328,4.64863866022087,4.49806305500325,4.40374107901815
"26",4.58352770123619,4.83292565646101,4.47680622495848,4.83038149536818,4.87646989847051,4.47060538385395,4.92617406303795,4.1274010881639,4.78087096335493,5.08050610185153,4.46354394506287,4.47748946379301,4.48616428598087,4.15752405094416,4.15337738806882,4.70680543602747,4.35384724473378,4.93265394180762,4.84113364648595,4.49759324928939,5.12267585102832,5.10737953598369,4.62849078717222,4.47487505945071,4.58331687374581,4.83506693156429,4.62526160528833,4.81263518168958,4.99886781493809,4.83741105416559,4.51819415173019,4.91449812395345,4.55482698850274,4.53698578271832,4.84805408774632,4.94862764715663,4.32259479588035,4.64258132261874,4.38589199081147,5.21366493136238,4.97970957976979,4.49886754335483,4.89470483189772,4.28784582554009,5.19473803451069,4.43522287648201,4.84406020399795,4.60639961554673,4.77050379229907,5.0871929481832,4.83382107979572,4.74544323417249,4.73976641982097,4.58765040124346,4.52367525688054,4.22817067353068,4.40745208693115,4.77184083889238,4.5894860490843,4.55279167978854,4.08770995792265,4.54230794992626,4.77416939712729,4.57340557877944,4.3692884021941,4.49078413873401,4.75798842561909,4.6266319461607,5.05729203303287,4.70769267235484,4.65613273269598,4.72216424384559,4.69610076260322,4.55832981467131,3.99551630836069,4.79077651795129,4.60260833040301,4.6601118014789,4.57202363090908,4.5492452903779,4.70078817515979,4.80923343712578,4.6678800820036,4.19578752490506,4.35738521949476,4.08441411863207,4.75660360575334,4.26576580192184,4.84976739824141,4.98451399191039,4.62221424377381,4.49821937603377,4.69187609037273,4.24560133144233,5.06434219026831,4.77126734181469,4.99924321842312,4.46822917384489,4.16291413812729,4.1495324570587
"27",4.11146034707424,4.61421781622434,4.36655088017549,4.54138592587055,4.64680192387066,4.25205082684079,4.76376769920467,3.76649349359358,4.53594398255033,4.73019013927555,4.20559352173482,4.17827544525204,4.32368366482218,3.97318950417444,3.88134051783919,4.55107078143156,4.07032467605795,4.83295569853935,4.49801913377205,4.12642622147437,4.81947972363172,4.91155161404888,4.22832960868458,4.30169318609468,4.37511263487028,4.52816189665204,4.32294457850171,4.78259295783077,4.80119748932496,4.83053892880099,4.17106855160641,4.6107286200925,4.20003681102895,4.18439042316757,4.59319521317736,4.68458766526714,4.0924040646147,4.37670831355257,3.92858172127405,4.82639264968255,4.86838228911674,4.34916665946922,4.60284738672446,3.94034219321819,4.79627300599352,4.25409471254747,4.69084897958398,4.41530521630494,4.48296925110345,4.74831513849031,4.48308889638727,4.47613038367059,4.58767931753775,4.21926583334407,4.17491541135248,3.97904668724355,4.19782192972418,4.5666331213736,4.39404821108061,4.37304610009528,3.6098115145164,4.11716675100088,4.51846030068094,4.41265222239113,3.96502690968462,4.08861853316318,4.51550161576253,4.39331226837474,4.69292577823808,4.52588107361456,4.36628694963375,4.37311084867062,4.36986020619489,4.12490330422008,3.65403970113139,4.69208690543899,4.21690346419346,4.38523080179948,4.22905418662048,4.06141264237636,4.53331555566978,4.53599583756788,4.17766041646998,3.79213682668026,4.11141145602717,3.7007516806995,4.54845892646529,4.05824273790483,4.72274174353952,4.79491822994752,4.23124153396337,4.1456177073547,4.48456140426748,4.20831912290108,4.92577690647239,4.39432650736,4.61832768013958,4.26976744920056,3.99460038542608,4.0424326947142
"28",3.75673300212272,4.33217298824761,3.98235829962257,4.45779853250923,4.33970679308576,4.04669995747597,4.52073771014613,3.44889848500426,4.22052481179754,4.53511582734212,3.94135974483517,3.92908783009794,3.89488570390452,3.59781768608843,3.49871708460423,4.40932401207473,3.73932290309283,4.50587733972685,4.41715046088555,3.81235435188156,4.51714486995261,4.74395220814183,3.99185439621113,4.18773976816211,4.19015690433015,4.16443095956927,4.14012373631864,4.61473502887441,4.61767570056046,4.72242270455233,4.01849484011021,4.28701395194487,3.83396418064403,3.91481804873186,4.3857293997504,4.37263081526816,3.95648996210221,4.146515925593,3.60902018710803,4.50697314757777,4.54444541976198,4.04417254596821,4.44720572174157,3.69746056597029,4.65694465052864,3.83732552492759,4.48681945727102,4.06108482372504,4.35126769450153,4.28444492039591,4.06595210529058,4.43923806957141,4.29994617148126,4.07858514145302,3.9370764502535,3.70076418700439,3.68318985136942,4.15057658455563,4.22467146298659,4.05020249896581,3.42763379441881,3.95783029195697,4.06485297215777,4.30039197754267,3.46453072630066,3.79558750320183,4.35893229677469,4.08886505534713,4.32315355380499,4.04952948121745,4.08073593314113,4.06137817761431,3.95568517021745,3.77537112210288,3.85165622059796,4.70674927010235,3.79758296653768,3.91870010151929,4.02114586145934,3.80935339793784,4.38520271872892,4.27681530019726,3.73913452031682,3.50870618759148,3.88067199786609,3.41225776683522,4.32468983595754,3.95150852717531,4.17668466486663,4.42551824698022,3.91471905482027,4.03751257618495,4.16629339910647,3.99552618157591,4.81104083076485,4.09855483246281,4.35857627130414,4.11799664068068,3.6360732657402,3.63251429317404
"29",3.86793818096074,4.2025807320108,3.89327054463465,4.18851622390086,4.17717882213759,4.02759234936865,4.26506466686308,3.50487351332339,3.98033951973132,4.30631122641764,3.86249677530157,4.02026193294546,3.76236943424534,3.53273653823084,3.55146543704026,4.25557724245967,3.66274488786352,4.33809863537024,4.30895707632647,3.73870982283106,4.39307116128014,4.53730481510778,4.00331475277151,4.01404621029378,4.03444574321827,4.08294783666301,3.91238227429881,4.42614056759369,4.40156351905121,4.53064558280155,4.05974436028346,4.10604492159257,3.72222094594669,3.88670785944164,4.21987496635305,4.14162730492302,3.89598563323665,4.04425962646211,3.66047923272689,4.37221352564119,4.10863315527456,3.91255641933974,4.35365346263817,3.62661499353824,4.44188404221488,3.79725777734114,4.29218453103678,3.89061166027923,4.32210620575565,4.20117256430371,3.88205471267999,4.24150829192408,4.11504588257904,4.02252440115591,3.84499644071688,3.73966175808874,3.66163685588935,3.78056832260338,4.02528556725289,4.03404485356538,3.4417845831787,3.93533293469362,3.81406056895841,4.15290105342307,3.56130651333164,3.84257320737608,4.18765377193778,4.05868224083,4.15305652285094,4.02187656622479,4.10377130779178,4.03517791868885,3.68211338924616,3.63608095218861,3.7506102514747,4.40391027599162,3.69390055104046,3.83490198619562,3.91475698492139,3.92622266423533,4.20092246310064,4.24895941337082,3.67803998505196,3.55953820303304,3.90115364773624,3.58475134376913,4.1395154678373,3.90243207145673,4.00920630151609,4.20064211272394,3.89696096324316,3.94919132472598,4.03339506812702,3.88573235049233,4.51344970330809,4.02261284097562,4.1642600894059,3.95515480183398,3.69494342457437,3.63103970499279
"30",3.62872473645647,4.02379108602019,3.66726188586929,3.90038430797602,3.96598572703482,3.64094588701842,3.97561411102261,3.0549977061724,3.83112315749044,4.00002648664017,3.43094820486442,3.73740393071589,3.49366696907556,3.33460642932031,3.44642782927829,4.10034575421316,3.41903157000595,4.04856115883143,3.93315595227691,3.37450798086311,4.25473697725574,4.15805938348346,3.69645039199078,3.75693962069469,3.81661437660034,4.04320728109658,3.52130058617515,4.17226022761429,4.12064430301369,4.34138069381355,3.74932978377998,3.85017064048492,3.40862812130879,3.56676795688385,3.81552302301349,3.91267629993775,3.66140740981804,3.75196356365366,3.39465338013995,3.94784252511942,3.86615963163633,3.68824847534851,4.18242049379777,3.12653523915192,3.98747896397332,3.40799648706159,4.21471842011618,3.6058440714073,3.92960571619106,4.04236589561041,3.64782854578466,3.96886010604844,3.98911494201672,3.8534371804714,3.39353094293415,3.55418423435492,3.51910459959777,3.46828939672103,3.82969969436496,3.90468944048136,3.24791049405616,3.58149645478553,3.7023500189578,3.85506031829497,3.15564761626933,3.53714844924068,3.91986582792635,3.69201501324598,3.62925259419248,3.78689274083515,3.81422181499817,3.83242514722069,3.35887811348752,3.4439170262502,3.57675001421743,4.2647949851432,3.37869232342198,3.61619196540605,3.72126253177033,3.79364337840471,3.87989473723052,4.09499256551852,3.32123579003267,3.07672091268773,3.5701897257256,3.22364212958379,3.82418693423667,3.63030562019511,3.84831783821606,4.10344221018348,3.37800946478279,3.76088669813821,3.94478785934315,3.67118526978891,4.16017132909667,3.88366749770418,3.73931449098996,3.65238667953607,3.43050798290462,3.464553151004
"31",3.64738158907587,4.05597405190103,3.70999011195602,3.74576578235993,3.98875723903229,3.91335134899701,3.94961968162195,3.11408405046394,3.77572410757523,3.92649729279951,3.48403329458343,3.75758463423143,3.55157653167414,3.38576263010956,3.62721864538114,4.06904992559925,3.48416454476253,4.00239632542648,3.78954729503774,3.38468416202093,4.19517561883987,4.12031553088064,3.84537719029658,3.81756603923836,3.69219892330283,3.90531313251194,3.60633819086533,4.07360173430871,3.94983773845157,4.02584316375037,3.89305656790582,3.8343403634994,3.40639757334154,3.6284106070129,3.85368578013408,3.93561138560242,3.65288580391969,3.71282519597384,3.44690340387375,3.85745263736704,3.98698340040535,3.70987237215427,4.13161776605001,3.16238737924509,4.01826444240699,3.42397375922655,4.10020112094897,3.59423031553165,3.97927444366399,4.08132835517332,3.72978492672188,4.06325441001678,3.86389876486228,3.79316330762116,3.22179140525989,3.59116932712277,3.58869275947016,3.70361923469087,3.8342015006046,3.86873962949421,3.2712429908196,3.60821516208951,3.8696183929446,3.86345479135396,3.411079594734,3.50495840277684,3.77799611833552,3.72252041023466,3.75337351588571,3.79680065476449,3.77364776135656,3.68644049101257,3.4169327463161,3.51582120524394,3.5301595738368,4.15726432631931,3.57783056209443,3.62539635383268,3.63325676867193,3.76799868443424,3.76013978651253,3.87709891424577,3.40134592663654,3.23762315031354,3.74400510380062,3.39019572628132,3.84478846689745,3.74422989906747,3.97241902461352,4.0144877271558,3.40004587785827,3.83260796776394,3.98265029142539,3.68612903381292,4.02048778243556,3.78933357363842,3.73096999083603,3.57414932704457,3.51006592420465,3.50490763898686
"32",3.44374405070635,3.92822940162406,3.40280404845128,3.52822119633864,3.88631378551495,3.82011839106302,3.72335110866768,2.72159920823763,3.50560125903213,3.77365681637211,3.05892380684386,3.48786763550379,3.40441865470626,3.11359490817068,3.53930937067175,3.88903728812936,3.02666941818843,3.7613497109631,3.6825562990481,3.28817733720896,3.77924252408043,4.08163961945239,3.51055254768594,3.45448895243682,3.44225976922016,3.68560934374562,3.44542404868449,3.90751531569766,3.8891083834633,3.64879737131565,3.61606687582191,3.51159530574958,3.3485709796914,3.40754875148878,3.77739469595092,3.72769556286761,3.50355644750409,3.57843516205201,3.18388066410348,3.55169103956126,3.78124407983141,3.44204255493194,3.85440499499324,2.9661947315018,3.75149952908956,3.02223532030589,3.85916292373024,3.45200701342258,3.77671604112092,3.71619569117974,3.34892754151778,3.90634142142961,3.44180438009114,3.37292094789144,3.03044679934729,3.4150965637742,3.5553531010107,3.53628845945425,3.63600724170082,3.60448810373524,3.18651282026843,3.39940299836282,3.63230288655015,3.84022351534102,3.43315435550379,3.25677254987597,3.28853122142156,3.56203182717474,3.50523710986236,3.53665637404736,3.52857488140473,3.4614255976597,3.0825862904887,3.24972645058608,3.31030622769683,3.92169732271622,3.37031355463323,3.29524739089872,3.33714374400612,3.37566595354808,3.45702305730542,3.4698319712739,3.02730194333147,3.06653552954908,3.22629022201114,3.19068491596683,3.69784070078307,3.63165699495669,3.8498981566462,3.86211042885281,3.21992115954755,3.54051713932092,3.69077334639605,3.46112127971042,3.79116663854428,3.5762400663165,3.49408667489351,3.28273502888597,3.25806478721793,3.145675731474
"33",3.03447220371784,3.68066193090443,3.23909146632899,3.2236456047832,3.51913105413359,3.63488136169504,3.4252257133806,2.48358067109312,3.39182226311924,3.42644569293626,2.83557110372506,3.35856824746857,3.15820195289925,2.88338490544709,3.27603527932654,3.4977129422107,3.01099445771258,3.53497576961924,3.52432588757961,2.84204626632918,3.57329422834664,3.77449603719311,3.26815769863834,3.10105705182224,3.0276687179779,3.40980405046488,3.36009696537623,3.80044385235792,3.70465780631637,3.59992375033367,3.36590890802715,3.33427258711474,3.17301289316263,3.24059060337318,3.50792446654776,3.66978001502324,3.12492959776999,3.63493404619188,3.0239953661785,3.25641534811841,3.51854685877933,3.22353315401533,3.76606613971285,2.74010576894865,3.51982482608616,2.92944413147183,3.58212144464773,3.21245926522034,3.46386561327526,3.42284762475973,3.15748702096404,3.44805636124745,3.2426088980673,3.14391816174315,2.82722984195242,3.48848738610351,3.25384804655625,3.3481136767016,3.27293315837367,3.49427571148323,2.9282639762826,3.07613772463487,3.37083071662439,3.43544060477477,3.0497902173474,3.0127875815803,3.1946781225102,3.3071435090775,3.25714292929712,3.32470597290752,3.23756609139321,3.29887837935998,2.73583960142247,3.11758461398175,3.06652340358112,3.73808527525973,2.97473428840196,3.14284885219032,3.12572813300359,3.12037247582091,3.26184704026912,3.25747307998624,2.84820790963298,2.58702446391164,2.9368225033395,2.85176877769034,3.43657972140416,3.27692662551088,3.54867171210143,3.76211444800578,3.11923153958722,3.25768647448812,3.42877539933283,3.27341822379131,3.72990442547994,3.21004804649451,3.12095523091444,3.04269195037791,3.07096919366945,2.92815880872982
"34",2.7359323598668,3.44072122968111,3.10852559131584,2.92532215145866,3.35395712809362,3.2762313400881,3.20321688840263,2.46958574025586,3.21803740189727,3.24611506588062,2.52681107017806,2.93315503778933,2.98137529142338,2.70447874064896,3.0691008902071,3.42619829993325,2.9549847884073,3.4348940942364,3.14430868397129,2.53035818913169,3.29257805223576,3.5808105760959,2.92123138542069,3.09229225906271,2.87511255492063,3.05099356620752,3.16577638921078,3.58180545172923,3.54320694148945,3.49798874402226,3.13012565530294,3.23256605129417,2.83145894430911,3.01604719021953,3.16582056583168,3.25269873249188,2.8251835622932,3.41199733787915,2.63044813532716,2.71611976346385,3.24756203389168,2.97719780860059,3.50118185683895,2.49653914936852,3.18538370936245,2.65963593347511,3.27071657503106,2.91379571009761,3.18816916726266,3.19240754844657,2.84326114507815,3.06226566884412,2.88467076642305,3.04687352663439,2.64405260155252,3.33711230029247,2.98986441265651,2.93658470224079,2.91999960427822,3.1257957020216,2.49509351261087,2.65752501252919,3.18119277524585,3.28690910901194,2.88028032901409,2.75569061066896,3.04452594857957,2.90872223707407,2.92142492510758,2.92061701120319,3.04441643268567,3.06041880825656,2.51911706011954,2.87903231945286,2.95351513194192,3.49656471333005,2.84347544239662,2.81428962719782,2.78912008223692,2.70743696546107,2.95206997834485,2.91527784460472,2.70621951500866,2.14898155431922,2.76910083903478,2.68513557749894,3.13039931574567,3.03004923971232,3.37547027820477,3.66573120331816,2.64870153502996,3.10246451218975,3.06925357166487,2.97736423565039,3.47015401274,2.86763909201293,2.86734534612167,2.85965141156342,2.89060829513364,2.92098589749873
"35",2.54486610474952,3.25311445287808,2.76624250092667,2.61923007919615,3.1868761046515,3.12628536520467,2.95831466167588,2.30281468604599,2.9911305749333,2.98514187631624,2.35211534230642,2.89439343956845,2.81229314995609,2.41229940199831,2.85154672879074,3.29167708445362,2.67535373705787,3.14632093884641,2.93714259695739,2.29726676274442,2.8178555552052,3.58858170956548,2.6901745746213,2.97118397682979,2.72886919771329,2.75890895892547,2.87808970700397,3.10849051199942,3.21643082655125,3.24040292771903,2.76783429516737,3.02023782873096,2.63021886354881,2.76629073858269,2.79577739901314,3.18350436417712,2.59391418077276,3.29493627823632,2.31434088054671,2.37172264925575,2.86013986617382,2.85313314437892,3.32443848139044,2.30556879613155,2.97865163602231,2.4567430631026,2.96549736625592,2.73030158818274,3.02327635607862,2.86801909901699,2.54250449325438,2.85765168948687,2.74706738067216,2.8112914086921,2.46985755049644,3.05752607278325,2.80057728070781,2.54379314952807,2.78163906892207,2.91843063371013,2.2281446241293,2.44326060957275,3.00947315673604,2.93927944058313,2.82321373572526,2.58564519216385,2.82628475918158,2.69913527960518,2.53266742454246,2.72863902851391,2.61689716841057,2.74019699504398,2.11203461198203,2.48435219495427,2.73554450824154,3.2617280690037,2.63105934055495,2.57858904351774,2.49678197482412,2.5207600780508,2.81639785847499,2.60189306350242,2.56900545970715,1.75911770897178,2.51183098269301,2.40997917889993,2.73489391161503,2.69795005182315,3.10297619939991,3.36308135511009,2.13787906538769,2.74519500305582,2.73777372946003,2.62066512900266,3.18906583030694,2.52965795250396,2.69394775602339,2.76369412214488,2.58153057434432,2.55827046211727
"36",2.54971862651015,3.27062785156536,2.88014999400595,2.577694615303,2.90658068457811,3.08663111339082,2.86163979436294,2.39926451456006,2.90904695587752,2.82077006766773,2.43889723094084,2.84308352239155,2.88584417718214,2.46940150351883,2.80119349968772,3.27047531319245,2.62101086010364,3.04660529728044,2.82882955144387,2.49247157472197,2.64035988760551,3.29333456590249,2.6478502382103,2.89302501426593,2.7094623474988,2.65920979421296,2.82202574830455,3.06166601981868,3.16324733012736,3.0851267833211,2.89175564262668,3.03734023687807,2.73953018714176,2.80983928653494,2.96068571540934,3.04273182611223,2.58126192602729,3.0420332319411,2.47736337565835,2.51792894858551,2.72822146830842,2.86380414507331,3.03372102543683,2.39700168620589,2.80476647711882,2.56672497262184,3.05869104250558,2.73963999398093,2.74864556835296,2.98644258880666,2.62873743803507,2.95386356354257,2.74603279740974,2.76843551901325,2.50290272536412,2.98541949859874,2.87831122376948,2.6748017851488,2.68179022573949,2.88003245173591,2.35499402027546,2.50584837685785,2.93556878613237,2.93845953320232,2.7925054760905,2.69351746255452,2.8824230841445,2.72756457802621,2.58968627989291,2.81241474370121,2.68373927280622,2.81227657134499,2.31341719688901,2.61596541965643,2.63045453243862,3.07488073195227,2.63882286193657,2.44414866800263,2.4839439167076,2.54738462134715,2.78150546546594,2.61597229822205,2.81686255536034,1.99629954500142,2.41873339547675,2.43664320949086,2.68672525759852,2.63645088376201,2.87513615779991,3.14697732554275,2.2074153791884,2.76442064324056,2.67302074400846,2.65898323790268,3.20865035951021,2.57779471657196,2.749399760329,2.9161264806341,2.5589403462869,2.62983470195594
"37",2.630293546545,2.89458812286785,2.5015328771735,2.42989848288089,2.57110192624202,3.05631098461018,2.95718621188027,2.24422525372675,2.63158532031531,2.55947059022767,2.16547773865972,2.35017969516221,2.79890248349104,2.46664786891375,2.80186125055331,2.97192025477875,2.32021010314134,2.88006792680534,2.77456620280599,2.38776712986204,2.42291325740914,3.03715023447321,2.35464538637931,2.77035320261365,2.53776742896743,2.27768762866159,2.62690614785166,2.92180673986723,3.19688529074884,2.52835757564578,2.64568058880414,2.51175760599597,2.51979280462128,2.34105491054464,2.63402430638118,2.8400925976852,2.63968101243322,2.99271943132161,2.28542083892637,2.27584194057767,2.78915213527194,2.66802093483138,2.7128929515746,2.22762662197299,2.75553179010044,2.15456491356816,2.91248955222675,2.5585038077506,2.48202999408443,3.02537672737583,2.4654990201849,2.65486102907185,2.54861867046381,2.89618587787429,2.40700603026094,2.61789614774753,2.59086137972188,2.24329129411204,2.32381836722003,2.79694786072477,2.32745497795708,2.38420267999173,3.03724918604633,2.69482956631334,2.23960968071,2.59150700123489,2.46698928403191,2.4552985282883,1.98498141666105,2.43926250670112,2.39096224438342,2.67992836070757,1.85178854766942,2.6510188022681,2.489275112065,2.93151426165039,1.99361835037091,2.21076330926831,2.39465792345171,2.41867386013998,2.71586696306942,2.31839165149611,2.21772740654052,1.59996643284653,2.21334237097514,2.58593112808491,2.37611497018017,2.41659677962306,2.64230629944052,2.92508658715616,1.7646496013297,2.40975126664182,2.53368830045035,2.15466816896018,2.9384594045947,2.31955021066947,2.39480588156262,2.81707379116484,2.266535444946,2.23187597252963
"38",3.21576868150957,3.4371094737998,2.74641553719211,2.82926609445351,3.58860874547546,3.60584129287758,3.14886237580285,2.42876997193051,3.25239233184502,3.14001878099656,2.69510264983949,2.6445253328371,2.92278326966742,2.8183306352855,3.00507298036894,3.17378477615242,2.62016029399157,3.00140242457005,3.12611573522874,2.63577128276916,2.86377262028117,3.2476980230362,3.24980947220771,3.08697722318776,3.10447622463103,2.90244886457151,3.25999946690348,3.83335030692651,3.64881313909491,2.99575820188392,3.13591796382334,2.63235321587248,2.98444048366617,2.93813960540883,2.83709338934398,3.13915834430804,2.9924244177797,3.564812232857,2.69113160458122,3.20145531508389,2.86181373927328,3.3087198061459,2.88113574780943,3.30443456476084,3.60827180231722,2.45979448238225,3.39278883723233,2.92828818621444,2.74026037754461,3.03009770671833,3.28285886727877,3.28970462920995,3.22862127161996,3.03251220413579,2.92929609423834,3.48445493533478,3.10273721151994,2.08160561421698,2.68173684501378,3.19686170062444,2.5092446806318,2.56030709550601,2.9351858296361,2.82873986263692,2.52653775813785,2.91086712134828,3.15586050542125,2.66824794126936,2.12529606865459,3.08689833616476,2.86025809895366,3.18154140529549,2.72525490217771,3.22529180822843,2.71988497375392,3.15637753291589,2.53462646302973,2.13500799020235,2.86071154435899,2.70046067310764,3.44262553099959,2.59947989543386,2.49936267562074,2.24250869495295,2.87237248430325,3.20677094893623,2.43635732661225,2.94467787610895,2.90932541114175,3.08588145708133,2.76785393127294,2.99685904761974,2.96155727962134,2.06047977155614,3.36603251488725,3.00260079339879,2.67685209310145,3.19063977237423,2.69209532321305,2.67136865906988
"39",3.45882072291171,3.58537881022527,3.63141821921181,3.41311601336296,3.984436842522,4.38724443500847,3.66079264581019,2.80199898120633,3.67977902667147,3.00899508655849,2.97849911334609,2.79466868745645,3.61806296292398,3.39476355101288,3.39229254141798,3.41843839232921,3.19912334979914,2.98263327966138,3.81352588499877,2.97087177637585,3.25273195506677,3.70645998562661,3.8228610094752,3.61414238388232,3.26253803466427,3.31460660370632,3.45022783990259,3.9763005844055,4.06423946243207,2.92016374510588,3.80194308428685,2.96102443738201,3.19187539681076,3.00593240748185,3.52009848035823,3.58516284929058,3.7949974480339,3.81025280839291,2.87897644469734,3.50737272868225,3.53374347440809,3.94197103875699,2.9877311614328,2.98163380681994,4.24456451450595,2.68836609826874,3.47325091524496,3.19484782524221,2.82404293704226,3.26951675178742,3.76382332980964,3.64838114766581,3.62361368796362,3.23049841991029,3.18586896949585,4.05752332059002,3.23272599274182,2.06494996029269,3.51774960074834,3.62181513162927,2.72359079091387,2.74493060406575,2.86744173359156,3.01559670318392,3.23655029060723,3.03223002993097,3.10827368853075,2.87766070770435,2.68407754118227,3.40955917912162,3.07826199871489,3.1436250630394,3.27265574054776,3.71445450492367,3.49799753755912,3.71956521385438,2.57131381675042,2.20192922836143,3.31065403979139,2.96242708180523,3.32086186231518,2.56696986334623,2.55270983759592,2.27533341212908,3.30802356598981,3.70777454135407,2.86932418127065,3.34217731704608,3.34210873451452,3.84363565871458,3.2932373310885,3.33540187435965,3.09102615880444,1.97256667669524,3.45273519329695,3.52117566890505,3.31733391089191,3.77810404953019,3.501549519681,2.73027387647237
"40",3.92304625675003,4.55030713831052,4.17463916716869,4.20904913169098,4.33055868204672,4.76671478704315,3.9049126014119,3.31161150491212,4.16621814761243,3.60498023705533,3.43767366168887,3.21414139185572,3.94954314209855,3.46683400763019,3.68921973361813,4.21265954165642,3.39483070439336,3.62856422097119,4.7354587495818,3.2659084908594,3.25341863786843,3.42373425088836,4.01410051229086,4.26842756243504,4.36968390354054,3.42255172917447,3.80671376042466,4.18105245291647,4.20845869436991,3.31339493960842,4.10330292805803,3.05752821411,3.66824979837505,3.12918800214317,3.92563602646477,3.88342692112982,4.36660008569043,4.18301118040138,3.40593519664283,4.01413185818578,4.0008773169003,4.44873563433884,3.45438927785291,3.16489004322193,4.25673175075201,3.00948358556581,3.92664739290873,3.75127204948664,3.1426099299611,3.62910943168897,4.57155607207763,3.74850450112578,3.84940591839392,3.4062609107989,3.49639302562441,4.66436075545204,3.70260245911923,2.70687760718674,3.82360116513983,3.55781290959598,3.01171817717271,2.811064471987,3.4390708047324,3.34681397939372,3.7651963902723,3.43385581411853,3.47318317473381,3.704938839983,2.86792683617926,3.49136657970819,3.60873087051458,3.80012540777295,3.91437878625051,4.13538862052318,3.53971340347211,4.03322459567363,3.06278313107204,2.74725097152547,3.79284647873753,3.7298050149907,3.52656165100204,3.06819628787391,3.08924214186991,1.97310480113334,3.84820135592593,4.11820032024498,3.38344619042337,3.84302154720127,3.7099810679692,4.31069527833667,3.15866855464357,3.48247253874858,2.9161460255303,1.80021445848784,3.92858036766188,4.01529600123109,3.94453011470257,3.86609641462914,4.26359960439353,3.1952626352379
"41",4.55141210583064,4.90883804539466,4.94500701504754,4.66720317978914,4.42781624704585,4.73254605534752,4.08112447563022,3.56467980360927,4.45979163436555,3.97475575465203,3.72528200770072,3.42980673614133,4.12700821818187,3.24450815928992,3.69585748110584,4.77922349337357,3.87198166199738,4.00507562665826,5.56049657440532,3.34381470703308,3.89767090211095,3.44926233029658,4.31115446506022,4.43811378276923,4.76762063125533,4.38485699458382,4.01200627551308,4.80203912394326,4.79374493674746,3.54514887477197,4.34179702946123,3.34667479181695,3.84411528999142,3.41390242589947,4.42562690190997,4.19624559135395,4.61849810441033,4.70589664279116,3.55440631253149,4.59130970828012,4.46531047022561,5.06368411263992,3.68302713243213,4.0329081655918,4.61864796953781,3.13143983076957,4.54904871704605,4.05816729673484,3.64707047087,4.09115169123878,4.85965474772055,4.45622377230378,4.12726428521897,4.07616639296907,4.12149082073423,4.88298934111606,4.17561074970919,3.15320213898181,4.37933834398354,4.00800434549512,3.52705808004808,3.03040003931392,3.3617179128766,3.63936315285754,4.65096187669079,3.77392775116365,3.59007507893385,3.78160444452198,3.37516667624475,3.46116941280604,4.31798078214679,4.14528657266091,4.9404562334392,4.68907093068544,4.22564648016446,4.41661800234677,3.74955104690952,3.2186960760931,4.24138620753978,4.02763049340512,3.87209187973425,3.82599176269058,3.48431933281644,2.23895009570069,3.8186416682165,4.37122707533357,4.33011343778697,4.41991005993367,3.79138457085108,4.6867337362961,3.44114019150891,3.97169557010807,3.30103287024023,2.41286858428779,4.5121074685251,4.16926875672686,4.09436287272696,4.17055054701973,4.36061982546794,3.06891288507144
"42",5.34335961122294,5.14031680055156,5.43320933232456,4.46367842415551,4.99227922942058,4.95168329705343,4.82997046774465,3.86781111126638,5.027597150115,3.73773773871694,4.21746645636612,3.40577923498982,4.03133780983106,3.77724668835199,4.2772052020057,5.16558833885544,4.19153785468056,4.33607357465933,6.21840426089101,3.5946039143419,4.73661344411676,4.10710669272104,4.62128323784174,5.00943046165722,5.16087537189318,4.14525541305719,3.87745283805966,4.92036086851093,5.08150961985133,3.60032167703255,4.38561558257848,3.5934392579668,4.05985833748452,3.63891331072575,4.85630366798387,4.49267773775196,5.38716762387767,4.78157101370294,3.52379014324039,5.33382029622205,4.86512715135491,5.30883290813846,4.16573868090016,4.02395304562988,4.4817727571479,3.24988049035271,4.95440713834665,4.36764141126414,3.82592049386038,4.34414509019399,5.38569495745934,4.66117925277689,4.73055011434836,4.20677192140413,4.25729572408962,5.36480684135944,4.57967307634731,3.68973342348928,4.94963976550418,4.21730953358543,3.58159210006342,3.20545817102056,3.74525487744151,3.98713522651755,4.4145463479533,4.2264783886945,3.73043505380274,4.41473657355954,3.45021910127191,3.09056488644099,4.75376728066222,4.49980125869884,5.42639459341313,4.90916296378519,4.36106086668576,4.84581101611101,3.63056019277469,3.43768477757312,4.60552263856158,4.23169985775802,3.7469848543019,4.39608373571298,3.68209168579987,2.48444390801798,4.00063910467327,4.90125593674858,4.22527096833807,4.7638093984424,4.1523271448272,5.35921839832579,3.49475953649237,4.28013153719628,3.72441202679248,3.13027580224311,5.07585588265648,4.6619826413365,4.53548574294346,4.71013850049757,5.31837510929471,3.65912214267319
"43",5.43006024417903,5.1556245931921,5.34359442420262,5.19956110756109,5.07177499760178,5.30039835603129,5.09977412327412,4.73159051505931,5.18467577301438,4.68308950379145,4.88845877592487,4.60663579741892,4.82800940425506,4.77479284365301,5.10143533466699,5.33493636184284,4.89766996712297,4.92665497069226,5.77014476052911,4.5531655099152,5.29213353323181,4.7917358490892,5.07455236774998,5.31647773772923,5.33923849252516,4.93839159993415,4.69397418158941,5.14553809326632,4.95802000011451,4.70267097719021,4.93991621910266,4.63797797016762,4.81193221146338,4.7172654656512,5.24949235294406,4.95912202326657,5.42996256462577,5.11575644671228,4.68292810432646,5.34639855941078,5.26934630496093,5.32176181102687,4.91723757953261,4.79426424860633,4.95213569124107,4.42025565020013,5.26385735482266,4.92246437441853,4.66764096815128,4.92418454418506,5.52480374104297,4.96088743288803,5.05868289884718,4.84777730032556,5.19567716475349,5.37556842486734,5.04206837820583,4.88485856621488,5.29507069187374,4.86580099513427,4.64887915684365,4.7872239509282,4.77605215929672,4.94898411284153,4.78514648166584,5.01121098549546,4.80630872966308,5.08217537798335,4.63238495256428,4.44549811592747,5.30259966241794,5.02363069299576,5.23528463310072,5.28425047974701,5.05554172264571,5.05361740934773,4.63436652011846,4.48315730929473,5.04464924086298,4.94314142461948,4.69282426227987,5.0951796372577,4.6752432250401,4.29583448345129,4.76380846002738,5.36851924331265,4.94751816506245,5.1953213292267,4.96055168536102,5.32822156013534,4.79123960716523,4.78602056504086,4.68747617791903,4.56157648273816,5.31727234927586,5.13252864352331,5.05511891745625,5.16324597118912,5.12001721354801,4.86857643242833
"44",5.46834366706916,5.73884634459735,5.30969236777929,5.6653639887427,5.66668701624387,5.81605655192522,5.4909312804498,4.91448139378084,5.18606635695789,4.88793765421046,5.14945615229462,5.05386104489265,5.4188126141313,5.09880313654012,5.08039749804384,5.50970169343733,4.95710268690644,4.85474422807486,5.93586992690906,5.14417810568565,5.39959459623086,5.23420768137477,5.83427726497747,5.83197464809974,5.56171281793275,5.14248339022381,4.6279153259672,5.87134161432556,5.8478385742665,5.63343924185558,5.2645086104372,5.25856321358041,5.2366284625314,4.67415542288415,5.92176134793697,5.12193793440247,5.62169311728069,5.85318043471612,5.18350460762401,5.68149319304872,5.98498321928705,5.16981085789495,5.62979070895047,4.90385024201288,5.45998327253111,4.71925813682536,5.14747363876946,5.47589848423463,5.08337722481749,5.1360439317721,5.86836470679062,5.23695003415317,5.85820932019364,5.0781216932865,5.35144208332839,5.76290538727033,5.54811536557634,5.19825655372162,5.73470012543228,6.15562835701682,5.3258088373576,4.33760572346433,5.04706087510358,5.65932547723931,4.81282408273248,5.44649025253004,5.01900366528294,5.79676184764763,5.37767309197499,4.21270881512055,5.83839588238594,5.07465026545933,5.85728909922208,5.5596165883871,5.42279792817481,5.2811951554898,4.82814825063157,5.23598258201342,5.56529423504434,5.11300748206524,4.99988127331372,5.32321601371886,4.79970381595817,4.52962171940496,5.3960350469952,5.63753994353981,5.18601769899056,5.82614517126345,5.77777795251556,5.54254263359188,5.402377944453,4.98319166282424,5.13292225236097,4.77729182899851,5.29280174503759,5.68416246009185,5.02965242163787,5.54442568291111,5.5582095804564,5.53930738475527
"45",5.78057320181861,6.33791130759674,5.66088169305318,6.26989421705509,5.93280374377794,6.40862058742929,5.61683849645648,4.9626441708944,5.58023800413665,5.15028001481209,5.37633095620724,5.8158742260467,6.13148764321902,5.64252441688111,5.10592966376606,5.68129358706815,5.09402302164383,5.37023268239668,6.61230487965951,5.70552102067063,6.07596276039739,5.71876146888389,6.09842975234006,6.13358259837962,5.58240763441503,5.4569016142405,4.9132374905882,6.4464230523683,6.05955273173396,6.11135934538069,5.11800218376103,5.7365591551328,5.44683280272049,5.07082784414492,6.04606686881429,5.69707912713338,6.42987864041712,6.62285830804633,5.67407972949985,6.05463817714077,6.7880418083277,5.68772454160918,6.4711829351016,5.04009029985599,5.57817774692779,5.24277889338146,5.67272466807653,5.86488037600776,5.02519288565449,5.55096201431189,6.27540914784823,5.40563632658536,6.45231007681112,5.63314788662432,5.82504125588199,6.19649379235912,6.32312426652123,5.6226139189387,5.83681974147428,6.4483699114935,5.36130754327023,4.06611405931537,5.70808588511214,5.98644755687547,4.75645351771995,5.71132795698733,5.51478707625003,6.26019429170282,5.58317744238366,4.52439208531783,6.29481034855219,4.982427559519,6.20607382706931,5.33778789737315,5.6505582192579,5.44337986113501,5.02341013099577,5.48469935380548,5.84911487930742,5.1752552024899,5.39124807478629,5.71879713599802,4.96892396970764,4.70420335437026,5.54981721325066,6.24227586893142,5.38774867902588,5.90559191948635,5.89920717693227,5.80878957952733,5.76868265106904,5.84737550546274,5.61099004748728,5.15166856521331,5.50134773507283,6.34454586591717,5.31375079856182,5.91489363552872,6.12609249345547,5.68303763599467
"46",5.96280805190228,5.90126086594611,5.74054393146309,6.1482553848642,5.84917418990954,6.09520603444457,5.68629329578841,5.38513124495525,5.77223632984819,5.29642322363441,5.51103798592186,5.74105874190781,5.99612946838815,5.76685422561971,5.16686224784328,5.78353434861299,5.6177237702864,5.54000139730986,6.33186004700847,5.63330138885693,5.95448836385257,5.52496776044767,5.6766310276077,6.11764024742672,5.69402391795172,5.63235790010621,5.4944177694261,6.060916127989,6.09498263147949,6.06154472689676,5.31637382528915,5.69666443948908,5.5374392045253,5.58509323020836,6.03077163646697,5.74292694550802,6.02300606285328,6.32198087648859,5.59358896145841,6.12469455655604,6.32760432827803,5.84792233656426,6.10996230361572,5.29272868334295,5.56959647782931,5.44289823949881,5.61989312932776,6.01383559609014,5.41074027643694,5.69819716264961,6.01918540739771,5.62531821141682,6.05589036036283,5.78247386964509,5.80212067015061,5.88851086124681,6.01919664474921,5.87150964390713,5.88121185131352,6.18315905337211,5.70485893143655,5.08076688659361,5.82668259993607,5.82527056684594,5.29228790838156,5.80812913734761,5.61223242372921,6.22132945287471,5.72378413439182,5.29932986754354,6.24392380021154,5.03771392519478,5.92671319136962,5.72552555376302,5.92150029924887,5.5847938542128,5.55761854217228,5.44058814551434,5.85371112793129,5.47608782870115,5.35999224447108,5.72966469113885,5.41807770728688,5.19871047328573,5.79224810912266,6.12180141732806,5.83647216300276,5.66707482220409,5.84456094775275,5.72877024406044,5.78546217224373,5.92259066571249,5.46858279727307,5.40011798702969,5.69149836165247,6.00085393388998,5.37381657846925,5.78358756975725,6.09125760066488,5.78398571744096
"47",6.1502801027788,6.12898615828858,6.29398947301631,6.69724094204025,6.50186468748376,6.63108245859401,5.77988967219015,5.52883460679375,5.76108247246775,5.92854399767312,5.96286929499954,5.94046368426128,6.45246934219437,6.23910981654442,5.63658584059302,6.02213391779951,5.48733122347191,5.82883063207885,7.02371414732338,5.47111401224151,6.34519583381984,5.59890762766898,5.95823167686332,6.51497783349361,5.82557337453497,6.15952608980127,5.56871079283603,6.9184768789751,6.86995211312306,6.55573428082032,5.8726304347807,6.19898571420321,6.28317103751651,5.42696148907623,6.40718968546961,6.16915630711201,6.30779503504896,6.76960897746914,6.23019371142703,5.99301124833511,6.92464705874433,6.29029717915362,6.31822827567464,5.85725132053351,6.11148783874058,5.25820350975285,6.04450743671556,5.85172213005026,6.42821019168197,6.12708144936833,6.27185448663927,6.00502995203957,6.35801801805809,6.11368114908205,6.23940966147149,6.39825256565427,6.34103285211742,6.22686682966322,6.57026705112895,6.59667163104186,5.82117376184031,5.83087805950922,6.51381569423635,6.06539745538186,5.46256086614384,5.97264988871003,6.22738893409948,6.70026010056615,6.29263226151638,5.61255392582024,6.32788307397826,5.03406584158521,6.73269077608346,5.69701296166749,6.05590943124554,5.59436902687747,5.46519730485062,5.43319772328283,6.25560236664661,5.74759307967585,5.26870815167847,5.56521507898218,5.45932647052197,5.30329719026648,6.34256661873913,6.8426606588197,5.37204909982743,5.97380852380304,6.03406137190655,6.13177215572915,6.07962559235227,6.39423242698936,5.97953310226603,6.09527092487009,6.15767488401632,6.37750039863432,5.88682817650117,6.45214284940696,6.47067318103711,6.49887799654314
"48",6.15552638112188,6.29935821847482,6.32278945180901,6.67401200124279,6.6772952926352,6.54812309826998,5.83080815519312,5.20247300967622,5.44786890986503,5.89004268915068,6.48710363694182,5.58197349750595,6.57704975635438,6.24787935977696,5.26014292866064,5.78115924898776,5.36935149477154,5.68049070912294,6.78607336749461,5.77570295381569,6.37983728197657,5.68733024838813,5.7835304592657,6.50962706399409,5.74635339474286,5.8785398549978,5.06867006013905,6.71371699358009,6.60697092287842,6.81127068480822,5.32379723375731,6.19557046604321,6.56311331398853,5.27452913820923,6.57917005551543,6.43311548577706,6.24642818409128,6.51522742101466,5.9298707964482,6.12986524810452,7.09627961433439,6.09467316228744,5.74753249180159,5.67068536953648,5.47138475064024,4.71940046007512,5.78074494378406,5.77691531661315,5.94862927998682,5.87484924938103,6.1110696468509,6.17966936646049,6.31990899503207,6.22156393963488,6.44412621715299,6.27825289416011,6.16864128520974,6.13775351406054,6.30753162499932,7.28576189757694,5.39196097031072,5.97992673619486,6.10396050282204,5.77572272194955,5.19877591446097,6.02382103048129,6.05716069469594,6.7308566965829,6.27246121982942,5.45410828699403,6.40369186656637,4.91508261719274,6.15447864230739,5.43839726879341,6.21509949579564,5.62712832348444,5.34857135790389,5.49330473324195,6.42565746846496,5.95858041621474,5.46757780973659,5.3946800317853,5.07714825291613,5.38315001690283,6.2049300860273,6.74258013893332,5.51262574974269,5.48698881135906,5.99152999824047,6.10524898500107,6.07860720938128,6.60706044354174,5.97024665618927,5.79045677939183,5.9276875082765,6.15590265086103,5.73333082475226,6.23410651968024,6.24214112140911,6.21429945691662
"49",5.73947230745516,6.15544387090682,5.94037035046937,6.29900578116868,6.48511224355836,6.22943755186697,5.36278020599236,5.02668996469301,5.05649928877042,5.87471539823593,6.00548657023173,5.07874648034817,6.22922076810617,5.97029901652245,5.0511461594025,5.41088616760801,5.09446829351112,5.44245962432703,6.59361327265561,5.58432240677775,6.21471575039114,5.53172023651477,5.44736229873539,6.58768432962729,5.59407903327931,5.57965650333645,4.69082094377787,6.39538149658428,6.28010513228385,6.42848736880305,5.04092627154569,5.85252907722514,6.29408453486474,4.98922481754339,6.34644655162216,6.14550100411459,6.04495300139402,5.93655535882552,5.61706400208578,5.86354901826365,6.86431734016072,5.95404737012867,5.59886968940938,5.52352513996353,5.14787581698135,4.45798046107104,5.61743642277982,5.47167376128655,5.7378961659072,5.65658094852126,5.69364042020292,5.9266105691728,6.10429289272518,6.0696532752495,6.2658799406054,6.04015941267716,5.8967286981403,5.89385851797665,6.27318645645369,7.05889755225129,5.16241357831011,5.6431028536916,5.7636280002973,5.38432782963223,4.80766265448056,5.63312788496905,5.7005310516866,6.33309116025395,5.84063272848057,5.1886110962263,6.10600009583673,4.68855004166788,5.87690609519133,5.11509910884323,5.9299492892968,5.27339686479986,5.05424618983933,5.19326948022368,6.20564666483755,5.52582563996283,5.44911199597589,5.295792093688,4.8018813142036,5.10775924060018,5.9273090573996,6.41335272420954,5.3511504593678,5.14021383852082,5.89505296550543,5.72570042389979,5.92080902822895,6.40725084529023,5.44487361664497,5.50540247469824,5.68067498884631,5.8825270178509,5.40711593591343,5.85265629631999,5.97525598925283,5.88308444403788
"50",5.16590159715101,5.41839071314516,5.25268503785405,5.51473694324455,5.52982131483233,5.4136822474173,4.99089987281473,4.70320963713584,4.73999135501202,5.26796653138528,5.34058698276092,4.75007601761382,5.45136723127461,5.24417668554691,4.80230241489744,5.04719486170959,4.74432449133848,4.95709832800304,5.68238084541658,5.10589513628163,5.42999602406128,5.12333893770278,4.88103392751929,5.64327148538653,5.22052807567558,5.11007814062686,4.66135275920108,5.5352460404387,5.35658356289639,5.4872449578532,4.86194073276886,5.06328467832076,5.42185876746421,4.75125542440447,5.50710827738437,5.43026405104893,5.28927558011805,5.23131852888475,5.23891925814554,5.20309911811157,5.80670557290436,5.1809890339023,5.09432845394307,5.11334088471019,4.94549474040475,4.53404877037721,5.0610116252285,5.02425838817287,5.2616628102495,5.18143361135092,5.23815772735068,5.16962003710295,5.31476827680556,5.28857306264737,5.57607202800661,5.31791410037047,5.13662043569643,5.31785185106219,5.53048365558392,5.97065682702632,4.8447755382539,5.08737775196369,5.27993689381749,4.91813689130463,4.557712807902,5.22884772869634,5.15520915047139,5.44462253967019,5.15207464866952,4.85760913305517,5.27141745796137,4.65016908460032,5.16820507146505,4.70763143479754,5.29928852283389,4.88528485305331,4.75239671835756,4.76115852139681,5.46232541485967,5.00598444634257,5.04849827505732,4.83477472251012,4.67914846457363,4.88084637887098,5.17549651229425,5.6304966706177,4.94574590596213,4.72879300314043,5.13477919542405,5.15489878461551,5.16814432225571,5.48567946050398,5.0133495460873,5.073340715656,5.20198653656852,5.17682358855079,4.98281684370113,5.28355345690322,5.24052016958419,5.1844382550936
"51",5.08252739602177,5.40082034602848,4.86632870265852,5.34646257096991,5.10396438947574,5.35084803610439,4.8369204580827,4.57031545026624,4.45989360016439,4.97849115942764,5.10480412357395,4.43788649062325,5.31391824137149,5.02987276888932,4.48093553639088,4.805926208337,4.40766393056746,4.48022557421227,5.37599114643528,4.82687952613283,5.08002330168589,5.09150848024289,4.6183526076102,5.35583053759125,4.9097172246344,4.84862330220771,4.19137311990155,5.11379001857324,5.16435313123176,5.19578704087212,4.68394654838666,4.65303915652721,5.18328063762763,4.52657828588474,5.32240816488676,5.16420145395457,4.95595093326016,4.92840229512378,4.93993466265087,4.98212464516022,5.51186438846151,4.8176894204302,4.67145255169929,4.94773658171178,4.765310545978,4.13607207950686,5.05675699421676,4.89783303483084,4.98025731269178,5.22793320932047,5.09223605696211,4.84562051919718,5.17796789913495,5.06409876626383,5.37521895798642,5.20307926350045,4.70094313098586,5.00219418808153,5.1813202443816,5.77924034904245,4.59675583778363,4.57944538210381,5.21620676686345,4.70950291455111,4.31211013648058,4.97484118387613,4.96615137429608,5.06114628501965,4.86656583108378,4.6320051682977,4.90336296596057,4.48265484996168,4.86160557866158,4.28550221847972,5.23398926852816,4.69272818158848,4.35863184164179,4.67110839687589,5.17309296939607,4.69346506208467,4.86546112904404,4.56867073870004,4.31508604098562,4.61982537882418,4.98735878747602,5.25031556976131,4.73253480506779,4.56710242988217,4.95872879818915,5.08115626705635,4.56288577602696,5.03121479311351,4.74855157696964,4.69885324126728,4.80301506703203,5.02232279057567,4.65487061160451,4.80596347665162,5.00321812719795,4.87990580179797
"52",5.09014577587386,5.23506457084206,4.76587146292699,4.93353860272224,4.80119891280424,5.07235866732854,4.58247592676607,4.14041628550563,4.24357238559007,4.7039952394201,4.72850426520344,4.20445783731227,5.18499788482095,4.65974373965082,4.2673452668013,4.57245220959331,4.18583634852122,4.16405636682962,5.09893201561976,4.42463814294244,4.80488568219778,4.61793345872932,4.39049807800399,5.3267577635751,4.67677605876142,4.56689989530722,3.94265604472949,4.80903567285913,4.90054108492859,4.85202079889672,4.2694604309366,4.62917231670663,5.07760520387869,4.4126749667432,5.21754599092635,5.03268217732831,4.77864073536408,4.71790487418721,4.79018458492868,4.672225959217,5.2115934104905,4.56414566662976,4.2434872283915,4.45235204365528,4.60173855290447,3.95940877060502,4.76211726664167,4.44325249042716,4.62588821140452,4.95855582001117,5.00815972101032,4.41829557551305,4.78977837725818,4.83157240240533,5.15206878765127,5.02112406920354,4.4163947790794,4.82873376179741,4.9832808328763,5.4180241220263,4.39672213091052,4.16349348013352,5.04703482951302,4.41702175693445,3.9198702872471,4.77756154290126,4.71258743566897,4.83386611750417,4.48166517355275,4.55497260246832,4.66034768330227,4.30580025469711,4.66408639729759,4.03674592722475,4.95956887052733,4.4022164067557,4.01710356858103,4.31737379561575,4.89158598937365,4.4897644759601,4.48812916398146,4.31057253267517,3.86826675284905,4.56939596238336,4.70527764436249,4.89228519413072,4.68052072776931,4.18038107630963,4.77397894985981,4.7630276551873,4.42777653409203,4.67009515977571,4.33616802511592,4.5649652370526,4.55092991145103,4.68277645309713,4.46609897054662,4.54118931658397,4.62580224580636,4.76304158211914
"53",4.75193813459482,4.95225891470771,4.28948909630253,4.6889223344181,4.70829818705376,4.62332976555077,4.54211832569607,3.84456994776449,3.90052749242432,4.4917291048134,4.54677224797917,4.15517594676094,5.04748458051855,4.50973721522938,4.0538257786768,4.28836480323701,4.02242197832927,4.05956036725085,4.81020733472806,4.36218242175404,4.63133076911274,4.34509036900744,4.1302120129129,5.09725550440015,4.46469452808455,3.96627441205329,3.74864980513721,4.54721579491639,4.74926793280843,4.48143555230901,4.13804002234884,4.26182620865485,4.72261302692658,4.08609117107113,5.01925285725869,4.68126280448388,4.40647206092779,4.48618187391941,4.61125946764429,4.4678225417863,5.04099686190235,4.1448409425065,4.0006869664754,4.26502271204488,3.97720788397972,3.6252750021149,4.50929892222804,4.33872008076734,4.47294319871741,4.71853553261388,4.67759189424756,4.05482906234562,4.46615042027633,4.60837636176171,4.79559927127279,4.72969940257956,4.07034810395214,4.52393436881246,4.77995870976934,5.11930336166576,4.0690539219786,3.93289100472201,4.89487019582881,4.10552257347833,3.69364097799907,4.67025628028834,4.49030139762893,4.59510567685411,4.12215722874634,4.23363887806704,4.33826601146339,4.0613001058197,4.29581862601642,3.73252789951339,4.76767767876371,4.13046007180969,3.84823087042518,3.85723422580034,4.71408215379007,4.31190441729331,4.31921513940848,4.01463844667377,3.56321865022478,4.15932027092814,4.38235956331531,4.50395178502829,4.50732649579523,3.75210073653082,4.51228791932589,4.53376694500077,4.13547709272186,4.5367930413545,4.14534665270055,4.39289622721474,4.36515483888023,4.38365947190626,4.20515098180275,4.19368830342312,4.37754513837225,4.47351178279988
"54",4.26092345868557,4.71626619471284,4.00608320058722,4.33575623390628,4.43617347347613,4.4547103734964,4.21272255947219,3.67879615380411,3.58099166009654,4.28664598027253,4.18727922345939,3.89253937335735,4.73861978025279,4.09621636836225,3.93351893797488,4.19749187449849,3.87989597203249,3.88181742983379,4.41751708033845,4.03880225764161,4.58482983969792,4.16815301379695,4.0038071342485,4.67629165734996,4.31074909418745,3.61839742440185,3.42977405384079,4.2635675133817,4.54124628145899,4.19671939500484,3.92254539924115,4.08411663230693,4.42533363749374,3.79029649625445,4.51421014439782,4.48968867555564,4.0232444963155,4.04196363095552,4.32685137703322,4.24326961395484,4.77855992333192,3.94307751798648,3.70324315796529,4.11825388608887,3.7430151535335,3.20300329225743,4.18532118584788,4.13464221366671,4.16416702709065,4.38507948548526,4.38440485570127,3.90861495305022,4.20320361362636,4.53285874729378,4.47900693556116,4.31280820356007,3.94225200453014,4.45823570963099,4.61672731988057,4.80623295108517,3.76715081865836,3.68238007074122,4.81412813950885,3.82637850715072,3.33050488340321,4.51905275585698,4.25969969141556,4.26303840791824,3.85852915946437,4.00336274750896,4.1554801820258,3.83835382194082,4.04224931048633,3.38235146336078,4.47037035398574,3.80065865073836,3.66155934930903,3.72462853551208,4.43879037267859,4.21779282219473,4.07450163348326,3.79347003094441,3.17398980035221,3.83089994242074,4.19901779888935,4.18950850120122,4.10697398828814,3.49667471511805,4.28953269720672,4.30638288946225,3.78853160492237,4.29433240618454,3.89707939335217,4.08533965205153,4.04319061276122,4.09756963732381,3.73767678423385,3.6660000009409,3.92189969155009,4.23652058673746
"55",4.06384725812751,4.37862305203131,3.74482599355803,4.23560514963319,4.04283742422553,4.26225201094452,3.90795398957048,3.44131846490918,3.29322869342474,4.07137574032789,3.82492121316797,3.66049569568694,4.38969744873554,3.61836346952942,3.70168991557901,3.82900232406498,3.68196334619508,3.5914787727034,4.0199596127603,3.90142143894386,4.48329838476879,3.94047660949279,3.760535984181,4.28064501991063,4.06739677636111,3.16979373599403,3.39008383936935,4.06723256140443,4.39110318777235,3.92891175657417,3.69506035968023,3.85967280208284,4.10132019799941,3.53738008861955,4.27783950470294,4.30835182463555,3.84209109983871,3.83470937003548,4.2617828457472,4.10759744347819,4.46310707629584,3.82519782773148,3.54649429520912,3.89398098465698,3.52559047225617,2.99322873633191,3.79608747317589,4.01847242642063,3.99241096426004,4.07155722609475,3.96771232943948,3.74371507282846,3.93458785205219,4.27413952442355,4.10999566844209,4.12397618635781,3.66036353277633,4.2974045556967,4.4751226020772,4.5791300402682,3.372885777667,3.321660368884,4.68837084369259,3.53593572241415,2.97725620994045,4.45876198191891,4.15524693960006,4.02006209800073,3.51099286650465,3.94463499904957,4.14680576286602,3.76638282396931,3.97878526035859,3.00647168757649,3.98360865679256,3.46764125013536,3.36291478462226,3.44489939472865,4.0157982644775,3.94637177703629,3.88680360380795,3.56379993355131,2.80745790753735,3.5458752708482,3.92108266209181,4.10764843728817,4.01309671014813,3.20387929078217,3.96093267210146,4.0239476378191,3.67522445790386,3.92208890740756,3.65776147697386,3.72871843027016,3.69931904796706,3.81089490390332,3.54001970887776,3.44614556360447,3.64428453185342,3.9928526556567
"56",3.75559353578204,4.22984110904027,3.44135364857982,4.11777737004939,3.85677251578628,4.1099993899761,3.568399555438,3.16889087710692,3.04007964457465,3.72744731421292,3.68380590866768,3.43522451693334,4.35531567282222,3.40037484692696,3.38322398882079,3.58993393830693,3.57490356042976,3.33241613659822,3.68301857243765,3.69745214644328,4.17286548282586,3.7422622508313,3.45353725913908,3.91932562616406,3.87480755712005,2.91721900696432,3.15957521813002,4.06340120927671,4.33924135195468,3.81447930839624,3.71166403936269,3.64237172434452,3.95375532337185,3.36500960574198,4.06407182757928,4.01596330020606,3.58751320491658,3.56748470757299,4.14327002999285,3.84497158991538,4.20416573698895,3.54104065484613,3.22097163171408,3.53182227637145,3.31558013587375,2.62043634031031,3.76435589823749,3.59365806940366,3.75915530229576,3.96959652215233,3.77066871649271,3.6369431864889,3.56660889075426,4.23055956411976,3.86357535984156,3.97307835343425,3.40913889357196,4.15509200499424,4.22887855955205,4.21205752703812,3.21320794366512,2.98656351472412,4.55894781159617,3.09068033270325,2.55127543874446,4.23481009942502,4.00920213138045,3.64150356916154,3.2424941832778,3.58056819004682,4.0230461097381,3.30688428890783,3.60288091420122,2.61960098290534,3.72912163461791,3.08337358098176,3.13234262344809,3.20188841916033,3.80403177954081,3.73713211095095,3.69457490967396,3.41238849920402,2.58427079694526,3.26245856911656,3.75373853764177,4.07850748842466,3.60671610093457,2.998667450418,3.86590287947961,3.66763645573901,3.3463385802158,3.66893280683406,3.54082578737756,3.55163266999187,3.38354754896192,3.64666835739643,3.10619432430512,3.06885451123308,3.35706469448646,3.79662785566994
"57",2.86010692989339,3.18934784370375,2.73406795286464,3.28110511510201,2.96224897960515,3.12671458121615,2.78288664083589,2.56770566505383,2.4307875488226,2.83483588060187,2.93131532739802,2.85482616921233,3.49651521535521,2.51502079194042,2.69227799348392,2.80772613405499,2.89909636256635,2.59062232977157,2.77290428474509,2.91109431915407,3.16856701450456,2.95499330301279,2.74331614687608,3.00110647360911,3.02559709585744,2.24204726666311,2.57490288150879,3.13078823482234,3.30069890209707,2.96974652768612,2.7887802714443,2.74820985006778,2.92369451045109,2.69092160702085,3.13465771182582,3.10983839286823,2.92815764010055,2.77789792597571,3.15351766334553,2.90901002082444,3.24466566467464,2.67503366197823,2.60114740343865,2.89920377385134,2.5540182190702,2.11588909132161,2.88324754231143,2.87127114824929,2.74203669089186,3.02499884750429,2.85977209659194,2.81229633740824,2.81847929216677,3.12591903601107,2.95546934500939,3.13533229727111,2.83680257004181,3.11178326833074,3.21516300961373,3.23747061501781,2.6963252732982,2.46021007821867,3.33383852743654,2.42492422534544,2.29199078631026,3.24038851792661,3.1099529870978,2.86668480339364,2.56579735884492,2.75102913366664,3.01108231523838,2.66353973809316,2.88830906233597,2.26139748063272,2.85037680930409,2.4274877265015,2.53066220282127,2.48233400414823,2.94639320423707,2.77536520937457,2.84536008381122,2.63773580370129,2.18885234464051,2.50162439366075,2.95840100480206,3.17075352254905,2.83145945850695,2.51531280292455,3.08114840584766,2.81019197576825,2.63686253548222,2.73727256848488,2.8236639955652,2.68271028281581,2.64840174235384,2.83133777803185,2.49035689789219,2.46360319306352,2.81220709402677,2.90928232557805
"58",2.76087475709298,2.83214425947511,2.56182144052477,2.86072333247143,2.82009104867382,2.83184742125988,2.51763142096255,2.48613366220634,2.08186993174278,2.70553242768792,2.75583100730159,2.66822142089407,3.25299036433615,2.32783697827921,2.51067165051676,2.42084708658149,2.45975381980915,2.3296890375715,2.43820525607179,2.63934119811232,3.03632346054611,2.76282627771133,2.49143231215961,2.99338568637699,2.90231055527338,2.143600681289,2.29270191569058,2.87199271634169,3.04076841414269,2.88527511576436,2.50054997973098,2.56993579498824,2.5839282455095,2.34263411172505,2.89687170188438,2.80151878841086,2.7740666146209,2.4381329763401,2.9507514385136,2.53662078957591,3.05949780975872,2.45714215313695,2.3727439251887,2.72048300066837,2.2005002930562,1.89445487286583,2.65342235917909,2.85693659718802,2.51095580179472,2.97763498839605,2.75639322334832,2.63675128170301,2.42146307889017,2.97624874831886,2.66936521850232,3.06650057434043,2.65704912114709,2.91658786099503,2.88252225503339,2.82485740081799,2.32925780417714,2.16279467753015,3.10782976796585,2.0411391981569,2.02554606079736,3.03980304484465,2.79750294908385,2.65085245208505,2.29878166554969,2.57307635282955,2.75857603610798,2.53707845164016,2.71957221021194,2.09308761053441,2.77037207824818,2.18573009070602,2.14887055580765,2.15309230291606,2.74654805104526,2.59123656062723,2.78650992893978,2.39489123084241,1.92678514798558,2.30888205108326,2.78046060539461,2.6442407196217,2.60022739871914,2.29636463985027,2.78221993876406,2.6205294695575,2.45626041937044,2.47737521591921,2.68842856728625,2.22806792512771,2.42754850890984,2.54599530751527,2.32543453717299,2.16665134225834,2.68667112471005,2.53531842198267
"59",2.52330263056096,2.63839435423127,2.4434764613306,2.54721209672673,2.5948458427763,2.52167734058913,2.33297421414864,2.23046959073894,1.86437032468586,2.33700495920417,2.5588911588005,2.62306481198014,3.0520979839467,2.05207669248392,2.46054292763365,2.27656990228858,2.29415632474518,2.34181058616825,2.11126620478494,2.3137464837559,2.95012783618905,2.50670140806651,2.38377833276169,2.76683991659752,2.67163114266225,2.01427713518029,1.93030791198508,2.6229030346341,2.71181282449203,2.54302358186062,2.21823079479672,2.21842754349903,2.48014072966662,1.92351088676682,2.84045666708507,2.74657822143819,2.45505224984925,2.02822728348723,2.70481506239289,2.00082125017075,2.6371054046021,2.40012450717461,2.35548203675714,2.49448450584251,1.97145853022031,1.51917617245356,2.27467668328529,2.62834708839008,2.25264206973096,2.75678058340506,2.52799590321863,2.61098686473862,2.16829659124114,2.80048686864671,2.40325327302558,2.94529605749309,2.35822593695131,2.6760566513574,2.58651917278756,2.59769345972752,2.00506014521869,1.71066704320712,2.96434443693507,1.73048261106621,1.74767269561615,2.8050201892826,2.44925129950814,2.29551727859777,2.14825640532232,2.34245462404971,2.51300038263252,2.42730538727026,2.54214119014852,1.78430204826725,2.45724354877464,1.97224663974757,1.91341918804079,1.85756877226003,2.56158055517969,2.33191716611227,2.5912780333923,2.12961114539284,1.76873493703841,2.23949525747403,2.54044160469598,2.41169066241761,2.4251943504801,2.10916516580715,2.41863104484096,2.259017949565,2.20443075544441,2.36437606174064,2.54076705632035,1.8492472510115,2.18848232463192,2.3174168650624,1.89066117467153,1.91579578847602,2.6669735175994,2.28026986374926
"60",2.26731204511689,2.51850864872467,2.20227023912523,2.41710774468067,2.50902831784408,2.41867799640479,2.24648769261977,2.18905309227337,1.87031770905956,2.171137710439,2.26475946780362,2.43522421175296,2.82686796750752,2.08012570106474,2.29981260342628,2.09609625363934,2.16880139291561,2.24491869258774,2.05174424176431,2.22575737026538,2.6606534208676,2.28285798086028,2.46208662172085,2.46020551396861,2.59401849041031,1.93642611092432,1.93262875764044,2.44225155929343,2.63771385882784,2.37914042360791,2.17385632139761,2.3199095808372,2.40477392383116,2.10508312783271,2.70375443424136,2.52846894488393,2.26176119573007,2.06968037547014,2.54581340472499,1.96762339304177,2.42356862605955,2.33181762986114,2.22538402217193,2.48577876938531,2.02546327701158,1.59611996944857,2.13317175073578,2.3948502052612,2.1738696221116,2.53432174277301,2.33350871203492,2.61938235659963,1.93220653905718,2.57316492709163,2.09110153864193,2.70111381180901,2.25479143092418,2.39011405109131,2.35773067884937,2.45981678781291,1.900796752508,1.79731472247343,2.61513183875805,1.80419777552042,1.74997616262681,2.52103250065819,2.45570938970318,2.28844955056507,2.11823951569415,2.18711130972628,2.38022611388206,2.21442850729636,2.38384026572812,1.74830647754439,2.44660902526724,2.05862551048667,1.86674425919824,1.77297164339554,2.43348008769293,2.29728335906503,2.52602350988931,2.03972015330357,1.7765769235777,2.14377689152544,2.4706830170135,2.36664219993644,2.29001044440267,2.08515764921166,2.35002262901923,2.29889628263735,2.04731589354376,2.35341511374256,2.38286608318036,1.82187927526482,2.13055021701539,2.15553226868428,1.96886705570698,1.96180862013514,2.50787314908039,2.16265008145416
"61",2.05885437161416,2.38585720101107,2.07110384982992,2.28077824738342,2.30293193547953,2.13432826244715,2.16213229858069,2.07995337019586,1.55169242409141,2.07592979934819,2.01623367270579,2.29694673134673,2.69948173299972,1.84678092491908,2.2595168866399,1.82848231003812,2.03619314108937,2.36380920356176,1.72076526642188,2.06737380174083,2.38606633782435,1.92370211474419,2.20955123724782,2.14403207464275,2.37037127539144,1.73404671243535,1.68621713495056,2.32558932720433,2.14314597194758,2.00919306416988,1.81773627912174,1.9863878041725,2.24001929699875,1.71103331431047,2.39486157145261,2.26170984054267,1.74479615361606,1.98261933928312,2.28413656736936,1.66955586049215,2.32524311601145,2.22654471760216,2.02280230102583,2.37297209163181,1.75897422963182,1.36458795889612,1.91695294863425,2.28560796376494,2.05709245008603,2.22386877120981,2.19155331563685,2.37582864555792,1.7014983770084,2.4525493472696,1.73260930610694,2.44731345451561,2.11243491088407,2.11161587690065,1.8959015814511,2.23687046290731,1.61773091525981,1.52788988272628,2.59098912789842,1.64334280966124,1.5506753024403,2.21377599926502,2.23921367371517,2.14502115523577,1.79968046813183,1.9661713975157,2.18417910482781,2.05729420096298,2.14315272349289,1.62942120777409,2.31948958325301,1.9447906501701,1.59511504240392,1.70463217701465,2.23544591386229,2.17050771792686,2.20307277291445,1.99604694260452,1.55113805821132,1.83136566530344,2.38753815883325,2.19675702775483,1.94333509036014,1.99482640717692,1.93278554589967,2.19729097203474,1.93569302792303,2.17416769529525,2.02179355243219,1.55278195159227,1.93441119851199,1.99263052804837,1.68980380658072,1.82719529478861,2.38472539687989,1.85875298506494
"62",1.81760252398663,2.02576743224981,1.89811621098133,1.95646812242404,2.14905936720429,1.93906593066348,1.97692042182832,1.70578446293531,1.25562252071744,1.76421883830869,1.72568271271872,1.99830607126362,2.56495298630458,1.58174020519539,2.08598442117449,1.62987023189999,1.76574998768404,2.31141249564108,1.11519133345907,1.78593675904507,2.22632363928146,1.82735549647006,1.93090680088323,1.93772901829904,2.0897336633479,1.56081302293583,1.57504266891208,2.16779071554513,1.86655562219171,1.88779466336245,1.55462114725078,1.7800056484825,1.92281993437595,1.3866297971723,2.21090397526216,1.94319846951387,1.63237002774228,1.71849982144974,2.02644368348587,1.3051962510549,1.9910910948007,1.97401449368831,1.82199671845892,2.33139887093824,1.63890525021518,1.21578128777747,1.70603736144868,2.13277127603825,1.89875945763758,1.93032754707561,1.91860127907867,2.11773944966483,1.38067201434124,2.28365711889451,1.41733986368158,2.30873750150581,1.80530216949316,1.88739559276556,1.86626544593006,1.85365799753445,1.33569581532211,1.39825316419817,2.32528846670297,1.30331146601692,1.30211856380355,2.17390569624756,1.87621677519489,1.74015323772835,1.81984314698282,2.04718471969898,2.06864751739035,1.9743295448251,1.81038560900793,1.26096975783335,2.27909305155323,1.90979467731499,1.50117037257434,1.49130624308463,1.93348770691523,2.00640951745315,1.87206816318955,1.74988827878764,1.50376763506227,1.79869579139416,2.18151112340227,1.83597351250467,1.6699822063662,1.62425874489537,1.90851426220008,2.12977488149421,1.73468736035464,1.84633913888772,1.75981374553981,1.42884892674974,1.72100160691549,1.81874617109782,1.65479198009177,1.458064604834,1.99697438742878,1.49959984984269
"63",1.6463593685374,1.6911831806676,1.47540374219735,1.77740461558432,1.99086285005594,1.53505717273789,1.47545206247769,1.38232303655845,1.09412844629396,1.573853114857,1.54940826305363,1.93135841227171,2.31245058507916,1.23810677374136,2.03583422092144,1.30554365938953,1.4212137640291,2.06839651742543,0.895337042957928,1.6348993707571,1.94647420105418,1.64171681506507,1.66093968167229,1.66683029126457,1.85362861280815,1.485183305616,1.37955474866905,2.0414799950456,1.64466275088789,1.55162821349569,1.0427220010496,1.70060446315938,1.9378427780303,1.04027140724326,2.00483777067239,1.66818450278969,1.45121005283826,1.50535415922052,2.10576554431301,0.935823778606788,1.82329294262898,1.70625410114872,1.74007976190032,2.13397436031572,1.30271852745964,0.967321657575556,1.55181863074723,1.92288068958802,1.65002425349931,1.5763359406714,1.46543447191705,1.95780546935113,1.22867790348572,2.16089185624447,1.21978871658814,2.02584084001194,1.51168924215538,1.59231297113775,1.55101743358801,1.6795282348374,0.971555960234746,1.09851896907285,1.93437208092689,1.02735526586345,1.15082080017615,2.04135512230083,1.6498037009214,1.46392802583649,1.62290671785963,1.87905136953037,1.9143242298003,1.74327301690957,1.5070592389656,1.34220186404674,2.21132324395169,1.53141474551121,1.36122447203898,1.35245252064294,1.64809373877636,1.76292355265751,1.76648465754221,1.39761281912357,1.52241487453027,1.60040953631612,1.97416920613532,1.56018410424843,1.43021468988431,1.38021731572109,1.67377527274078,2.07919183381765,1.51314515910414,1.65514652710127,1.54955934044582,1.24839231793784,1.6516179272572,1.6852848612476,1.46748313693379,1.32893503066061,1.68324052753297,1.36018005178396
"64",1.3780981019861,1.46873609538355,1.4065448955171,1.55471757313211,1.7380425688012,1.22937901684079,1.39993124669514,1.3260740123079,1.20006630031374,1.40237346773239,1.2542954059205,1.78019125252928,2.01738032495916,1.15403259860596,1.73392958123755,1.28521123868436,1.28167139896045,1.73216078674838,1.02909196393955,1.40648406177594,1.67298796496897,1.41875191840215,1.51061130338308,1.40307750699624,1.62058406185219,1.3092031685063,1.37720444575657,1.83009173896231,1.39157074923629,1.23986906542628,0.966556815968812,1.48409389682348,1.6705063389457,0.962939115200945,1.80605744057575,1.44780680479902,1.33022867381148,1.35588548343956,1.7054936653321,0.949342971820305,1.62468698206235,1.51973991021036,1.5254007123063,2.02329446699602,1.25001416332168,1.01851762961618,1.51056141096067,1.72490956432888,1.39471333851947,1.30207445431111,1.38759931861332,1.76161758192759,1.23083704028763,1.70690053337778,1.15388000540375,1.81015166945287,1.51380436435123,1.51062568440262,1.39684037631882,1.45542493436856,0.984231239437071,1.10208765456851,1.74317429913175,0.941226575478716,0.907192696941774,1.73845491806556,1.48940745958542,1.29724517118849,1.44324016580446,1.6599173968193,1.62081752164617,1.60938667468855,1.45965407634102,1.21988212196088,2.01479013588242,1.46012462454279,1.18595503721374,1.26482338508324,1.44787217115466,1.45485827435295,1.54853714892001,1.37171469877783,1.33929873211954,1.47191474169136,1.69732988378388,1.43280993593408,1.27294822463117,1.29189069611541,1.49103359337226,1.76659044418028,1.36924632069729,1.35168359686375,1.35146189882482,1.10402151421614,1.50460975516688,1.61945178504475,1.25216762054139,1.18299366981459,1.35038861457429,1.36502730225386
"65",1.49914801687556,2.07687155499407,1.71990907346023,1.72654564907059,1.55655078793043,0.880027975979852,1.15907520028714,1.30170814325298,1.30388809672929,1.1553619971142,1.1263755831751,1.69316664893202,1.95811921633149,1.26794631203324,1.90577299543674,1.23741325231,0.955569347741591,1.42165707335425,0.93142057424429,1.3689944203686,1.80544396938317,1.56257599114736,1.70771185274136,1.55474397086969,1.47047012519452,1.14162179120447,1.16934478792237,1.84846353319038,1.18027423687247,1.58660226245538,0.846685730094682,1.07115249194297,1.73291770972673,1.20847265238364,2.23908798347867,1.42314967986978,1.59390151521672,1.4106127545218,1.65421377274197,0.995629187796685,1.44569545074961,1.46615839095037,1.26037289595693,1.63020016643497,1.08129546229085,1.16704713874241,1.60697286720112,1.81434402612627,1.55224960677179,1.63087986127531,1.33064596138231,2.1489973738283,1.33598927471355,1.82628006621761,1.37130058326317,1.74726219097251,2.03218873200768,1.53358937796545,1.65661287071097,1.51744641381969,0.849906306781632,1.19261134472375,1.74341029844015,1.16606297833601,1.17327513785578,2.25754838250567,1.31682420480708,1.31711882659568,1.49438904393386,1.80095573446482,1.51468870083709,1.71475385642512,1.50268133066039,1.4295052183554,1.88518788790316,1.44740559672619,1.20576140436879,1.44554328736343,1.40295987511186,1.26559504949464,1.39642883921547,1.40032292070386,1.28814715433706,1.36835399019475,1.67399101688457,1.54284099570047,0.987325449331477,1.31816912042679,1.66876392489895,1.49534580878115,1.49145689855747,1.57248336033101,1.55680294175719,1.24675885902723,1.62976047460503,1.6397842449675,0.97085827058526,1.40128927414703,1.53864159089526,1.58053905135147
"66",2.10273929930629,2.27834119013362,2.17686999992688,2.3571261325762,2.19328695806803,1.55346098687715,1.4644407088836,1.3920766078875,1.61337438967688,1.79470726324123,1.83589368966338,1.57539951425506,2.16747765368227,2.39993546440765,2.22774451667524,2.10343583233079,1.28674748640671,1.80399376222467,1.26419203828071,1.172325504447,1.85699931118704,1.97040229433265,2.15527158636143,2.09681971683055,1.72448234049952,1.75068260812452,1.11374338340542,1.86931753127223,1.27588001245246,2.00652768348462,1.11624289602596,1.97275993783247,2.36968281351214,1.87337660233231,2.48653471397438,1.87015675165174,1.88967822278388,1.6558781069113,1.87047179077423,1.34290860102377,2.06470629193633,1.73827860984675,1.22236521814879,2.07604276738663,1.6588734054768,1.34120364184895,2.18450919448093,2.52427499209437,1.98727224715058,1.91864055164277,2.30908759276,2.48728070002613,1.56778956906505,2.7164059221459,1.96748816344284,1.98596418808057,2.59664661505393,2.60607922087351,1.89911549361928,2.2413022535125,1.52138129551879,1.64163470324131,2.13916162215429,1.60522255491011,1.23989723182537,2.43594036002489,1.78759814015269,1.97489752680006,1.94868174808351,2.13032389092626,1.64086725865528,1.92321098566868,2.16459356171584,2.04766477508856,1.96302442296269,2.3531536237017,1.35176474855863,1.96542176318186,1.85521880256639,1.69233458380306,1.70518414084442,2.11723925174776,2.05299399510788,1.71803972631546,2.19951438746177,1.8381486321669,1.41841147945058,1.90793965001033,2.07731717403198,1.64285162389999,1.77762745796181,1.59055704237814,2.5575193547762,1.89453875291963,1.93393380953103,1.99002393266945,1.61934342471401,2.33986025928006,2.46147435575618,2.14715904069429
"67",2.45201108760006,2.43604205502324,2.63717275907809,2.50789405144346,1.82535456273604,2.158822310438,2.15327225276444,2.06023281776223,2.0606335606033,1.9965604981292,2.15019008807525,1.91803295300804,2.23303509655363,2.61282843208909,2.34574988090977,2.44725468018656,1.83300787166084,2.07712297183935,1.56556541119242,1.97117667710763,2.17395917736558,2.19768461560942,2.34114824303068,2.12405106257191,2.00510928963691,2.11156140467929,1.68243893608069,2.44702787251954,1.89023526537373,2.57023538094127,1.74443070138334,2.13427242898211,2.50275472089858,2.20696548102486,2.60886016675401,2.45447380939959,2.29983418248219,1.9730655515708,2.42264496249973,2.01105171907589,2.5531874383959,2.30617760802869,2.01338134578174,2.23550251578432,1.85824925922987,1.8034165222354,2.31285713840027,2.53083877242672,2.38165384558831,2.1038130811829,2.56554532288351,2.48089858232663,2.04994279258733,2.66516323454656,2.14895666123641,2.34990112467942,2.64395396317141,2.55944076172697,2.84135450504586,2.51629727899415,2.24179782314963,1.87590615538933,2.26016158725345,2.21071471110002,1.73568652480565,2.56970578259339,2.01889737105563,2.17506274935112,2.19230379068962,2.40721017292634,1.99563520391129,2.34187119115595,2.33294829165299,2.58873990457796,2.03114500533339,2.12556679863175,2.01700579724829,2.37900091629227,2.06928457304879,2.03904250268469,2.10764515543847,1.82878273126401,2.44297790982901,2.38523938011075,2.56476225047773,2.21533698367796,2.17509011827017,1.88244901814309,2.44242824841567,2.12289424724056,1.9101467045027,1.92340191087878,2.61855692302312,2.13134211734937,2.2815580694777,1.96338760516015,1.67125320526564,2.32474119691428,2.60704660290148,2.22658207723662
"68",3.15573635345304,3.07686575222734,2.89954407893641,3.12421565449605,2.57090099579315,2.50173701711031,2.46343229816219,2.79267510789913,2.53646419803873,2.45718303207926,2.58879185003904,2.23682493306354,2.48739363589807,2.94639452497682,2.74003897958536,2.92003703821053,2.13376716880859,2.31209264727854,2.32972988083991,2.2924386954166,2.51555301938713,2.66172879639408,2.54992511111868,2.88541797660842,2.43268186745249,3.06918178052037,1.90629680379586,2.76929382206283,2.26830876155137,2.70244365490299,2.31018801891301,2.70885810711491,3.00014280199068,2.67332640867104,2.70383101483582,2.93984329956518,2.21325165009601,2.66166292600287,3.00570548603501,2.08712367690403,2.61003557664347,2.99013681168741,2.82404255681088,2.90892413974736,2.53063902208505,2.09696910465864,2.2886900776112,2.46361160145895,2.42173586740773,2.77345735140839,2.85713611566197,3.17042017588963,2.58509567492655,2.76366700526647,1.82288627309716,2.8547185004427,2.69468418916909,3.14732232835607,3.00861624461063,3.14508286454984,2.91008029115377,2.08604837778527,2.50438653385637,3.04834792404451,1.76772194789018,3.22414001262999,2.03947120582087,2.32740111172207,2.96880646363008,2.47558782255526,1.9530142702984,3.30727998250833,3.0415188390611,3.13374408361901,2.31355800842222,2.16827377894168,2.53278175952078,2.98831985505658,2.80893836387051,2.55223784843675,2.5383704061367,2.1357116257901,2.68011643968887,2.85352320204978,2.82154451479426,2.74797383676241,2.45085615269022,2.13661241115124,2.69176437305504,2.3850730144569,2.06695979033605,1.99312658112131,2.56091280152001,3.01738169839157,2.90716752368769,2.11807775061148,2.09654538116042,2.47269864080239,3.15121299675284,2.39935966409382
"69",3.16561234305125,3.30747451222153,3.80754398942027,3.81137174752258,2.86960200071071,2.90973449589794,2.87784764194261,3.19337898539502,3.37871880692444,3.15772123348624,2.80269278592699,2.16845213536373,2.59195183618881,3.20883196573402,3.07023477066053,3.04142603199144,2.25960925351515,2.97666439349957,3.15915990210597,2.82432341230827,2.83379730796952,3.41489934634871,2.46753587327049,3.48800053089607,3.21983767294478,3.37745458483534,2.0885648645956,3.34498454010741,2.66549974991159,3.16311592603543,2.04426846483085,3.28742687612883,3.68750508897636,3.09538212721092,2.83332923460477,3.20023628492677,2.50880652042172,3.3879401560031,2.99335225662439,2.69671174006522,3.24218059684127,3.26971315713198,2.95388527300626,3.5672919461701,2.86970806999827,2.3677590884065,2.56869766497062,2.90417801790827,3.25709213825034,3.1584229725163,3.48215077129287,3.39079041412431,3.90852747069799,2.75629244374201,2.0351683960201,3.12865697119711,3.09859921387998,3.81155781881159,2.99981822409729,3.45760369784743,3.32599387532883,2.72005038277692,3.72632918426226,3.59039477645969,1.89862834877758,3.10818565874679,2.71512235234178,2.29499425288313,3.35756697502983,3.01562238609865,2.08646746788347,3.65402605028306,3.01683291501321,3.71757270330809,2.52608973975957,2.00368112769417,2.96710519400639,3.37481586860834,3.56263304018535,3.16510231310343,3.02047217369277,2.49095724164262,3.28517901520609,3.65300188229608,2.7867069030344,3.19516342421714,2.351926452959,2.78824816836466,2.66567326502653,3.02416662383223,2.57330638340779,2.75706239424263,2.99518308419055,3.05238323276166,3.43459407300329,2.25791402466772,3.00710573311706,2.44441714668473,3.11342133043839,3.11201234657813
"70",3.50302200274636,3.7327424998701,4.3779013630693,4.46846870273968,2.99393401413822,3.42711825667872,3.47435509303151,3.71137512888243,3.1583796303901,3.23261681630138,3.03319312332274,2.18663954084585,2.89982595600587,3.79125195586689,3.76113165145354,3.12532926389944,2.6564864694076,3.9561880251068,3.32541416373391,3.41978694746667,3.5410733820827,4.18538171181591,2.96746342228209,3.56649472697621,3.05935752357951,3.54310432425106,2.47143908241136,3.36811431861198,3.33368305568407,3.99662113614871,2.19410041976409,4.01009462045318,4.11977090497372,3.18827632317291,3.56324725883239,3.28823954083971,3.01355211364908,3.53635502990687,3.72390759016438,2.8396739707374,3.21730023589558,3.64857981381248,3.64979923555128,3.89889574198095,3.3999949235119,2.75665507269171,3.37864380936982,3.83270317942832,3.72228407331997,3.46799918239719,3.8582546311986,3.61503261647279,4.43655419683629,3.49215167201352,2.39984623687479,3.72894777654366,3.01423867351235,4.32141982514444,2.92747029875503,3.49635498137602,3.36972319769926,3.08197795654707,4.00977827442637,4.19428282950749,2.3743342572438,3.20075009272541,3.52819902686699,2.75987887412035,4.26413046033183,3.32304889835194,2.38052294328316,4.01679197704708,3.23820310753913,3.87818212612589,2.64615307098104,2.31572248738589,3.32970229260074,3.70075088556742,4.41075255214719,3.13780635991638,3.25036703276849,2.3839947440138,3.27280136877528,4.0848987275461,2.50178441102819,3.59526227362411,2.63295184662113,3.35473979150358,3.17929519395707,3.3832310521538,2.87901435538738,3.21536372348986,3.58272303330289,3.63589766092219,3.93466919136566,2.68802945360113,3.20837868422492,2.90908828088614,3.57397058882049,3.21853159621037
"71",3.16287110613376,3.3146992152699,3.38819785675216,3.65512070057856,2.95101796422259,3.0652521195882,3.1268051011497,3.24135596517207,2.96090944871552,2.76244764512518,2.97120513706464,2.32258161488607,3.05061852125641,3.34038671859547,3.30860628113738,2.63995745603334,2.96767162070026,3.16873797271069,2.63953176279787,2.82312174308037,3.23291564999928,3.33209105057778,2.71220883047337,3.01329510995787,2.90928664638879,3.1554797457498,2.35227921254593,2.95000755227523,3.05467716359208,3.21477426620721,2.36757562512498,3.40023986120582,3.42254598894151,2.88816189216015,3.10812744683036,3.18384641709841,2.77420584350879,3.07497188593204,2.94756668679168,2.98085989922052,2.8263260463927,2.98968435423087,3.22208327927571,3.01075054035232,3.00236215444338,2.8520235418712,2.91789239447907,3.03324320026549,3.0921975525146,2.97615021567513,3.11461257478843,3.12197659852156,3.51667787448957,3.05888639202673,2.66445642755864,3.02558116048206,2.84148004226408,3.59153152591375,2.64113555279337,3.11512399451519,2.86831798538405,3.03182601302799,3.22435400473104,3.46318088500282,2.76544780248526,2.97626994280705,2.878039062777,2.49819990048539,3.39122586801308,3.01966400085893,2.47990561927036,3.36273264155494,2.64538425431607,3.38125636862022,2.55834755728996,2.39915413651094,2.90887048775761,3.09996119425523,3.49209694167718,3.14054180759012,3.01117118703797,2.4676528819677,3.05346041896049,3.33803569713886,2.54204543168629,3.19452641877871,2.84061790274651,2.88915985731439,2.75196124862345,2.81439997128323,2.87843863804767,2.96149495648727,3.01233491189492,2.94321352948282,3.31610079511936,2.53147161381193,2.98058145180896,2.70539426949593,2.98466855945464,2.74875104947992
"72",3.84629203610894,3.50062172029923,3.48470583249424,3.84468006489576,3.06254341943323,2.82049483083073,3.43539096116192,3.81885874213523,3.17806573315414,2.93254051496091,3.3164873224682,2.47181266084634,3.57319904986846,3.82194695962939,4.30005169956265,2.69988350839616,3.43690028813462,3.66881891047809,2.90864938654054,3.22791178739712,3.37910819426675,3.75125213739396,3.11424354698325,3.86997560922164,3.09646992683819,3.66774473463434,2.56989171397384,3.1521237495056,3.64742010445493,4.11843454156083,2.80097164001292,3.79720697459246,3.65029984778748,2.83235408138684,3.52501666924433,3.18578068861933,3.14588128308681,3.26285866934286,3.50357371415135,2.97204252361706,2.97438142394782,3.31478571676855,4.07887600539581,3.33248169040764,3.76786997162108,3.44902503752235,3.49278499216139,2.91754044724994,3.54143498767186,3.23031108048757,3.91112829079567,3.89855170463121,4.1606679385792,3.62300922187821,3.25364743824691,3.09990024831951,2.83558825471734,3.71039057495822,2.81314175093921,3.56992138740509,3.32600163937307,2.99184772593444,3.19304817086313,3.49634703693755,2.82566182922763,3.67845545899783,3.02606885913934,2.75743176041641,3.59603680396622,2.82299757401572,3.24168217510202,3.59483072751301,2.1380363147678,3.55880801188164,3.0785277638525,2.86258227915502,3.07417336361693,3.12437842590686,3.76132192305699,3.19607178756953,3.49351883822097,3.26592958436709,3.88641912303565,3.40971217750813,2.54790396694245,3.12742713767469,3.43362290995557,3.65912529132664,3.34825523071583,2.97689870600987,3.28843969223923,2.85818310334941,3.27780608130177,3.1149006249616,3.90682326026224,2.39898520887872,2.99003604098536,2.86485151153237,3.28041618513809,3.18738406091353
"73",3.98808502945431,3.80941385646984,4.11130296258081,3.88304670790108,3.16813450411797,2.95523937561881,3.69076222717648,3.89173297995579,3.62123736755399,3.1581526469451,3.70189040300306,2.79119543405344,3.59857591640793,3.95508396435448,4.63845717184714,3.53718779235157,3.9723102202005,3.72709251434323,3.61269213777936,3.84538033581576,3.6941251924437,3.79655705087248,3.32639025375624,4.20003814798497,3.33160594914398,3.92525701739357,3.03054201211885,3.49918374553847,4.26723979817511,4.83235078900873,3.49077432043234,4.44252680975646,4.13529664162543,3.54210043248265,4.07429650271499,3.52143958368954,4.04079798183092,3.54289104421981,3.85782467765436,3.02360399003972,3.37042231131184,3.75669788018859,4.43203412738734,4.02164746487117,3.9428574866153,3.75451083856656,3.62440519172297,3.35903129653114,4.14585328096503,3.32264879993028,4.42402088249773,4.06850762493302,4.7665844403716,3.66753222252821,3.15771765657427,3.76088101487282,2.78717237075624,3.71784970658813,2.99032899242234,3.6700974877011,3.80289707594073,3.26255130636342,3.16091011158446,3.61229665164338,2.93856377053044,4.09673949339765,3.77519760218164,3.28590397791207,3.70300189616716,3.12421860433994,3.44218776971851,3.94732353755656,2.30373976264159,4.16700525132856,3.69764703929503,3.54829307592462,3.40588393489096,3.35806587967111,4.37335941714565,3.52003889965556,4.26137622821821,3.13936284162974,4.2338530521967,3.31890944471267,3.34438479416475,3.72854728317154,4.00297973023846,4.41962517845092,4.03229585132263,3.3513906263599,3.52863670634426,3.62706199425722,3.95286547575834,3.35679397931344,3.84988951011532,2.62519755205628,3.62176054582671,2.95980085668671,3.24796662524045,3.19316968725439
"74",3.30422677214838,3.17370938810757,3.43371611913297,3.29028658704727,3.03347067530226,3.05442032330816,3.31974612619152,3.39353605766004,3.47626909928238,2.65189113398441,3.16057685818761,2.82827199055089,3.26072516273445,3.43852656902881,3.99692325591189,3.2625444383003,3.37416231038493,2.93186389594529,3.34225345921255,3.28570783050845,3.17428292026434,3.27724444314652,3.21195335418884,3.46040488538916,3.29245862011216,3.34038543383233,2.76582323682722,3.29466371548472,3.70402322402374,4.04876882135468,2.91001118210719,3.25428124235218,3.72477269881564,3.19758190628407,3.67619571647326,2.84632575809191,3.28347178297664,3.11980895951985,3.21344813737225,2.95079792234727,3.18599936821263,3.19665371736027,3.37674386314559,3.32768644106104,3.39073603760421,3.43971891791984,3.21407911474171,3.25884873266184,3.7978504184258,3.0796946858413,3.81441215413493,3.38427000549464,3.99924268628732,3.31965722923676,2.95269004876819,3.42024379944988,2.98443847610496,3.21817670585883,2.93027434109421,3.20158085212026,3.32023901342792,2.89036034290969,2.96691188406464,3.01716316479146,2.84303140036549,3.58401934386242,3.39245997386586,3.15572687668971,3.49397258668894,3.04533572713801,3.16705991585497,3.48592140304275,2.506190995742,3.89569401139513,3.3617407177485,3.29529925238445,3.06540702462854,2.87791687758288,3.56173525465044,3.23430458922077,3.45723710322468,3.06645593761952,3.73433535276238,3.07281279069673,3.089178305736,3.38480334019794,3.43904770875321,3.40140880284934,3.4315744260238,3.16117672671016,3.36534323466077,3.00050428463158,3.47972909736395,2.89068831246163,3.16935478052198,2.81631053219454,3.10741745072535,2.95683959714754,3.09258031083732,3.23631389537193
"75",3.92491561705319,3.52279355041712,3.59050295909526,3.9129619683618,3.05499697370091,3.66412372760414,3.85662547529571,3.87717286249616,3.56240215941459,2.66625198137772,3.06260368522288,3.38452522638508,3.32765116127346,3.44432301368957,3.90988179096401,3.31835951745113,3.8342246836503,3.57041935922325,3.2097207083154,4.21820271180806,3.39525604762694,3.59958006026731,3.55925884181615,4.05342942697687,3.44184208868014,3.92678402845378,3.16861831718083,3.49988134810644,4.17814183290202,4.22112701429472,3.34753071522731,3.58691255948996,3.97984262589074,3.56056269632816,4.14642841015088,3.46380292950477,3.57688844084032,3.55661131385337,3.42491641999329,3.06578164137815,3.28068251249035,3.48810643827955,3.53962160448202,3.72168358724162,4.04133371558237,3.86846959997851,3.3025771329426,3.31779334206112,4.09083740259277,2.88887236990904,4.0888897123478,3.69732637721848,4.04499867105036,3.19776097212913,3.32058250243558,3.74100303848078,3.5149936657076,3.04214987542042,3.58520548189578,3.46376284120317,4.0654604873182,3.58159812213498,3.45958685604413,3.55652244827482,3.13024066250559,4.21994940685888,3.48069267011447,3.41079963261727,3.82773061412093,3.405173672613,3.46713011830156,3.93007714973032,2.61651239834149,3.78619428971578,3.90114727080296,3.69327273568141,3.37140463712107,2.90441017540313,3.97360807225253,3.46201016896426,3.47217525719442,3.35711090529007,3.74989046658249,3.63071507522091,3.25675369193203,3.79543571404812,3.92911655308413,3.46065949253199,3.92558119282068,3.55671224852479,3.70170121029271,3.44616459237429,4.5984424318825,3.14436300627903,3.5285325791316,3.27712583935367,3.1594764568257,3.60663961556498,3.50954855447773,3.56172277198568
"76",3.87492985173457,3.51561633680443,4.36778055449269,4.52348596466559,3.18469673478328,4.16270966051521,4.67659964180612,3.45158761010914,3.69340968279595,3.01650254916566,3.45061545077009,3.73546120574343,3.40567901922958,3.51935882137419,4.1667494919876,4.25665483027605,3.92184398220889,3.50666182845966,3.58058039642462,4.53079144308814,3.51216500194067,3.91661012098698,3.98899415050654,4.19043486781477,4.22115120279044,3.96512731895022,3.64715236873522,3.61106633467036,4.91540154075084,4.62905286883113,3.54708154107908,3.94439024134903,3.84994332198729,3.52544006588945,3.9024655416555,3.69528049787302,3.82722020963801,4.18230372448807,3.48938038260218,3.14681059342887,3.51978281279703,3.81569703541699,3.76549585901801,4.51774875090727,3.98794280290381,4.12013061475893,3.20395340375857,3.40055240040215,4.80952636051598,3.05941227316775,4.58955066741186,4.01378948358014,4.25479263503408,3.65476130417209,3.56057463825444,4.33907490364869,3.87051425295862,3.32084471540984,4.08006568997496,3.14815561974206,3.98591545202079,4.03163197257496,4.17010862266267,3.89685631765512,3.54182219408037,4.29952227377326,3.71435250157956,3.48694888594764,4.21342789464281,3.59914880311963,4.25241201980035,4.45353285669009,2.83143148990482,4.46239447685576,4.35134549683943,3.97175823631832,3.93868519076062,3.4774507079776,4.58661139951254,3.99318693912861,3.38706402228093,4.31314778283621,3.80460996195306,3.65642169606473,4.00295468633416,4.09570571238476,3.92999219097313,3.41668583896668,4.39787236169279,3.97280142116017,3.99097714187151,3.85724128889689,4.87212445472259,3.46140846244866,3.7211721506606,3.40986259422769,3.47508879522006,3.95991237958163,3.57245827484935,3.58608764585212
"77",3.99365433939975,3.91840246410543,4.77409469416731,5.24676281479871,3.34798080408951,4.25701962441399,4.86818338390349,3.71055406737746,3.91344808306254,3.14445934507397,4.05005490767648,3.88789676899623,3.91635006576618,3.85962464258664,4.41617314572063,4.48614526821331,4.24467376850597,3.94455936697209,2.97858276192672,4.62413443571192,3.22828249701265,4.41933882846227,4.12501831950133,4.75141392899245,4.63448651117845,4.45831538993206,3.80849515176045,4.19539021619595,5.02038539318149,4.99873330522395,3.77659371590375,4.19268994155436,4.5034601351016,3.7605792176751,3.84917911907886,3.71539536544797,3.5967170033242,4.78259655090797,3.43955665122867,3.22936499076299,4.7315975050844,4.15482264971682,3.98146569728334,5.06610817657993,3.94805171882941,4.18560850478436,3.46258582929761,4.26401931603354,4.97633731223952,3.72085658265791,4.75432579786947,4.34210117612669,4.88120417535415,4.11911759120414,3.98143935298229,4.66478737406856,3.93736669702262,3.86221810291796,4.64679034073989,3.30341662406703,4.21995029129342,4.51814197850388,4.60221110988303,3.99445178141225,3.48727706155971,4.37925122227594,4.04965208968168,3.80518717411685,4.23295471938909,3.65457189282596,3.96610313037038,4.74184427642847,3.10423894876327,4.59926982188589,4.68682662625341,4.39106648887365,4.01833257644712,4.02688379982589,4.62243073035018,3.97786794512176,3.85754381266083,4.71971834580476,3.85812475717322,4.03908504114693,4.04350309403522,4.57086362977479,3.97906148279233,3.66306977093142,5.03963788674861,4.56006902403044,3.93482465945595,4.26323905711848,5.03478506868357,3.94799148925101,3.13986782459243,4.00687621599735,3.86470272801104,4.64640109542523,3.80546616610011,3.76070138952814
"78",3.41648720572761,3.49223983029833,3.57698446865482,4.07546112356524,3.13048696467186,3.42428227024065,3.87638806613225,3.22952404617814,3.33798024670531,3.09718624399361,3.49221953681746,3.14085268125264,3.31602801126611,3.36524415551305,3.48270933822396,3.44029538820645,3.21096239133947,3.11272254101461,3.04050539641388,3.68666609339768,3.0989040172116,3.87353649612796,3.45249994006672,3.56986520486905,3.71457577128066,3.53876916904154,3.10842629251906,3.43863150706555,3.72422353501132,3.83823460647938,3.07693523445186,3.38055186619731,3.52901615894389,3.08659268624554,3.41274876621683,3.20352323636615,3.11746331344248,3.85883364444329,2.76366980610804,2.70483689597405,3.69028853879344,3.75793423558425,3.33157822366838,3.73824486388054,3.38880673051182,3.39905556271431,3.24021591918546,3.60491748107685,3.74942238568808,3.3603744385508,3.51786237805531,3.37088887721399,3.91240645521954,3.39087895237817,3.39374780189768,3.60600385187392,3.4875543954687,3.33815302189958,3.51625794735956,2.99387225968995,3.33930956367216,3.53432034969822,3.71718833141393,3.17828361313557,3.04952616713006,3.5957031044786,3.42220688980097,3.2043525205664,3.52025928962922,3.2457769072532,3.24546127929432,3.63949536446366,2.48772709947736,3.39791672896277,3.7147495270917,3.55288177361279,3.051849562418,3.4273284467077,3.68927247810177,3.35440369695204,3.22950171052546,3.64300265717636,3.32239381239418,3.34347570710272,3.24183788406223,3.84604814872538,3.43393686288256,3.1736482043035,3.94129141228698,3.38733579250752,3.14898635621842,3.32752005099986,3.80413281590055,3.43968723332098,2.69388000868053,3.45202346448023,3.13610504350527,3.6514392967548,2.98212485482967,3.19127177276815
"79",3.30453151035193,3.24853027440551,3.38173627023871,3.67908543292302,2.85262283329663,2.6501054231607,3.5169078178737,3.26835960766556,3.29240850993193,2.95429370478828,3.3549438089365,2.88893932089305,3.29067817378921,3.04005554470443,3.32884236818029,3.29669416504854,3.28330796649267,2.7192000925725,2.65176554578411,3.33443417635189,2.88337142959331,3.66102797738564,2.96301688501492,3.40790260510483,3.26059081073407,3.38514082845103,2.73711846835933,3.31780620748636,3.57262377739772,3.53808949434144,2.63852197705754,3.03707820123191,3.20780073736281,2.95496753205282,3.29751664992767,3.03435267441741,3.02231488981212,3.67805404110331,2.36649675758387,2.3706907074706,3.55900712511757,3.48114690165179,3.05460618470983,3.38518001329006,3.02361205655654,2.78771016781681,2.86979376216038,3.61761620278913,3.59705530291477,3.13067570546917,3.31016039607876,3.48628803597613,3.60192255031214,2.96010259070239,2.47266587514054,3.09685785509496,3.41110207243723,3.53459282904253,3.17293375954841,2.78721574266058,3.46259778270575,3.25625633771796,3.60374834385419,2.91404113805279,2.9283728780647,3.21369911960941,3.23760266949909,2.76257978689967,3.20520212214935,2.90376449349983,2.9165236802657,3.3738065847259,1.95377773232686,3.17369859849166,3.61914696154213,3.30867951937035,2.87239556138454,2.93259278383115,3.36879105278055,3.2865600453534,2.78753228307905,3.13595130963756,3.24442999685194,2.85195781108806,3.02648451148931,3.89409962203041,2.94069107941333,2.84887024999964,3.5360246164599,2.9881757614302,2.68641897428617,3.0532741633672,3.54256943776778,2.9827628461726,2.30747245155032,3.26865391534265,3.12024413876247,3.49545383794,2.89404617702854,2.91873352115773
"80",2.99106756619552,3.04850464040693,3.01483715474245,3.3912687205414,2.71638538990493,2.26170417870572,3.14541837574987,3.19611000441051,2.95282898644013,2.94820465297769,2.95246470387826,2.41230525528964,2.98204366851,2.777072944686,3.16100599627108,2.93902803198377,3.01317377781566,2.64396421875302,2.52495964846787,2.98774074952247,2.46209418651049,3.49724742132376,2.85037428781317,3.25537515775206,2.90424766622403,3.12360986396496,2.26544935725205,2.99375280767946,3.32211723914812,3.1969143743192,2.48597890594801,3.09422534324659,2.83125797024825,2.7475300077916,3.07735455837238,2.8175765938529,2.77089432451421,3.59563921856767,2.08161322676143,2.11149256667492,3.51307794717893,3.20636354730376,2.59696631232767,3.15545617273461,2.73392973291127,2.51758742740281,2.63870555883192,3.27695441468596,3.30303822404471,2.89834886612703,3.13279647854984,3.28102713499166,3.4579013247308,2.77310278722006,1.99921902806452,2.95249443714301,3.14760601365144,3.15906949331229,2.85614679233865,2.54959085317292,3.11700940121366,3.02141570606056,3.30425106018079,2.6386234784631,2.77554603158506,2.93501034180585,3.11065767605739,2.4699794024087,2.72247761957418,2.43983273809011,2.59550766792567,3.05940106275044,1.70934603172744,2.87005009096188,3.40979296474515,3.19609882113641,2.52256086482515,2.56168038399385,3.09011145172728,2.97123941407274,2.46972614375004,2.85758665721328,3.0147081392755,2.48777734366573,2.73153480475155,3.63734152913207,2.57065261155784,2.49120050716349,3.14947339647824,2.77193374187806,2.45155901225783,2.69836460084856,3.33171053701199,2.92161482253814,1.98941078020061,3.10804965069005,2.86709015900747,3.19269107455788,2.52969582340926,2.55131275792986
"81",2.35246810271576,2.44471499113732,2.48071933595035,2.64538326689303,2.13386765815055,1.86580283808893,2.48903181459154,2.62471790735003,2.32490248448995,2.19070521646038,2.32092285181022,2.05969477749311,2.43659262232921,2.22171873158893,2.50351994898673,2.38794423697273,2.42351807288605,2.11805391234304,2.20020502667085,2.36113951701659,2.06283900683784,2.77255375860804,2.31809523023166,2.50528887867892,2.22944994979091,2.51607980563715,1.80256054202454,2.33116906010952,2.52164735067577,2.49321216604249,2.0693799035905,2.49214140164028,2.37222500797233,2.15670909427529,2.44643585346706,2.27412353619164,2.271596436225,2.8572991369204,1.66608743648902,1.77714509743948,2.78317371519697,2.45548560270005,2.19818769506036,2.39385639115686,2.17795036016663,2.13687089822631,2.10848707197681,2.60102592593598,2.58084740626796,2.50227669045498,2.30552549318091,2.61317035634104,2.66265478309951,2.30532045429862,1.81821385973566,2.39679805543832,2.53881148135064,2.56063858566517,2.33708785361857,2.08331973373574,2.45409725364832,2.4775006415233,2.56731461593811,2.07459542369597,2.14245221014745,2.40407031196468,2.46728631423441,2.03164396135695,2.1637397461039,1.90918439841539,2.06103728928725,2.46215297147441,1.46482045653456,2.21884984382705,2.73316332217381,2.51002590157858,2.06621923584688,2.02947461436827,2.41629335219556,2.35022630670682,1.90716691486627,2.32055256363172,2.45434176406033,2.02355420432374,2.21350268165858,2.86589383529039,2.20057562502664,2.10075876962724,2.38844731919501,2.30638072058355,2.11015703151906,2.20531129732764,2.49504299250794,2.32461024290399,1.59873264780469,2.35924717193966,2.32726751787913,2.49512548898666,1.95388428060028,1.98810521929506
"82",1.99011742360464,2.1673648546647,2.30618582917674,2.12910555113909,2.01880636966836,1.55253872113268,2.17087662570028,2.37287363158237,2.29716710730954,1.93795422138822,2.0838650194577,1.96005179030358,2.11092931301789,1.97157052729,2.28943928805206,2.25247207772469,2.2146929053158,1.85179711050379,1.73440505955652,2.13045924557222,1.89479623704755,2.38004329229463,1.93629344054281,2.31930697780074,2.10066846616692,2.26571219559874,1.69934307996442,2.1281196868185,2.29073606581325,2.16008774647633,1.81149151831927,2.25582871178904,2.25058425971089,2.10314326683361,2.22086916705482,1.91055368804166,2.15545098187421,2.63062238864964,1.57784466692749,1.56613315388419,2.49356755442878,2.1218462061236,1.97973353320468,2.16120668759578,1.80099585820696,1.90956296276016,1.7461261403313,2.35011137882508,2.3614255343605,2.51453512506158,1.90900629488165,2.30896015709771,2.47692776542688,2.10494200810001,1.62728699888282,2.35057732081648,2.47851874353772,2.17980249807058,2.3148279004735,1.93418724671161,2.33324151829109,2.20262542828462,2.51892970885433,1.80728442486079,1.88468502718407,1.86499888573971,2.17285280945264,1.73890756901937,1.85344338106246,1.67647474267076,1.99444615647714,2.17651066501454,1.25570150614703,2.20382624914457,2.55592042299177,2.13988568733353,1.79907403145989,1.90257479633873,2.12487175337068,2.07810257166029,1.76743767699488,2.16386349866486,2.15837419188991,1.68611536066396,1.85170972794705,2.56716155568929,2.03955817936093,1.879010559208,2.19965376619349,1.84528099723074,1.76183985917029,2.04659239522153,2.29947569194091,2.29674287686142,1.3193393421494,1.91363525773816,1.98212845200069,2.17754790259968,1.55558715950985,1.78982672454623
"83",1.81196418358888,1.91359508803633,2.30330722732999,1.84540373925843,1.92378143376056,1.16155573682053,1.99176719465675,1.94708956595153,2.20597323458443,1.65381460511128,1.96370600960439,1.63556276176993,1.77291806562037,1.59419938960255,2.18758750128515,1.92780904868376,1.98535780592709,1.63628010836757,1.46837334577554,2.04073314299218,1.45085961929169,2.08114742341495,1.79758003154965,2.2456429367786,1.78357302198257,1.99199349204729,1.39194412690553,1.86103587705081,1.95885742323319,2.08063476638526,1.47283808137294,1.93194433281819,2.03557673786763,1.79362667838512,2.07225566105122,1.6422945289667,2.18248582818877,2.44974753469289,1.18475954782047,1.31260963651967,2.3493589631841,2.01661712448514,1.81233775169568,2.10860471139895,1.564770087288,1.70442621784197,1.54063415027033,2.27328193819084,1.93412281498719,2.44464914078912,1.79047858364042,1.96596223586569,2.34153399919511,1.79910203910921,1.32765300654458,2.08929350452151,2.31252301735677,1.90939244596862,2.02655619592024,1.8405094016912,2.0375475561208,2.02831817911058,2.35271981193475,1.52692938823803,1.58856418707993,1.52778491126748,1.8615836100252,1.57962051073882,1.62535013105231,1.36790676053061,1.79817753888144,2.19794765427611,1.19422021475917,1.83230555028711,2.1966548208722,1.89568542541692,1.56310039746264,1.75490819931213,2.02418498867575,1.81515862799745,1.49411228022868,2.19934783383402,1.92444140534711,1.41076705396873,1.55563404666981,2.36357786492687,1.67896113061023,1.73730210765227,2.09324270614941,1.45888752620472,1.37068498439259,1.83224681297324,2.22209743589079,2.22805138940739,0.982795235696647,1.7468540128325,1.82223403980531,1.94932411439892,1.42797261382094,1.47338579708218
"84",1.5909230872909,1.60159491171411,2.23213629954863,1.52894992360254,1.66738082026313,0.858972820434514,1.79224324028026,1.73014589807018,2.03334219782432,1.43422278457866,1.621404330021,1.37174737767771,1.55973025331405,1.2842183350055,2.00691724317949,1.7157016018463,1.82120901535256,1.29485732342525,1.27913139770532,1.81334298426907,1.1446048637105,1.88991460243325,1.55574251918982,1.91978371288384,1.4776326900112,1.68185474211824,1.16668308768436,1.79022351650747,1.72073995910515,1.93198351049894,1.10422265324955,1.83263704420566,1.8386145692383,1.53347961936713,1.87095541398014,1.36792635450405,1.73065498576522,2.17645985106849,0.98699615976247,1.08116986753621,2.30882145415248,1.43670258180961,1.51942052973229,2.07194696216364,1.38466559389878,1.68206590550317,1.25234641872963,1.97661804148665,1.80094744270699,2.2490469394537,1.70517294600571,1.81438960754492,1.8460904978201,1.79377049487989,1.11060000102311,1.77979941311664,2.04769629776567,1.66926293437909,1.83825367341537,1.67304393566578,1.84774156151725,1.82844046599423,2.13545288585626,1.39218712580557,1.55071736297588,1.3569645339948,1.85462738078808,1.23116611993451,1.25094132142789,1.24067470773714,1.5877265737507,2.032613397088,1.1797369883118,1.69356420976544,1.95138162650538,1.78164286020115,1.19516790601446,1.41033629971494,1.85360494606866,1.40620671260599,1.24444250883663,1.92749636440365,1.709882241958,1.10648437172269,1.38316662817452,2.04394371708975,1.54773580345488,1.37860058930521,1.82374589587145,1.27043156614739,1.34802084874111,1.57253676430205,2.10393675613764,2.03178335512521,0.677362886889481,1.82961388761614,1.57165060256465,1.83661632608569,1.26719914717212,1.1666839039321
"85",1.30859610227145,1.49663280418786,2.05109090599985,1.17790870149053,1.75825793260643,0.587005818482599,1.58502626571714,1.57501287421383,1.66754134993061,1.23854411372615,1.47112533021601,1.22009833967979,1.29828692738298,1.34850078268032,1.95203945005455,1.66425791011868,1.53021181521033,1.0684345108343,1.02627354052151,1.47925881359607,0.991054473601229,1.63213805501313,1.2829632076479,1.69265675232877,1.24683743124417,1.43253435141652,1.09248993001379,1.54059474144586,1.46461925481925,1.60709601163944,1.04282929434644,1.61638133850516,1.55190255585156,1.39815542914177,1.49291827429925,1.20906568180966,1.27186771811063,1.99233721012266,0.786129724403286,0.746744174666432,2.14273373341682,1.10195181539737,1.33223332857234,1.77551169182925,1.00746856451768,1.52588761165222,1.09758243318076,1.70504586336257,1.55931935128258,1.99936486471271,1.43649453721287,1.39630266227905,1.70903484486491,1.6018672465458,0.803095376525832,1.68757210941226,1.60872107877982,1.66969132966374,1.56327345498863,1.41953578659251,1.41585232873311,1.76810615230524,1.85082208913997,1.0205205142302,1.07312535382188,0.975587234043585,1.78183737091899,1.09314675001674,1.11048406848997,0.892300383955448,1.57347873552732,1.94305890772918,1.02410778487731,1.49467295205815,1.63554385378979,1.44180287879268,0.938147343255006,1.26830891970632,1.78988433112498,1.29582888723352,1.01987409103661,1.65734131812303,1.51277589405367,0.729678687590261,1.19215855501788,1.77543213383315,1.54399499411968,0.898036885341938,1.87097022814882,1.10253366909782,1.20224939871861,1.39587438971908,1.91028937174143,1.72752984764183,0.317890472947185,1.56720774024487,1.2362672400692,1.57188537456705,1.04082717376944,0.878617492179777
"86",1.07572734948488,1.31449266293687,1.74379844210889,0.98387447798635,1.66364962612074,0.47425372450154,1.28656594712456,1.4062775578185,1.40988060674211,0.891429166208226,1.16857030397793,1.02578833769342,1.10092921755776,0.967158465660232,1.7364052461604,1.4631360279117,1.5500245539101,0.766811075343176,0.731740634107445,1.20784700987004,0.941740284823927,1.2893087118155,1.13326229644536,1.29914538078245,0.917906158096411,1.24008842933509,0.934026068398804,1.2184154400031,1.25883475542776,1.31083725393388,1.01377520891654,1.45713642683006,1.30810736918447,0.999667689414614,1.18632819230997,0.867516037270854,0.911153237338628,1.73304628641396,0.740849264423854,0.575064324214626,1.98123794937298,0.990176291190367,1.12831350504481,1.45688220039789,0.838002043475825,1.36972297734726,0.851955384520442,1.50015052139898,1.44894780627078,1.8254178246032,1.25519090814665,1.1262815940948,1.32099081045682,1.38985136994971,0.669721905408477,1.45506427317683,1.4839245670952,1.43385462899231,1.26251998338027,1.1823043606176,1.23283264049695,1.5978519788002,1.61942662337979,1.03953187091517,0.809980746576374,0.764874696001043,1.48003418754064,0.901563921406616,0.835660289124472,0.755563842439006,1.38427251470026,1.69063058806127,0.722430137668715,1.19767545423979,1.38787664365128,1.06954509747581,0.829754394631145,0.983899266940799,1.64598177903989,1.10933602868803,0.812226934828721,1.38140888482684,1.41432471884589,0.638471734541732,1.16642449066096,1.64019364274298,1.17709414027548,0.842159585152247,1.55292597695328,1.05600810674344,0.946899193688338,1.06334386224918,1.51805590183636,1.43142807853759,0.20812845695186,1.22653201206807,0.996772838885355,1.37796895484701,0.746182914636956,0.522339710593656
"87",0.754734803467582,0.806341296408434,1.28550741533213,0.745049342203419,1.14468789666679,0.384445353716911,0.891265913498462,1.10619451154754,0.958358047717326,0.595363268056652,0.866960543195385,0.678011736780393,0.864513924920011,0.7059283424002,1.2972738880428,1.0891323255064,1.08269618411889,0.635771586161105,0.574316652468176,0.89425425989043,0.641389164874017,0.93019205178474,0.749748969171587,0.904149793375576,0.711663019125597,0.894944582631519,0.627280919754294,0.827414721683126,1.10465049843216,0.870845648195865,0.814915843897503,1.1621422439215,0.994826133181574,0.844582491090041,0.899724004382948,0.572464376140391,0.638538144601979,1.21280375193244,0.4577142588626,0.526458943858456,1.34539696316367,0.568184330553925,0.685259518316801,0.955733273344551,0.582839911225199,0.926820498891503,0.60041819501684,1.15318913887232,1.08283870246322,1.32660205329781,0.887547969566594,0.811634832034555,0.892276037106357,0.963488000914448,0.604860082510872,1.14682737993761,1.11874544533881,0.948870314752078,1.01598044487189,0.820368871092927,0.748118958586699,1.13199615231728,1.09950109990328,0.695731560535931,0.598124381738506,0.60761252615587,1.01764705132057,0.661730410694181,0.652602672470474,0.499145371215654,1.09537655282777,1.32869236876247,0.650766953269232,0.789561451320253,0.967701313644229,0.685071133366333,0.618284769113897,0.718317507124118,1.2588415830258,0.639319122877066,0.614486543621802,1.00882983619689,1.0619732149452,0.338552522888753,0.836401783125994,1.0908671204606,0.879698158861009,0.721713557475936,1.22383910308588,0.705159754054602,0.70623706595298,0.716394049075483,1.12383028895233,0.995945133924683,0.121250746399653,0.932239886252568,0.570017406190098,1.05359985659182,0.599156998407079,0.336795656133489
"88",0.756469157475747,0.681109868420197,0.914935224009316,0.569970371954629,0.925742997482256,0.21756683562842,0.559078783957848,0.900758149264508,0.701326076130247,0.381682267672458,0.547388801917724,0.488413999431065,0.726640694256279,0.456289447463855,1.0005430323524,0.944896554746086,1.07763901497807,0.412138156649086,0.440996606004887,0.69681964910958,0.557952537166298,0.609162238956574,0.643724440674699,0.563987597237206,0.473396164379628,0.628711595752382,0.379911152220079,0.709720356439827,0.929980896139382,0.667130081686499,0.632212998285487,0.955681098203567,0.752043948931648,0.620885960269456,0.722352670501508,0.456039425265069,0.306565116926407,1.00001475246967,0.553662025217564,0.243607426613259,1.08657536246773,0.514654662966261,0.490409558050446,0.776060603030452,0.445953094374299,0.802383197167662,0.355091303680986,1.01072600344304,0.74783134628726,1.12022749515001,0.671930854488201,0.578696325846326,0.724945900500493,0.901855698441812,0.50765050131642,1.08461024364738,0.968537059055136,0.56646586413553,0.759847257037423,0.517385076991112,0.558475415209348,0.947860560706412,0.969005899435257,0.510839476031122,0.339886370916693,0.440197167251061,0.667839283688669,0.699328068107039,0.460000650200034,0.295219345660299,0.86439052244271,1.00465132148854,0.443934547159594,0.631079091239537,0.765349204950446,0.566524872311792,0.417420617441042,0.414388858248651,1.06120834904862,0.591485453153118,0.548394961957044,0.673023094233523,1.20525373689365,0.1967347026482,0.460681520088723,0.803976739676164,0.850157690345756,0.678533660986574,1.10677136246796,0.529490823165902,0.413521523279224,0.527080902359399,0.752547688089417,0.690175988031047,0.0709211512182443,0.702923099755529,0.559852642663244,0.800236701968168,0.36865979154929,0.0147004456969306
"89",0.693231540433552,0.524041477926927,0.765914463204896,0.472607349601155,0.769904994390018,0.235651704959294,0.373132032820132,0.80802683331734,0.467206889267347,0.24144833307848,0.348347109701972,0.292815009634822,0.70414006331488,0.330412852843397,0.82631408032397,0.801971564980654,1.00412523367649,0.171145616954535,0.416106828796847,0.663187986617491,0.314714358594619,0.468270549399775,0.450019265096485,0.36164414301114,0.194499297944344,0.537903547552362,0.0415296737381535,0.679256763177351,0.507468297457862,0.257010576422838,0.458494637548554,0.648046925222959,0.461462246132251,0.31382467926444,0.70985053965965,0.365253899343759,0.268790345671824,0.869928518834982,0.330762185481599,0.207154515137584,0.863589850401036,0.425278985744521,0.337500623646425,0.655086677628986,0.26905978182717,0.653928846193216,0.224005466302993,0.83505255288321,0.570727186354613,0.893009557081633,0.41696703677011,0.268748970443364,0.541574916017197,0.664796265146839,0.430961206937521,0.91891909480348,0.895703873293602,0.55331675919462,0.414591063168167,0.334272351303856,0.593540292310814,0.860013613992428,0.734717054538493,0.352649262718506,0.227951481580477,0.120052252023838,0.43365446161281,0.56388528976964,0.360408039194341,0.296477647007154,0.452562966321135,1.01263674485072,0.439484954885184,0.673259939565256,0.574356130342494,0.315494959409662,0.365449382862831,0.296338411095393,0.767716555256649,0.382409638983045,0.296372032604718,0.608702403388835,0.912893652351091,0,0.305112121471051,0.625184691039774,0.667612319978792,0.558572297997328,0.825687799748529,0.412844346926611,0.180103027308156,0.49181322239841,0.656473871467722,0.42373589898347,0.125719193770634,0.483748242569145,0.287783648456159,0.661505511768301,0.334074872918811,0
"90",0.52656969523358,0.265071142757801,0.543711531021021,0.151093422900032,0.621348304167677,0.263145787429935,0.154565366726409,0.631758837497565,0.359752204152523,0.0610857203072815,0.350397718767747,0.222148672792842,0.660504656744443,0.119089034761957,0.717135597329416,0.657322187843872,0.863238199169165,0.0457249183027039,0.236216646847873,0.548529929207949,0.150744196008,0.405415573422909,0.3611598476617,0.0198413655649449,0.00558565460820193,0.409122018849787,0,0.50973415189007,0.473883724401404,0.0700104827747255,0.385110429225534,0.625978089946013,0.43681408269994,0.314059328350474,0.532263502912423,0.261140816142942,0.167202888153948,0.652416868090862,0.277142557033653,0,0.730284280746404,0.42412724666658,0.182322214577853,0.504468198631791,0,0.569912198755297,0.141512599765156,0.595539416979564,0.42094943039721,0.660452996640776,0.169080099519235,0.0625844470961926,0.355424652089104,0.464485467029435,0.247327756554103,0.97559692298812,0.57948166912048,0.573947685634977,0.375654472719878,0.203505874730832,0.442101600011173,0.678885847708074,0.547824038211948,0.435519078318922,0.131847232471172,0.0468235585444035,0.334441452176326,0.420951109958396,0.157863067371887,0.0860761981783991,0.254068195704478,0.748405719020525,0.267928534480556,0.381005863348897,0.243211791601973,0.18508999308664,0.178619058420989,0.14188143037243,0.701390666699236,0.180085251548435,0.21819611476614,0.162259118854861,0.478149965407835,0,0.130027035753611,0.50939799198033,0.690350985000332,0.230873350892522,0.770536141358051,0.231789635430602,0.0770076576841107,0.320637191823479,0.568239792420896,0.335830965301361,0.00195847501337066,0.305738309364724,0,0.333545854986338,0.19588751538072,0
"91",0.294899784248142,0.231522285600465,0.452452573075437,0.102462695166571,0.371063417797479,0.279957495503428,0.21743456689922,0.492524220623975,0,0.0655127459758618,0.226610754479182,0.157860732345527,0.556506774806907,0.02439529231698,0.531732104003296,0.544745116374556,0.653010664819939,0,0.300116114996955,0.46078953895569,0,0.1913101596059,0.223735293262438,0.064880281608344,0,0.0836123186877842,0,0.40265716780753,0.38762583634404,0,0.297477866059127,0.593286635576128,0.150848559979934,0,0.42564579550473,0.228031606695186,0.185242069030125,0.563880035460325,0.120466332017166,0,0.513762991654621,0.306410652477092,0.205114248740189,0.451120602167807,0,0.40170368511165,0,0.405107166531017,0.439852784595088,0.563798577867868,0.168112464509204,0.105629363135243,0.126492522607078,0.281826916424224,0.0860907923239326,0.811173060426763,0.522289291629422,0.435147951265504,0.345713314391801,0.0151956439668037,0.26264511728698,0.337552220936505,0.274140505800512,0.276133232542428,0,0,0.348982992391841,0.160604745772775,0.228260400036487,0.0399842713949909,0.240143609257659,0.365080798175555,0.117115076621969,0.264921668037629,0,0.121345013992967,0.0949632441462175,0.186830386303437,0.487298153472315,0.269181938064646,0.0677670169215454,0.17798141821579,0.272721839071883,0,0,0.33282423031687,0.46888879493499,0.0587861631326862,0.617814628799954,0,0.0349469407521141,0.201730696875703,0.341913054949306,0.19148587221435,0.033764384726037,0.108074776944173,0,0.266850674888823,0.0917006938675978,0.0778629700164632
"92",0.096750187773908,0.0829219877782904,0.206923685007833,0.13085714722275,0.119987680059708,0.378619362993988,0.103938074990744,0.232185219561939,0,0,0.0464122669437828,0.127250899069433,0.40708055626766,0.152663033480387,0.424564286090679,0.319509134913298,0.627641173590282,0.0504048103744989,0.104998633482183,0.373664251230189,0,0.0342986999252148,0.155037704901867,0.041965715821407,0.0271701611616435,0.145034209586134,0,0.11409369539589,0.248762391782254,0.0549103140434869,0.302385761420124,0.485478446534644,0.0492998812609515,0,0.414761247773144,0,0,0.231910159932792,0.0592885170172643,0,0.461532994582086,0.170208871273443,0.0130341787293772,0.313773580839168,0,0.327195732950234,0,0.155397417514523,0.300812784501819,0.544295603801361,0.077878540431649,0.0725380923162615,0.24098172683154,0.272321916521204,0,0.783111520144479,0.418570108710595,0.399700385265466,0.139410838054105,0.0182814727513911,0.21580774202406,0.0442483854357447,0.226268487949679,0.0756269669494671,0.0746513468071141,0,0.286569324111625,0.0232903010155336,0.163430969044119,0.016104814711067,0.170957513489907,0.148818309798977,0.05281094572212,0.196892433645831,0.0500008091690149,0.00263133949569508,0.102887895904351,0.118345135932405,0.343906649536762,0.0477012075145363,0.119227674498824,0.0334872833840055,0.182639677595153,0.0952505528222293,0.0065329462861245,0.0448229012116126,0.347650599669953,0,0.760987900763406,0.0903474876736722,0.122072561371837,0.071017183910676,0,0.156112666279917,0,0.109991070459346,0,0.255018945284722,0.0767222501861025,0.0443945591642432
"93",0.120644484904632,0.876428919365671,0.236267984218611,0.0705308212512469,0.221053452295148,0.658520883784199,0.449521432892969,0.376256148465095,0.732788523597154,0.643644751815242,0.569029298781275,0.389910659506041,0.121817570459988,0.493003046312763,0.268164699186828,0.628660806918381,0.706586395211611,0.549882954409667,0.248196204671518,0.610462148629222,0.776750427490343,0.350281082855894,0.560671532006185,0.579194092427076,0.502221250897171,0.469192591692099,0.419512395529349,0.435788547160185,0.728587783429937,0.300122446773117,0.796423144679061,0.458255280920528,0.208848615919187,0.679894904854211,0.44868831950452,0.424508796604584,0.350880057136271,0.391130803384471,0.629505824268702,0.391273671668975,0.385307498067166,0.805419168254906,0.395846175779504,0.465942558404746,0.645550775916005,0.454592123739012,0.53263313307752,0.387694459955666,0.0678476597540105,0.730346945942837,0.416327102456578,0.411273811335372,0.337854339190166,0.543223421590214,0.416796239033805,0.667379584084494,0.419760770705421,0.368122756005696,0.392529193692863,0.507428298820269,0.228601115359009,0.279965282937307,0.515253282066212,0.540677797939179,0.27457470842318,0.488161719786345,0.210865553950927,0.519879291414724,0.784873148557148,0.734241979831272,0.474035024123977,0.622159037993158,0.338030727838319,0.699957562761171,0.400359112740015,0.548210032941083,0.250421874110327,0.551871811676807,0.10768998996253,0.331620112659638,0.430604881730785,0.583361103591423,0.325007006856242,0.627553687068999,0.293567783846818,0.307607351695818,0.297337612747966,0.499328252713681,0.534739585042761,0.353753121510869,0.357418733490653,0.438981677515833,0.458054510071237,0.197813495321903,0.576411090996896,0.187019667016673,0.230875259653488,0.354652833116128,0.330014826061848,0.629053784501399
"94",1.23572267286972,1.19631961911846,1.00345786407692,1.13709662506873,0.925739967731787,1.29641805001154,0.803479120828785,1.26589587024368,1.36819747740704,1.0110937709424,1.30729580451464,1.45991797336347,1.12602703371635,1.03148656834647,1.0966106552763,1.35474778025608,1.07529842854501,1.34334309170043,0.573100365095196,1.26711619982653,1.33115778355502,1.0068308220664,1.57625255894214,0.38700228674835,1.3442503684626,0.892194873611035,0.801918950283813,0.960642244119307,1.48504303314659,0.404070137484426,1.18518973415918,0.613455681766898,1.16639996117365,1.35113535687512,1.41546060660591,1.05901956656035,0.85900871624113,1.04100582533871,1.31829371385848,0.821907517664402,0.882266413929725,1.44815042389903,1.30457315373332,0.964768072250839,1.61065869337635,0.866000568159831,0.963035705128893,0.717004774030512,0.871236808132164,1.31718665076577,1.09086406527792,0.753516430645932,1.02098926334429,1.24112699055133,1.1846689249781,0.645302780316426,0.890799432951571,0.534558186524139,1.21463011167453,1.28306613031175,1.03216604731517,0.916217775550597,1.31203002493197,1.18169428369902,1.06587258782086,1.12686191420444,1.38547340182218,1.19270388819978,1.77901513453516,1.06868987210022,1.25643875249806,1.2511913624905,0.819122937789472,1.28466544658653,0.82131647026135,0.822806866767538,0.968187288921341,0.970822751260693,1.09797125955513,0.871970858493974,1.19332560998063,1.23946859320447,1.37706406927728,0.909312487831264,0.986689609461519,0.966550980506018,1.12129284567189,1.38764197626992,1.01686735048417,0.771536787274502,1.07646199182058,0.925356884474053,1.08030165132364,1.48472925615206,1.22667214301413,1.47631169025411,1.02362408369377,1.30151603361774,1.05559012893856,1.23212061727132
"95",1.67980825350405,1.63327285741941,1.45157798649883,1.48394177309773,1.80520559585826,1.68236212660149,1.00867777579532,1.84560575293179,1.78173796322052,1.110188635969,2.25293806742941,1.91943076134116,1.54263853623278,1.34224421641729,1.65568468839205,1.48966435946555,1.47543641980892,1.32346032046383,1.38760982858175,1.73411222828607,1.93046613447858,1.16844572595824,1.86108517781147,0.922976423490617,1.54434902382065,1.1504138971764,1.29726567570796,1.54157773581812,2.08472344383047,1.08349239630828,1.90046009479276,1.13951592394789,1.6757135246287,1.25084198849202,2.31176638853785,1.37368195568417,1.15492609934234,1.41750228554057,1.75927773786286,1.17016475555355,1.29889434421666,1.77038193675468,1.56724514896817,1.41145363622123,1.99921560823545,0.918828787957269,1.4333537119143,1.05761331662289,1.31434979002061,1.56598081374751,1.19001469825124,1.73361030232798,1.26079161004564,1.56092308270268,1.15448757204801,1.06032929465354,0.943918913461328,1.09511314629118,1.37791609282012,1.54866351432522,1.26141592128597,1.29968256285055,1.74846138067347,1.54693747168697,1.51236586440982,1.80220111631961,1.53915317896463,1.76904520840884,2.30392903734263,1.48772847255901,1.9748927029034,1.49944907708921,1.21196968782338,1.78007704795834,1.01265383685768,0.964242938641067,1.60425263612306,1.66037982051716,1.55848336445027,1.22231830729807,1.24981726150615,1.53535914341495,1.35301839732903,1.62707201563202,1.164989850766,1.08998900982051,1.37395431370637,1.55329040748268,1.16421857355864,1.15618235906447,1.45486766628082,1.36774894719036,1.7572430204769,1.85479745541304,1.56433348459833,1.68108654620154,1.80569543375623,1.5799195856092,1.21717461186607,2.1242315705768
"96",1.98186867036548,2.28848561621296,1.69506754758931,1.84239940790708,2.0234641687839,2.3602620585592,1.71487250151954,2.07621232757493,2.03623908894824,1.52770152572003,2.7606009216425,1.93196409541192,1.56841435092033,1.64303669366508,2.10245674853124,1.404601152108,1.63151903292266,1.57000374124916,1.91039965849405,1.77076517622637,2.39350722973419,1.359459209954,2.33617527459991,1.72798910837087,1.99340376530192,1.51067004534822,1.37728375478061,1.82144991318571,2.56197915070505,1.75464387046589,2.43702885335167,1.62768590682793,2.54890665115766,1.93287929774791,2.57193308921135,1.76994345518999,1.1881357129352,2.23496356741031,1.95210321876982,1.23368366783288,1.52959085894409,1.96420296649818,1.58059362560994,1.79557478902266,2.36281432887977,1.83523684853393,1.74016904182269,1.3949202398666,2.00867868887985,1.89416394094365,1.62440125277468,2.16699167710655,2.07702142297247,2.56491221846681,1.02201466310944,1.1467505010701,1.53622992268641,1.52352442286835,1.90381850021349,2.3505976732483,1.69991607029338,1.32261842367528,1.98250202172733,1.82148993232254,1.57575552729563,2.20396336870791,2.03560683769758,1.80994452818222,2.58093860583623,1.66241337114722,2.64302512660937,2.2940580594288,1.52325449854006,1.9121443183357,1.49890176210162,1.3776747842305,1.76837457109238,1.91374966792399,1.46771282519715,1.85094680006542,1.4305681115622,1.74525489839696,1.61686540021193,2.10783011861031,1.48839557314006,1.65671268211837,1.85269463480214,2.12518042202068,1.5074209177239,1.20386816712426,1.91114935480146,1.7500690985174,2.50438073003113,2.06471128991613,1.82198903162215,1.7564330237283,2.10084132024855,1.69803541101592,1.82612067387201,2.6370139504652
"97",2.23044909952646,2.93573825343964,2.43108270010633,2.06333500222976,2.5356052668349,2.57075622407327,2.60116750054651,2.21490276703307,2.39340905231173,1.6248512629883,3.03013444105771,2.04879676365587,1.63965231949196,1.65886461422946,2.75652837958215,2.05420248856834,1.91196345039332,1.41910491429529,2.10278181552568,2.14793443176196,2.42459942231222,1.97452283359114,2.79627666524136,2.18639655025339,2.34030913175807,2.10455432713356,1.45775775065544,2.12377061995247,2.74357577505804,1.7912962469615,2.48872115511747,2.0108748689767,2.4730774545242,2.40349543533305,3.17716030789759,2.04981729753687,2.00052802159952,2.79581037376891,1.57940693766811,1.82219749035567,1.59225284931744,2.1746028989443,1.88743733150343,1.98858909970157,2.51976018988484,2.13392211858591,2.1416505691982,1.5516368073846,2.64012778556083,2.64727005369486,2.1986103584,2.77370938271179,2.60906323283509,2.97312218176071,1.16627764175498,1.53717074189991,2.23710679247117,1.77186554397297,2.28624534645712,2.13002546208825,2.24029256795371,1.72588863347555,2.34788831885208,1.80615438941026,2.03656888564632,2.70572699741734,2.82897750602364,2.2989082080921,3.00916593501515,2.20781117394503,2.95176794730275,2.62714473830606,2.17182646990014,2.23738258772062,1.62789236604997,2.04096803608307,1.63833142779259,2.22542711868167,1.96445894321214,2.05688695812918,1.93998493635586,1.99337659778942,2.07271828080735,2.43444938745444,1.60067840666853,2.04469750001311,1.61933032723687,2.61350772091588,2.31979030139097,1.29929800830118,1.94148662113244,2.08946533416435,2.99761589382412,2.6558185404428,1.95524650969726,2.28791857915756,2.50857022705167,2.09870775663373,2.03614956212682,2.45184788054789
"98",2.7392733776052,3.03664101145825,2.76662763004946,2.63686152772815,2.51601857594594,2.30040912074621,2.55064298952154,2.50957767357105,2.92896928621332,1.5078260246673,3.34233747999295,2.86423254307154,1.82817981308375,1.89214361110116,2.6300350008375,2.23630610580034,2.03467299891276,1.65805872662762,2.54529060502705,2.45179242145568,2.8724561978246,2.28678878642661,3.47878919621639,1.95348689540584,2.65481811843537,2.30487945676617,1.8426873684807,3.02916370587721,3.11857460529384,2.0128973167711,2.76033486891268,2.24593420286866,2.93689574401234,2.53955506303365,3.3013536249634,1.89525810949586,2.13944177826881,3.2079791628568,2.18929515787824,1.9423301378491,2.24406800234203,2.73627417073588,2.08060233773698,2.26353830772287,2.6444474460507,2.43875285532895,3.23009841907666,1.91442105546077,3.07870530174625,2.38564173008625,2.50112430918958,3.05583744260643,3.26234510262597,2.41744616401245,1.58131818477767,1.9688171276726,2.68676614293231,2.21075957219138,2.25670389774518,2.28073428543832,2.4365282688739,1.60299536152979,2.73700384565092,2.22631503403677,2.28949246052134,2.76715545403497,3.17741968478935,2.38227401667019,3.24946574570746,2.76572662564767,3.31903826822962,3.06650467340892,2.73329630750189,2.83989390629009,2.01848682368249,2.05018041232019,1.99541176852008,2.58865010906016,1.95154268303258,2.41124085936461,2.0822700968133,2.26540405533941,2.10941589582281,2.79399098548403,1.82243609264975,2.61882009919432,1.95450013281904,2.75877736292928,2.46061220276077,1.60714468491459,2.37546224249014,1.85252758617183,3.45876582997682,2.80491419726962,2.55533218439121,2.24934130587072,2.59301475929943,2.10570068808614,2.18882981002451,2.70013942831146
"99",3.08652073284443,3.50056289933738,2.73039309674071,3.03544669568002,2.62953873723774,2.19120096026622,2.35560952508104,2.48647290696211,3.16667231407067,2.15115926748802,3.42194340555477,3.36110769955757,2.07489247995002,2.11534424362529,2.93792708409939,1.98753484559486,2.05409197589977,2.11199749396424,2.68673541809973,2.50585914235377,3.17484251425799,2.76461121600787,4.14746036780029,2.34137566878489,2.68482471670408,2.86291497522947,2.22975191303011,3.48670922627953,3.0939848488598,2.66991969897178,2.94745036382388,2.81751809281918,3.4963175727573,2.93541226453427,3.87354058998932,1.9801763954216,2.38160418622641,3.01953222924445,2.20752827156362,2.08473280905693,2.45486413722894,2.81231674748067,2.20138147462535,2.22497308509377,2.24040278249374,3.29004204144748,3.53874843258639,2.58008180145014,3.53687494240295,2.82414514367687,2.96040209677136,3.56800167572759,3.50666589402991,2.56560466262221,1.61151143244303,2.61251058593091,2.80176132246521,2.06654209198455,2.7032130610232,2.59538912980413,2.7525010708541,2.05712565252926,2.98069674992781,2.69949045761726,1.92099739058182,2.9368430035413,3.42779749128624,2.92357536382366,4.00199139101496,3.0936760600322,3.94022247097308,2.8353979936322,3.26338493110584,3.00640140052977,2.16703337583758,1.658957472599,2.21057090446126,2.73704740902428,2.74515748275668,2.52359430433394,2.20608819731917,2.9442585936801,2.21629436454177,3.44681318767432,2.36991765126001,3.30892112528978,2.11865320525189,3.15512678053432,2.49822750923633,2.0440904553698,2.93172848482192,2.05863023281844,3.79476390819724,3.00387279224547,2.45936640949184,1.66838953928779,2.50346764886267,2.2097604620974,2.81804226913865,2.58265837594506
"100",3.07124520353797,3.90453808023551,3.4185438018768,3.20955845097353,2.77143588344701,2.43636376512089,2.94617407276553,2.62504490669608,3.46655571305495,2.67712122497704,3.64914636137139,3.88448267168074,2.45254593414324,2.63424748186929,2.37251675854161,2.38184212187645,2.81104765023222,1.93573543038663,2.46768431536401,2.12838852771694,3.39116373992715,3.38391265484067,4.07540097176337,2.34574776311072,2.87942553013006,3.14374522562657,2.55658635461187,3.50995744771392,3.56889804470682,3.08137411570959,3.31539475512957,3.44139559505575,3.41261379653943,3.13979005329797,4.80228842229804,2.71345447744272,2.42625641417108,3.39233923463658,2.38078217250595,2.43823731159058,2.78046695902494,2.49155235700236,2.68590067746207,2.48322224019724,2.82263640072066,3.65313529112402,3.61106348729379,2.98863414798642,3.7208856775598,2.95906204675646,3.01462894304616,3.65040594164588,3.95207351914493,2.52069158808,2.53084291219705,2.93335199955561,3.33878484016651,1.68410597906898,2.54175105608597,2.88965240388362,2.76202294453191,1.8437870217105,3.21710024750295,3.00533419738372,2.10301087032822,3.2453464787525,3.13350739982741,3.08204930019863,4.39309517547266,3.35890016633249,4.55810797445112,2.93355420911098,3.42301686757927,3.54935011501035,2.59706437355889,1.91287546121776,2.32649712235945,2.55758802916352,3.11224671720801,2.85558559841348,2.56041506123313,2.58268757888347,2.7100716038126,3.74712926970782,2.27906811369195,4.11206050845457,2.43777414802243,3.72264996647153,2.72852943390282,2.57658516932892,3.2101548569725,2.45304706496553,4.05645150298922,3.6881032453813,2.93105737993576,1.72647765325789,2.72454588079477,2.68555825311937,2.81899910764066,3.21205186041841
"101",3.25170194505276,3.70383940852389,3.87238772870833,3.0647837535704,3.368160253963,2.78448254663208,3.19869692278347,2.82754499238595,3.62489973958917,3.14478043936341,3.85694417769072,3.80211649843258,2.80702061787865,3.0434348182277,3.10089689408734,2.48460856844157,3.3469911592854,2.05590800176544,3.09906843303709,2.43078662045769,3.7817222983708,3.64391655387393,4.43318979735718,2.59147827140689,3.1114071828843,3.3486892916561,2.83446732821791,4.5776194459132,3.75885159457701,3.6673456978273,3.88303843669844,3.89884154204505,3.9642117610856,3.19694621891988,5.10698562288475,3.03017230807193,2.79778520092451,3.34760618998139,3.10986727746086,3.33927581612901,3.3336827055664,2.7027854009589,2.66959362329951,2.24153740212632,2.78057860750315,4.30997753441184,3.5489458713059,3.11461165292649,4.00969531762806,3.39852651317852,2.93266037753533,3.71503245709676,4.22887740673581,2.8698715545345,2.78092098140814,3.12640078172102,2.89337774711874,1.88173955969934,2.90698438200817,3.40788870776648,3.4160646893908,2.51808810809376,3.647511553353,2.93817743135546,2.05921738254825,3.50645505512032,3.26433119167297,3.22083467709573,4.6699482758954,3.55996031363324,4.99019221470093,3.10865581393242,2.95952063541168,3.54775225990006,2.87016406964523,2.44764302291554,2.28564150748524,2.83747536007335,3.42864511811185,3.21627969773855,2.27581158114734,2.80504577248143,2.80335685778021,3.72979335907631,2.63476024820173,4.71104413537858,2.3561626825346,3.63765147532048,3.07023273738286,3.56540579173631,3.32713266399405,2.90895956412373,4.58628667801773,3.67239630944767,3.53717551550228,2.38283499830259,3.11589465966893,2.73645891536161,2.96595131117126,3.29722662552848
