"","V1","V2","V3","V4","V5","V6","V7","V8","V9","V10","V11","V12","V13","V14","V15","V16","V17","V18","V19","V20","V21","V22","V23","V24","V25","V26","V27","V28","V29","V30","V31","V32","V33","V34","V35","V36","V37","V38","V39","V40","V41","V42","V43","V44","V45","V46","V47","V48","V49","V50","V51","V52","V53","V54","V55","V56","V57","V58","V59","V60","V61","V62","V63","V64","V65","V66","V67","V68","V69","V70","V71","V72","V73","V74","V75","V76","V77","V78","V79","V80","V81","V82","V83","V84","V85","V86","V87","V88","V89","V90","V91","V92","V93","V94","V95","V96","V97","V98","V99","V100"
"1",10.7033502632593,10.1817468689598,10.3680354236443,9.59394440652516,11.5512148988564,9.50035658163408,10.1825827229622,10.025400293406,10.3753118570434,10.8682642991293,9.89539737797626,11.7469067920534,10.257233092691,10.3273363577586,10.6259033316914,10.62753148664,10.5432618406185,10.5949932946861,12.0745115424429,10.0772520963124,9.86277689437073,10.8233401945685,9.18084535428082,11.0168451197479,10.4616647116102,9.97823181366396,11.1404239051691,9.42268107819528,10.1153388129124,10.2932975169905,11.0102719759675,9.91535872561401,10.5638273858978,9.57351642367195,10.1489827124753,10.9608438517497,10.4501235332336,10.0396055256298,9.563856198452,10.2732058244041,10.9927064577767,10.4278614845585,10.0485909474619,10.8520046041559,10.8127798569938,10.6109172960597,11.3460203730058,9.74816883547252,10.0218031505525,11.1351538757563,10.2042806205037,10.7381910358382,11.133919997397,10.048333366849,9.63632193031167,10.5854395159879,10.0345704782708,10.4403252291087,10.6486536889401,10.3628497094802,10.8062922395428,11.3007808865561,9.89291424181823,10.0475253526214,10.2394739787313,11.2584975490955,10.4588731202754,11.5292964850145,11.1539786423752,10.7034721561921,10.6283521344061,11.3928364957467,10.6094497636326,9.22783122201283,11.2420228331898,10.4147821682924,9.79824472357087,10.3047748119556,10.4019520523953,11.7288683931391,10.0069983262198,10.1139058799825,10.0481777479244,11.3470206349629,10.0926072596288,9.70329076371092,10.4941042174415,9.37760371617277,10.0618220695646,10.3408217888153,9.42138019949208,10.8295028979364,11.0177435700606,9.50820533589292,9.68881350916061,10.6249797772519,10.1166303925986,10.6614674022461,9.29235962519267,10.1646348301264
"2",10.7093840186486,10.3884022219656,10.7706976429484,9.77149301089831,11.1874976902064,10.2719353529085,10.3141728010898,9.97312195012148,10.7165453839109,10.8765379295887,10.1230875000451,11.9959505309451,10.5949425893149,10.3519422314452,10.8202053778723,10.8707480069734,10.7581192308985,10.9927461928995,12.4306377595388,10.1505119630854,9.93036486283778,10.985468977979,8.67355681731965,10.7662607205171,10.1185080931168,10.0945072586286,11.3834725582394,9.1720063614114,9.801663939457,10.4160624089739,11.4110017590652,9.58335257092298,10.7697985151864,9.57979492162233,10.4061386747528,10.6648632122331,10.571801094133,9.76735450833416,9.36145850150011,10.338274942206,11.3021362777334,10.3109919239637,9.79189927849286,10.6820854350673,11.0154951948821,10.5626250838294,11.2632780641026,10.112149500755,10.2577412079195,11.3229199291671,10.3064929633324,10.5177266378581,10.5882773533002,10.3605658091095,9.872370174806,10.8295525063575,10.0662607682014,10.6466532044629,10.4404604216752,10.7543254779452,11.346828679317,11.280773665131,10.1097807563142,10.1665792492016,10.3774437017476,11.2580346520396,10.5709010216491,11.5327305609552,11.3673475194096,11.101652831308,11.1974361664237,12.0299706273276,10.6596992399243,9.38434923385078,11.2483754720765,11.3206543654621,9.82729710361679,10.4999385718496,10.5624632983102,11.6008063575205,9.42857704886474,10.1270631910465,9.85927026470812,11.4986183484671,10.0436246854228,10.0143229280682,10.2819779267007,9.51196527394774,10.0313813866341,10.0778594429192,9.78233647747854,11.4372999103359,11.1825600023561,9.64609759803041,10.511848183765,10.7643074931934,10.3055148054798,10.8373708782464,9.57889929783258,9.95109979515812
"3",10.8307868520665,10.9058211996223,11.1105573065418,10.2555688244159,11.2475322215673,10.5457130093412,10.5157603121643,9.81596136283663,10.55394471404,11.4016643675855,9.89807856560927,12.1444725086142,10.6415780005044,10.2943262451362,11.3202980513205,11.1159886049459,11.4870184006896,11.0202722448807,12.8215742807573,9.758300565638,10.5109442861203,11.4602118606147,8.49532514117303,10.673926693237,10.0167236710224,10.351158354756,11.5575876928969,8.6796600314863,9.52228646552217,10.8538654334879,11.5623259571963,8.89651129345956,10.5316186064262,9.43765851937331,10.1417581265612,10.1798208030847,10.8518872348646,10.3274717353072,9.19379830187838,10.2550823232024,11.363347874992,10.7030642416885,9.83782348903651,10.679837267784,11.5829361870841,10.5482900360365,11.3405054098873,10.6770599238913,9.55770352421009,10.9250135503393,10.8028425966548,10.7078644382086,10.9688562222132,10.3833554834567,10.1187791470863,11.1255644855096,10.374178385864,10.9117898238554,10.1239064099372,10.6327038016288,11.4506115065037,11.4883653839041,10.0874680572936,10.5949298542151,10.4051482528446,11.1005800830628,10.4942154215709,11.54023157509,11.833650043172,11.5436090902129,11.4286001705427,12.2824663938021,10.886664767304,9.55220824112303,11.6580553386634,11.2544406231294,9.79726178358444,10.7028416558321,10.3257905278215,11.9245406709505,8.85522896474163,10.3212944354077,9.89457640862376,11.7457679736793,10.3798980370057,10.6239816989926,9.74424827499568,9.88675619346779,9.94593532478815,10.29759728642,10.0867697142186,11.3017438103969,10.8965164587284,9.33877570295982,10.1641358212084,11.0274229437249,10.5747079821404,11.3700750988125,9.51662511065543,9.74527332778068
"4",10.8894638018773,11.0822726100376,11.3904248938946,10.3956160084345,11.2931673647582,11.1853228956753,11.0186192758467,9.34210753250377,11.1003720946264,11.9329347756213,10.5451387888849,12.1170085316393,10.7829313881836,10.4796997947626,11.5312370687342,11.3994062589127,11.4915908978789,11.0816437300148,13.5285604159314,9.87746751074853,11.344104570353,10.9894115028773,8.63434642383391,10.7052319630022,10.5446536841128,10.1027065638477,11.7649242782563,8.32723632016499,9.6634114274629,11.6588778852618,11.9699731527072,8.77383391962916,10.7808034249431,10.1314223311888,10.3999806788602,9.97204951701429,11.5368423197603,10.6604451088575,9.2299314027506,10.1926002658296,11.6306181742929,10.9917136037874,9.63736817431475,11.4733764045665,11.7430805847913,10.7968177604951,11.2855378480996,10.4367062883708,9.24369513490679,10.8532211037009,11.0725334790021,10.8522743783916,11.1178064284625,10.7379406391027,9.98874963561199,11.358623174397,10.4830356884818,11.0657087437292,10.7524848130791,11.0850951911158,11.6556125926929,11.4162765018949,10.2858542777817,10.8776904079555,10.9886127060179,10.8846729797566,10.4217913714136,11.5396893084075,11.8874793749991,11.8175373104974,11.8240399395602,12.1796198969962,11.1826507939548,9.31434371841857,11.7219264698397,11.8275527098479,9.63188142053268,10.3976052807022,10.685308286793,11.9184799711794,8.9571677527873,10.7397701597945,10.1367381425446,11.8561134079114,10.3113640812507,10.6270932930171,9.72934891259089,10.046658906822,9.82478664706091,10.3467680874891,10.4923830004204,11.6512495705616,10.5461894576659,9.57401050991682,10.2325486889949,11.5824436895586,11.0642326328406,11.7468054699284,9.43956273018993,10.0968929346223
"5",10.5278931146275,11.1759345990438,11.7449480047903,10.8845175029897,11.6689753560981,11.6658405211549,11.4103790368719,9.09319171872192,11.1966584779069,12.2272919178652,10.5653742954529,12.2484133189327,11.5703132168742,11.0136763326409,11.7768868777825,11.4995089613731,11.7974653027026,11.2411680872239,14.0637327370082,10.611344156417,11.8348021937619,11.1996893605225,8.43265989675169,10.4385338234502,10.6453223682701,9.67329999644682,12.1658587008141,8.44076916189585,10.1367093701815,11.7467730585104,12.0168846772246,8.40953857368435,10.8482871146997,10.3478727676629,10.8855183427098,10.1599801930458,11.7021565489623,10.6715096165288,8.71495958780187,9.98934214745837,11.751440924821,11.474152534077,10.0209001568016,11.6439359773861,12.5784599310408,10.809135470264,11.3569789925985,11.0614402651277,8.88376280933182,10.2402542920039,10.8410136029845,11.6393769619306,11.7335102495156,11.1053248607196,10.022180382935,11.0518156187326,11.017024946817,11.4964326908793,10.6481111497742,10.9630144168168,11.8869265443761,11.7052063262401,10.3688622123924,10.8336045296957,11.3404167425642,10.7612677669685,10.2096480406294,11.1241533542554,12.2204552351234,11.8267594960902,12.3706768895522,12.3892544258563,11.3978871918926,9.31141733415965,11.978890691321,12.2205087814314,9.55851845410059,10.6326905212147,10.5778694484094,11.9324661255977,9.01627156335294,10.9473433704516,10.3746517634754,12.0579727129096,10.1978634351071,10.8494825651245,9.41997582270267,10.4700724510117,10.2427244782143,9.96567397195109,11.0779874705439,11.8478126895273,10.2845569122271,9.77011627087338,10.3555524242951,11.6366142719859,11.0366205159003,12.2284042727296,9.1711198819573,9.88828933097897
"6",11.0192295389412,11.2213175138024,11.3263532088173,11.2233620710802,11.3032010504619,11.3655058902052,11.4116305495374,10.7541195290851,11.231424079469,11.4461293934793,11.1138739724808,11.4056337176304,11.3001570334219,11.2271333924467,11.3592193597271,11.3551919313118,11.4490137960783,11.2105544201942,11.8002159585086,11.0722762537628,11.375309361883,11.1061525003612,10.6721263069867,11.1363738982446,11.0597430388506,10.8711398436188,11.3964248922617,10.6942940955505,11.0251935817305,11.3947546175388,11.4459338555482,10.536673293308,11.0768896912989,11.1014630033804,11.0873201612982,11.0389867838055,11.4607892985998,11.144863334497,10.6661719554517,10.945868406419,11.3866098299436,11.347005899786,11.0376388387083,11.2959353383583,11.5871262885095,11.1190082845736,11.2853706988161,11.2559596639553,10.7338416498907,10.9441420292293,11.2033558396285,11.3543994920515,11.3254622304225,11.2356604261222,10.9665070310819,11.1383176440337,11.216166387246,11.2134132216283,11.1088596099729,11.148222758308,11.3490187000994,11.3008562892967,10.9734261527083,11.2190018018801,11.2793991931884,11.1119820058026,11.0420745356807,11.2664802613674,11.4609219520944,11.3674958564085,11.4585580842384,11.5359173645221,11.2688072520257,10.7971894822089,11.3401771687268,11.4590237342715,10.9640457433939,11.0513537813845,11.0897366476202,11.327755682109,10.6544693247485,11.0897112584574,11.1691895683179,11.4464321646147,11.0561140158825,11.1700985701227,10.8477960227406,11.012423005736,11.0104835070709,10.8838863605985,11.3172159221079,11.3344939692944,10.9802252749669,10.8878482660913,10.9730437093932,11.2898071265878,11.2337769406577,11.4347025789482,10.8803222448558,10.8939126622516
"7",11.0506185622731,11.6738544180546,11.6652878832806,11.4730429189258,11.0300448502015,12.0889114854078,11.6312868402288,11.1787760543962,11.716401961997,11.7466270026831,11.9670596944224,11.3226138525826,11.5798325269636,11.0818190764237,11.9998084584908,11.4482514644953,11.8011141211561,11.70510473474,11.9890834977653,11.1107824804204,11.9381756017319,11.6186606229222,11.0655053265232,11.2159768532718,11.1033812648827,10.7928851203367,11.232238925699,11.2068306343843,11.1710081271795,11.7457912282498,11.7281812400876,10.6498831190671,11.2489603235031,11.3502537184722,11.4017804152635,11.1194576528668,12.0916458086873,11.3371033698028,10.6307705750712,11.0914664432573,12.0686635033045,11.6531972276674,11.4537033367133,11.333213764143,11.8942698322812,11.2499570373159,11.0468594374118,11.4290523037998,10.9051996030855,10.3926754432578,10.9435232620163,11.2189400372581,11.341490268934,11.5787522603965,10.8291329867748,11.6695035055772,11.1729937686235,11.6360201278076,10.9521215313908,10.8470223353573,11.0178708956994,11.6373437038987,10.8289615765351,11.65377615833,11.5894204214995,10.8727264787288,11.1526783908245,11.0131324008187,11.3155645514023,10.9760732803993,11.3200380902377,11.9366686001276,11.0485605814402,11.2199863477279,11.3375962572781,11.2576366381501,11.3180947624465,11.0787140272049,11.5473955326792,11.643597256532,10.9373349018529,11.5937337482192,11.4816460236208,11.7598705987724,11.4482057794092,11.139414362078,10.9295524175198,10.8409132262955,10.8940662002331,10.7223522072433,11.7038810394024,11.2559040950837,10.7152918256003,10.7025788554101,11.0608570637434,11.4004760006704,11.0934671551669,10.9554569803467,10.97062477838,11.1254377557385
"8",11.4741716386008,11.8869173280003,11.6621048136808,11.718643823326,11.1393578376032,12.0038677359236,11.829496180801,11.4735760140746,11.793389738045,11.7299190253906,11.7884629738884,11.5964611066305,11.6422009893389,11.4454743705458,11.8788241682972,11.7660016097845,12.2118119826875,11.7791422003863,12.0790847662417,11.3544849590172,11.9740724069085,11.7025016997838,11.0550872291548,11.5360512208529,11.4053629786202,11.3666454393839,11.546934794661,11.465511059183,11.2318203612412,11.629184841088,11.8208225840066,11.3293610984005,11.212025668084,11.5680165214322,11.5114975122804,11.3658365968622,11.7809244718709,11.5461276035352,10.8355148983144,11.4406509968558,11.8988920172615,11.4600176057582,11.6759408201359,11.5143320339065,12.0340868773367,11.5659056960323,11.2124922935547,11.6426774634839,11.1144669958892,10.8950083578892,11.3692542446379,11.6327880162458,11.252264634162,11.5343649570447,11.4781570866706,11.5775577306806,11.5233214737135,11.5440189793268,11.2659357225692,11.1036286925729,11.3180267049458,11.6669352074578,11.4158906969451,11.5458013182266,11.9777421690222,11.2029030670247,11.4289888842848,11.5750345126635,11.2915924107317,11.3055911698404,11.5288681241636,11.8822305917719,11.375362717028,11.7082410285157,11.4230168976357,11.2599251920731,11.7314064523417,11.3522959319324,11.6820489753088,11.6684436655601,11.344303369286,11.8843361797141,11.9944401466595,12.0199234516744,11.8666947894219,11.0882184010897,11.4554885134306,11.3770206147455,11.0981306767656,10.9636031866697,11.9670288813587,11.5562612503821,11.0081428737837,11.162967168352,11.2587137007278,11.5887691071438,11.4062437204506,11.2328591136028,11.380164948663,11.3711074865525
"9",11.4413227993431,12.3419193390716,12.3466126330012,11.8415371628484,10.7101337384449,12.2823409833222,12.0249503872618,11.359158903743,12.0385883953011,11.9640292376214,11.7523500279841,11.6019952071759,11.7835335993958,11.5125112235136,12.078353632214,11.7908938217944,12.5940431679505,12.2451467509672,12.3411499310814,12.0805708964521,12.4715577462759,11.7896955177002,11.3500299586936,11.5149870467129,11.3718099027238,11.9643956429824,11.6026718497739,12.1377215944385,11.6601770073161,11.9623854638497,11.9176813575016,11.3314601648441,11.3213110104497,11.5484831998512,11.4703030902176,11.2214927795002,11.8983190941624,12.2141215129901,11.5091028062348,11.4786342595379,11.7172589930701,11.6482262612458,11.9038509454937,11.3642024155062,11.6666678411595,11.5756163652217,11.4340232119968,11.7132729160376,11.0287548747155,11.0517188914438,11.1988801994318,11.8842363056877,11.4469028137263,11.6854667157885,11.713331091864,11.7730815436429,11.665727013499,11.2482058410129,11.4480295727025,11.3262066476611,11.3862519835308,11.6635417089109,11.5119279429629,11.2959781401333,12.3217005593783,11.4077525618007,11.7252821127267,11.9474866546987,11.1080455049207,11.3217148423574,11.2229010743656,11.9827550111781,11.7224133981906,12.0275769617174,11.0198485603824,11.1635017844761,12.072167020916,11.6674741474057,12.0872840345415,11.3706672866916,11.3282712576717,12.6227815989922,12.1578603156864,12.3228505146853,11.800381020608,11.0272273810035,11.4344073756879,11.2646215933064,11.3380567415154,11.4464242824723,12.6160006431005,12.0731864035429,11.0527454183457,11.1886373272319,11.0743922060222,11.6344071956019,11.5140050232765,11.287156523771,11.270870193368,10.9785979640476
"10",11.6178062484664,12.3090128308966,12.4703313433332,12.1506119651148,10.9372308442641,12.418272966473,11.9957457624787,11.8826546783029,12.1334533256733,12.2041803024112,11.8151664563095,11.640943137419,11.8792725326131,11.0949623242629,12.2631083921796,11.9648132748916,13.1766349681799,12.4320435759189,12.1690111532676,12.4823258559659,13.0554682296614,11.7626000608875,11.6417699394702,11.7724736602417,11.8597497352165,11.6773988818957,11.3813577393429,12.3058373415332,11.5928987820761,11.9009446191384,12.0587881052428,11.230117494015,11.2911644762366,11.8354565373777,11.6176572654496,10.9709738838532,11.7228908797727,12.0617980221044,11.2750836017361,11.5804367183288,11.5587560635109,11.9887132519992,11.5511901055156,11.7192743764844,11.8821731841867,11.625426650069,11.8232720691647,11.5948123754378,11.173506225058,11.1623226165175,11.4473417586156,12.400352940727,11.4890970343274,11.9152107628654,11.7904000619245,11.3269835223499,12.0469456974034,11.5033907291028,11.9315879483943,11.5511879849755,11.5475684723861,11.4917415715705,12.2635618011934,11.3030187437928,12.5215161199985,11.2829631949661,11.5684625331336,11.9174395088864,11.553623784569,11.5640449994697,12.0415693858267,12.2188185194992,11.8915969182571,12.2613287491877,10.7608539243266,11.3850747369205,12.2169312834118,12.0345738568518,11.8841959117176,11.7035596900504,11.5380569901402,12.5078468666737,12.5090866140856,12.2152968866313,12.1663835081614,11.1341216514323,11.4494840903763,11.3729471973299,11.4597528955015,11.3208446570799,12.895701298772,12.2529015720384,10.9938600968121,11.5982192045714,11.044038713055,11.673191957414,11.5932540541676,11.5944647144352,11.7062657054266,10.9533729579417
"11",11.3559301201356,12.6615632526793,12.9184212537048,12.1653467235179,10.619013184656,12.7792141671965,12.0275788347939,11.7616235275962,12.0538260497932,12.8769202942309,11.435140440669,11.8498767783259,11.8011538328914,10.7862288131356,12.0396153134601,12.274948686668,13.2055962187092,12.5596822160905,12.5265542748634,12.3799197252437,13.3334307865297,11.4240138682288,11.9410351376571,12.2244700700512,11.7332053218047,12.3201035889528,10.8914522916206,12.890421613679,11.8361045845121,11.8177303179652,11.6549491006812,11.4357069157821,11.7051665220125,12.1870927622881,11.7372917360136,10.9076271783119,11.7226884129969,12.2038162201054,10.8604566350813,11.8655420268686,11.6185604809571,11.7338655043572,11.557962612909,12.1121398099868,11.8029744345796,11.8162771373783,11.6845903108084,11.6763619722439,11.3889469258938,11.3087189166379,11.1059170242954,12.5526653286941,11.5467062017214,11.9174552589825,11.9033176723084,11.4727760457334,12.3705554594105,11.7857180208191,12.4294014205687,11.4693081324796,11.9210580222738,11.4662419030306,12.5233721787266,11.2525357931312,12.6509006684099,11.6255049466631,11.8524573958884,12.1345664554814,12.0513265769334,11.8937690353802,12.4672473020202,12.6073623471046,12.1569727718455,12.5243315461748,10.8502976797062,11.756755953923,12.6655315675901,11.5416327237958,12.2838367597936,11.7611113967693,11.8307871010212,12.3325817657826,12.9282981893312,12.4501974974574,12.038274433349,11.3925863452496,11.4879415969161,11.6395893233646,11.8995380291679,11.539695091534,12.9589005135373,12.2639022367472,10.8656120935352,12.2892316886731,11.2317310867951,11.9075970561249,11.4027518453768,11.493096359077,11.7057289470192,10.7285334833226
"12",11.7188751408127,12.8318900592652,12.9533161225533,12.4457993228042,11.207076442336,13.4780355727161,11.7776053502426,11.5428506711086,12.4283384935558,12.8948298776588,11.2542196611182,11.9539041609698,12.2934571328923,10.5118799486339,12.4399184400182,12.5019764618045,13.7044875070409,12.8706788019459,12.9519514224,12.6567377469397,13.6228541163871,11.9813576704153,12.3376739863146,12.0623966947741,11.6794903190924,12.394439480573,11.0754104791298,13.1175693070901,12.2283875295855,12.035605434095,11.9507286384591,11.9509797631174,11.5588696466271,12.698640799612,12.0643877957642,10.910928869397,12.1385133535063,11.9550679466188,11.2487883972576,12.0682019594455,11.3962936618383,11.6229901977473,11.6695685473868,12.1548287263205,11.7358224866158,12.2048744637934,11.7358572467387,11.6964457010848,11.463705270811,11.491510331214,11.2579029378568,12.5804800664038,11.7281888253057,11.9911088823044,12.1214826046298,11.2736866829622,12.7065679147766,11.908368292398,12.5248206962716,12.0161793626554,11.5506888367042,11.6650422642668,12.8981645521004,11.2035443527988,12.8354445570194,11.9312904059667,12.2986275192655,12.3095363642143,12.2704667647863,12.3277965467651,12.4050824083918,13.011195234525,12.0774552452408,13.0834017017709,10.6083848242906,11.7026646054968,13.0658402447132,11.4529647254956,12.7728299448972,11.5619340899231,11.8987060467237,12.2032811252712,13.1369104758378,12.6396646862679,12.489023011641,11.8760315021221,11.3461132894894,11.8121080041882,12.2023636514478,11.7656754630722,13.1933626404859,12.6652778396378,10.7243324001486,12.514956182392,10.8527327294661,11.5859320602761,11.5891146358233,11.8826679865719,12.3298436316653,10.8376050892829
"13",11.7481763035782,13.1875277938606,13.1245614594346,12.8020414179724,11.3301523655047,13.8975758854761,11.5815374830092,11.7324217634116,12.639593096363,13.3004700444588,10.7724488855933,12.0990021351552,12.5123596064041,10.9612987765115,12.6062694072396,12.9918658431117,14.1686951255871,13.3513187085902,12.7909537394742,12.9645042061289,13.8663656441816,12.3409297759332,12.229688593601,12.4978945308857,11.6053806784271,12.6545538942823,11.1762008195975,13.2020764350328,12.0263161680444,12.4276855110647,12.0186115221082,12.2798434215343,11.1725060245659,13.0010394184663,12.6922394074698,11.1634099657555,12.2151437420735,11.9656627484707,11.0264562082222,11.9303958702611,11.2413727453357,11.6238948697774,11.7651991286499,12.5480267627795,11.7681836936158,12.3430008663782,11.2098016594517,12.050969185699,11.3573114229363,11.7553746080904,11.5113250242456,12.753815178396,12.1514221124457,12.0288477979052,12.6953186197361,11.0845856251998,12.6746525205759,11.9924287608907,12.7662441045528,12.2121048176712,12.0410051783158,11.4121745585568,12.4763367539988,11.211988503931,13.1756319845937,12.0101576056616,12.1676228276063,12.2387847927255,12.3608539619305,12.5607087461841,12.7085565648103,12.6950258566606,12.7387275678044,13.4833659579271,10.6243629910016,11.5388509765813,13.2022596520309,11.3682892975146,12.8512530729099,11.3509079293737,11.8776252133201,12.4161730929288,13.1135293844745,12.4693655169585,12.4385604565324,12.6267192590122,10.9246341203794,11.8898814031728,12.3754818862406,12.0989923739398,13.3335388613321,13.4871266525273,10.7871117586542,12.6458574058908,11.2436320515075,11.4341244757132,11.3386872593323,12.0794090878204,12.3529665016068,10.8148863054604
"14",11.9288593157899,13.5211861889749,12.9162964454185,13.0079389930133,11.40945334974,13.641033342656,11.6715100866585,11.7123477427122,12.8386067192419,13.4524277744473,10.9550328766467,11.608537659278,12.4697897270533,10.7996161006068,12.4729740048323,13.37078784357,15.1994560358136,13.3461637516446,13.0069057233877,13.2168476182511,14.4010030106442,12.7511349809311,12.612001275804,12.7291910720672,11.7145402894141,12.9048300410174,10.7950070455678,13.7079695969028,12.3882590467616,12.5657563802636,12.5397870167109,12.3951369718799,11.0809758513368,13.3907787406247,13.4493074159962,11.0459043711481,12.5566085713142,12.3464899224502,11.0305613053965,11.8078597775206,11.5199589970545,11.8139881736173,12.2186255172159,12.72940343766,12.2066818362499,12.5349283283627,11.3379289679232,12.3828588116672,11.5993342496825,12.0703551923776,11.6713951949778,12.8237301307777,11.697968742815,12.1727497122871,12.5612074213669,10.8843290635667,12.7000379011393,11.7014369018425,12.4066853939801,12.6720533724951,12.1588790236642,11.3343712216631,12.596434280572,11.7622068094575,13.7872521294435,11.8822309859344,12.4523983718512,12.0995653125052,12.5587844057874,12.6820232599467,12.4680553137465,12.8874895686206,12.8894822816864,13.8835965110813,10.4649363362111,12.0578718027857,12.9926765463718,11.4168775808382,12.6746335604664,11.2997712361057,11.5904969389714,12.4002327531648,13.0116981457052,12.6935574448084,12.4781526406693,13.1726049630461,10.9085348610991,11.9037348246777,12.2736260728627,12.449770252681,13.9293477775354,13.7631841576779,10.8879542164509,12.7013528919179,11.168807738986,11.540213147386,11.4344480034519,12.1009597920878,12.3992773043818,10.5778262881668
"15",12.2233598902025,12.6873445561809,12.3550814404312,12.5510822698728,12.085320911466,12.6442724197866,12.0713306904972,12.0527033371395,12.4383810646683,12.5750423934213,11.9589629868804,12.1074494298001,12.3562950972932,11.8486030742516,12.2727044276933,12.514754320991,13.1811007483281,12.5627596635036,12.4480430273006,12.5616728214774,12.8858420753721,12.3329716992553,12.4648507485024,12.3541400868005,12.1517246024909,12.4199016989806,11.9425661762361,12.6355783461687,12.2989773299085,12.4514339837089,12.5143255065285,12.312996658264,12.0342070823938,12.51676073767,12.5309359520214,11.9820525043441,12.2623428837025,12.4252095783687,11.9727098463819,12.1950688516394,12.1458579944685,12.0936992846278,12.258769209348,12.2592893165337,12.3180795745672,12.3743292554263,12.0875661076136,12.2881848740284,12.1634294447809,12.2089649535719,12.0795422251108,12.5113322934651,12.1631077290799,12.2653135360424,12.3802202953797,11.86423189586,12.3752318331922,12.1354502031344,12.2892268635983,12.3128663706165,12.1256844785927,12.0167762880156,12.4047003421722,12.1213023601074,12.7171479637806,12.0903952291793,12.2876515232757,12.2806315035678,12.2933567170341,12.3713637345292,12.2573162174214,12.4264347386615,12.4155035555249,12.6680455755485,11.7644575100981,12.2397782202849,12.5515721074458,12.0783173280078,12.3731063720973,12.1485841327996,12.1811181900335,12.2669072818233,12.5377716901374,12.4555600778781,12.3360145564164,12.5091529266368,11.9668637503496,12.1370196751397,12.3325128132648,12.3461931140387,12.763180406851,12.6264473718829,11.8988119452196,12.4116893178137,12.0309652428681,12.0010484141416,12.0407925151393,12.2029741770727,12.3029261052418,11.8820279510033
"16",12.4635745813412,12.8990346621529,12.2026833472343,12.6328356239324,12.5427303083151,13.2937928348028,12.7064771740499,12.0285635554276,12.4456439200579,13.0272047853163,12.2782753315059,12.0166221204953,12.7508971114847,12.1826437963844,12.6909615529529,12.693252806505,13.6944331563522,12.3517905422653,12.3551694940522,12.6963514304883,12.943274085968,12.5795414094101,12.7194583507879,12.1083255103204,12.0080831914207,12.4349677833589,12.2486186287604,12.5480935243108,12.4949908914076,12.4996288065259,12.5643851015349,12.1479174036179,12.1176435723844,13.0500038563139,12.6459573454024,12.2115084387696,12.2765814970152,12.2157144744049,11.7262926504671,12.5891754282119,12.1682949058859,11.9952640787141,12.2311979468057,12.5053944608496,11.9510184613139,11.92524823617,12.1802499637135,12.7356164232297,12.2622036803541,12.4589415695462,12.5207686265549,12.8123787398785,12.3200142065418,12.3788780171892,12.5340434913567,11.7064906187379,12.5769019337982,12.2190084389495,12.314122844075,12.2403960855666,12.3413660955089,12.3617741180819,12.2046446084324,12.0037756219468,12.9336151544206,12.2366447651387,11.9135980805784,12.1860149122692,12.9775316461234,12.4543356584904,12.039291675048,11.9250566734011,12.9424863732737,12.9230598055871,11.7464006860504,12.4931949709978,12.1339762581839,12.203255764937,12.6883728055878,12.3866818288703,11.8961832217748,12.6855631721479,12.8217608153271,12.4496362172579,12.1671146503699,12.5667713238018,12.0920494946188,12.7354189152534,12.7919481232138,12.2433684984371,12.8461836121542,12.901605668648,11.6852010533866,12.9434792194554,12.0631476314432,12.3287802167044,11.9267642507912,12.0216425020296,12.7263411861954,12.0060264815185
"17",12.2112553270023,12.4733546882992,11.7096943247995,12.3883377822237,12.1960121901122,12.9190305213723,12.3408951347007,11.7622774869489,11.9792537955613,12.6364627697631,11.9262055395533,11.6373373113862,12.2555692551004,11.9716714465622,12.4469237665853,12.3886789419891,13.4141928794245,11.8419925221621,11.8512280770212,12.3203339025319,12.7152065910833,12.1209144151816,12.4014321306704,11.8633198459069,11.5063379051756,12.3430932461051,11.8554494891335,12.0601295224937,12.0935900348531,12.0257516273132,12.1657020712231,11.7851805368985,11.7980095349412,12.7003235373079,12.1848798276188,11.8212151898506,11.8600615573677,11.9944592329032,11.440782653314,12.1946192019551,11.9000451781584,11.7104842509048,11.8386558136612,12.1458184234338,11.4681749354612,11.4719639857131,11.5430983288551,12.4207259339054,11.8522705925241,12.0752816367887,12.3749044163019,12.6013046045395,11.888924985771,11.9380830385139,12.1017171315693,11.3460170739856,12.2442798596375,11.9779949388105,12.0079876338166,12.0455687834947,11.9444375791021,11.8762938986602,11.7760646655696,11.6922018613688,12.6230209944931,11.8630371039841,11.5091406305942,11.9865310854082,12.6471285966619,12.1322312292102,11.6714450612326,11.3052804830719,12.4163156323393,12.8113583182752,11.4134012643357,12.1159863644728,11.8743956518586,11.7642204165014,12.5119250619915,12.1667519207192,11.4810423782472,12.3379921645207,12.4162415799661,11.8823986352411,11.8208000985741,12.1931823640961,11.6895804596699,12.6419265633947,12.4999383862808,11.9660445400891,12.5013219649667,12.5138460983704,11.3314629644291,12.5930903084773,11.8333167394911,12.0292742555156,11.7543911537874,11.644169810851,12.3580828890826,11.747819222667
"18",11.886917456787,12.2156297868641,11.2302402958943,12.0770543191814,11.7630795365108,12.3723492574668,11.9448073094794,11.3902303919977,11.5849694646071,12.2115086342067,11.578340388587,11.298032840239,11.9017202443743,11.6670918093189,12.1966486780851,11.9814131024945,13.1110091605738,11.614056840626,11.6701179428132,11.9834075785966,12.5568118107416,11.5253201574387,12.0869007785228,11.5041099310956,11.056619170646,11.9562885301899,11.6754474683491,11.5691611858234,11.6499399612537,11.8009306485675,11.8398142031989,11.2524766604162,11.4456202133088,12.3637116593902,11.525848624743,11.6691460041467,11.6419582525975,11.7769480308797,11.1242783051902,11.828253304913,11.6933486540127,11.3539679496396,11.3899715247695,11.8676932274562,10.9818767519767,11.0096007952638,11.1244873565312,12.014795927828,11.4345312491286,11.7449084517125,11.8863624299651,12.4883391086249,11.5767853859764,11.5560219788594,11.7376879999863,10.8456392273235,11.8190625467586,11.6750260176733,11.4487456967275,11.7318711136788,11.5276380789352,11.5515785507371,11.6735250719205,11.4619574938116,12.4032199462756,11.2447861883814,11.1717103652421,11.6147032443885,12.3351091627751,11.524349388058,11.3258283078496,10.8594666019415,12.09297944241,12.6013109816338,11.2204975974746,11.6461073172619,11.3847041532069,11.3195902021099,12.0786135846481,11.6810780403934,11.1813149179242,11.9537575153053,12.1404151202926,11.5032295258467,11.6582033167768,11.891507471506,11.4403317839987,12.253611324328,12.0313480803637,11.5806828263249,12.2853266561104,12.0977879092153,10.9195720698735,12.2144258776139,11.4607516116496,11.6882239220693,11.2943020259377,11.3417100026594,12.0731444692028,11.3945267115362
"19",11.5060077848015,11.7968021589769,10.8886430227538,11.6142801544807,11.4115406101885,12.0048323536534,11.6345734769449,11.0194944329893,11.3334253629648,11.937270595132,11.4736003310805,10.9442157406156,11.6326550075088,11.533841141543,11.6520771402869,11.6698182818425,12.6704297280532,11.0823176090938,11.2964256975512,11.6059296601301,12.2703328899519,11.3053475948993,11.7319186922039,11.180267251036,10.4691834733827,11.8087125149808,11.3056962806621,11.3067593723162,11.3780851813877,11.4996613571059,11.6385162866063,10.7225404865615,11.0360903305467,11.9654402201321,11.1793183443054,11.3373867192877,11.3116058746785,11.3027435180326,10.7631266399019,11.4105702641044,11.2825195979366,10.7456923398207,11.2209103713665,11.5008714652677,10.6310627397505,10.7179875608837,10.7692472999223,11.5309087676729,11.0300774908571,11.1864543461292,11.604803908594,12.0948789510004,11.274005309716,11.0523971873352,11.4180680404752,10.5858447810938,11.4125152096425,11.328819466001,11.1820390943063,11.3290510032718,11.172990176651,11.3302726214082,11.4873713002932,11.0231640863487,11.9428339820643,11.0163963435706,10.6059939289771,11.287906420786,12.077380687325,11.1669404715756,10.9409769733504,10.5317116974652,11.584312527279,12.17417866526,10.9505039233861,11.2475056279136,10.8959038163821,10.9432872009573,11.743756541172,11.3288770657041,10.8547031686022,11.732799796121,11.8222859289667,11.1692689735828,11.276742489279,11.6526036968002,11.0327342888291,11.8311129264085,11.8311987436745,11.1298093770832,12.1112859845353,11.6375667999009,10.6691121394056,11.9023614303605,11.24689141624,11.3000732214852,10.7745202883129,10.9213340941015,11.8335169945685,11.1454707678647
"20",11.7879530461762,12.0445811756548,11.0710988020244,12.1924538651412,11.7648883489505,11.8432948357045,11.8588936118366,10.941078048757,11.4483806507164,12.0624949161566,11.9524121108609,10.7956331374332,11.9542500643001,11.7897781557407,11.5152373614625,11.6449952229815,12.7359504456081,11.4936847753002,11.3039341081301,12.3201705072532,12.4983553364927,11.3483640413324,11.7958225927196,11.0401805573728,10.5010587735426,12.4437303218899,11.1994884301492,11.3357825232989,11.4398763619785,12.0539885801093,11.5513514298757,11.1155637316261,10.7272592923457,12.0431439131181,11.0709559216011,11.1636428166894,11.4205012501618,11.7373791504569,10.4584245182487,11.6397019759872,11.0879413288459,10.8051413844641,11.3826146013567,11.4708698001362,10.2853565414658,11.0996884070926,11.0528673081273,11.8272057889091,11.0934413849154,11.5717337824318,12.4527057956221,12.4002763994026,11.5138857271729,11.7359592395814,12.2150014807268,10.3618180849397,11.2752756012696,10.9512510194926,11.4208491014298,11.3838405393988,11.1894168964364,11.5928132236574,11.5020494002645,11.7736478783892,12.6314149999974,11.0090830583122,10.7688144022173,11.1626681406364,12.2401583616557,10.7815145274228,10.4361045380187,10.6680661630738,11.7839883469718,12.2184890026453,11.1189371740681,11.5885668772505,11.3607427883945,10.8836011631845,11.8277643580046,11.0533721765288,10.8666154289818,11.9655893452361,11.8863032281856,11.3989553755402,11.655222557854,11.9978175395174,11.7959995343227,12.3226071569519,11.9626651322126,11.5285702980533,12.8965070756923,12.11811955886,10.9862267786498,11.5365637733937,11.4084451196028,11.4893789708895,10.8001980838562,11.2592177661552,11.6012870695761,11.1525688209328
"21",11.2425365003198,11.5174786992922,11.1406293244928,12.4620957015547,11.8674705841038,12.380911816257,11.5684533436559,10.7687674300102,11.8563479115866,12.2969142457333,11.501375543504,11.0116604567297,12.3573561075809,11.5730598121309,11.6283781823271,11.4629321912894,12.9844454374939,11.132470816728,11.2875747153295,12.4901216384368,12.5769889348225,11.7035030598275,12.2051197423473,11.0733895493772,10.3301775519144,12.4966984991399,10.8716879868204,11.405340327109,11.4552592802226,12.2950423585368,11.6830375136469,11.5553612071711,11.0367176904425,11.9846516049335,11.3070448431215,11.2063117363888,11.3563583686933,11.3693428301642,10.3702993210301,11.6002762811346,11.4004873556764,10.7742293089539,11.8506009648801,11.87951688282,10.6067220261811,11.1938374366758,10.9704646731591,11.9745272886739,10.8868206491118,11.5856732744897,12.4057661991538,12.9249645209119,11.8262880676587,11.7228194986085,12.1978212869917,10.4359002276899,11.9771861811895,11.1694331247135,11.6414101647622,11.3670987137087,11.4716916664044,11.8860895918423,11.9511565398623,11.7816529319719,12.8734237875189,10.9967388832936,10.9285402375358,11.4114955824637,12.4527062911856,11.2156020467403,10.2186521797362,10.7467091469944,11.9010893669538,12.6212519341427,11.0405623077339,11.4096303724703,10.9325321741971,10.7085412444418,11.9330152671448,10.7362826235094,10.9882904363884,12.1096861939669,12.2264097713447,11.633463984023,11.8713255410507,12.0765038983473,11.864577149922,12.4551865937641,12.243367388069,11.6534926162351,13.4218737924806,12.8502308332158,11.0051483046518,11.3551039105844,11.8645859512967,11.8297551562178,11.2655035846135,11.3693189619005,11.8502705113213,11.1926378194854
"22",11.4162110270609,11.6925348942709,11.5095932513879,11.9497743861922,11.6606439759173,11.8927089474952,11.6314828371844,11.2303060848465,11.6878715988497,11.7892712523331,11.5375410287251,11.3587347485364,11.9561503307546,11.6202891491341,11.6781553046443,11.5098965843879,12.1848653941831,11.4968493664906,11.5158502449391,12.0557586175545,11.7992663187017,11.5608870186446,11.817776381191,11.2105277894801,11.0791311039072,11.7622463267427,11.4152331735394,11.5328430391981,11.5140871396868,11.9577628788771,11.5346591297353,11.4223902152336,11.3716309909679,11.8226453103245,11.4683651650077,11.5923107252538,11.5871755038064,11.3602575812443,11.0205837063938,11.5489996406985,11.4362553019873,11.3052463702759,11.8304163822308,11.7950358696429,11.1238408146506,11.4813157029571,11.2381611703619,11.6159139559166,11.3316410705522,11.5305314152763,11.8709828307969,12.1845198543139,11.7197212635654,11.6913620323759,11.9642662034666,11.0392276038129,11.8434895365359,11.4919147001308,11.7294488902851,11.4954193642378,11.5614332500004,11.7263464800148,11.7631211075823,11.7831197129511,12.2375114083291,11.3291557181067,11.3090835506016,11.6555504122011,11.9942115998987,11.2212638596495,11.1152277869994,11.2338491171524,11.7822394759584,12.049274506624,11.2089575851491,11.4070436789597,11.4999978459338,11.1035351576886,11.6731116514817,11.1951324591709,11.5278529446858,11.8794343840079,11.8000834666835,11.6927984905267,11.6007539644025,11.7529312632642,11.5083418960629,12.0213608640462,11.8144062574052,11.5150020740847,12.2544921764865,12.1242061434851,11.3226586049301,11.5061882492571,11.6743300517607,11.6216158734728,11.5207508294789,11.4039301331949,11.7064635550944,11.4704373445868
"23",11.6060832824509,12.1173706432704,11.6326546248348,12.5250343412262,11.4670422800061,11.6437484665479,11.4654433656544,10.890951533317,12.1115308279365,12.0064090765494,11.8771885039097,11.5219137612316,11.9700449786741,11.7614513565808,11.9172573718708,11.4307533649092,12.0694194919254,11.6053139469007,11.5034567478116,12.2154208468659,12.2420535355796,11.6947871069175,11.8680950180659,11.4570510542461,11.200904907089,11.8866565712499,11.3298003404165,11.7830776792073,11.4438274733295,12.3440110877355,11.5003458877413,11.4820462297232,11.4313990211896,12.2246234775365,11.5532589430547,11.3675005369619,11.5723523306347,11.6253780309105,11.3062099800649,11.6551450549628,11.469375913153,11.4179757924388,12.0972397592834,11.6781086504245,11.3837071319056,11.6289150041626,11.3205901162963,12.007255982739,11.1412123674233,11.551558910101,12.0410642968742,12.5345713550101,11.9583370324106,11.861457133358,11.9657474512642,11.5951692042923,12.3066899703374,12.0402951940739,11.7406883940568,11.2467757299013,11.9816848150666,11.689621859531,12.1490974467098,11.8468156121007,12.6591055911795,11.6339784361629,11.6138486568235,11.6554517579465,12.0802768347281,11.228078622467,11.1023955673136,10.9109694305628,11.6989089196157,12.0368319382285,11.2450609366236,11.4800577607819,11.5411567177975,11.1808923489646,11.5729635584412,10.6264325054563,11.6835060524859,11.8898243086611,11.9535992425382,12.1819524803061,11.3064185600283,11.8275534320713,11.6682689257319,12.5419307066442,12.3500849741499,11.732110871147,12.7543314660003,12.3080839917642,11.6081689058386,11.4795236803441,11.9991838402724,12.1065008112795,11.7214524493202,11.3881661753719,11.799933083303,11.871515592924
"24",11.1664190335372,11.8356221564181,11.3490068554748,12.1854009501849,11.0807767233621,11.2975303767089,11.2402160323078,10.4567291020392,11.8188005845441,11.5886644709685,11.6368589170198,11.2258415023805,11.5566944085855,11.488205947268,11.6164135691407,11.2587265360824,11.6415315212475,11.2204005163837,11.0670381248327,11.8274505155341,11.9375305022827,11.2931708096401,11.625710912437,11.3593922196737,10.729820466915,11.6172312591462,11.0188291336823,11.2382807804229,11.1081205564914,11.9121957246216,10.9217218270116,11.2452151534333,11.0850275163752,11.8232870566637,11.0759651396688,10.788664460399,11.3683429308509,11.348421804418,11.0270456682486,11.3592196899935,11.1560833844359,11.1283749421741,11.577460311921,11.2557469391839,11.0287935590091,11.1060710017899,10.8474870740667,11.628391353501,10.8212421893004,11.2893704620366,11.7777282639268,12.2977432142427,11.6180057397922,11.2489602999789,11.6789242497896,11.2678066899871,12.0591118363509,11.6084274641962,11.3070871914659,11.0794881589783,11.6815786607213,11.4263786604578,11.9248546031175,11.575487848993,12.1324790938814,11.2627308295307,11.1421921944937,11.3622704309379,11.7575349030842,11.0626668511273,10.7615310262843,10.4766933837862,11.2773517736125,11.6164470903216,10.9886618093992,11.280369158345,11.172815836469,10.8173053879428,11.0724122423683,10.1029397434235,11.1422017630671,11.3808386165706,11.5236175881672,11.763134950058,10.8785581235593,11.4438143205103,11.3909506276301,12.2315223270188,12.1425902364145,11.3723572904685,12.4471219359419,11.9996724511117,11.1709916073156,11.0407132579152,11.7120644977923,11.737158268144,11.3721987506458,10.957049191465,11.4506550223433,11.55449610561
"25",10.7307487853093,11.4228633534146,10.9069913039493,11.8726511901384,10.8888324080073,10.8140271384464,10.7558507993654,10.1072558855433,11.2203383972446,11.2925020527564,11.3891029992804,10.8432086383784,11.2782180572733,11.0936344268494,11.2342420175009,10.9500292639779,11.3043917743556,10.7368640677867,10.7511922793421,11.50614295841,11.5605872019512,10.8151078824672,11.0428140382067,11.0057975386579,10.1166046666103,11.2177175797487,10.5958587992035,10.884083682675,10.7926632009536,11.4052011666321,10.4950253930113,11.0720375168167,10.9358792060936,11.5173499490905,10.7119180468288,10.5099465277898,11.069563744161,10.8718299431843,10.6874380436326,10.9514378403248,10.7600446515329,10.7332362507061,11.1350329231933,10.8272039094575,10.6632544207277,10.919312946711,10.2730369156701,11.3090243218773,10.1573496413157,10.9646027270329,11.4407452929766,11.9396033133032,11.3326946514915,10.7739194212466,11.1860650703453,10.8942690715069,11.7163354340554,11.1121702518991,10.8365581185547,10.7757290364072,11.299715460484,11.026679008547,11.5504774763207,11.1108465426585,11.8452004897225,10.8980368379971,10.4538560614718,11.1027147616088,11.3512844375703,10.5762906459799,10.4518241631323,10.1298843051693,10.9974295524103,11.2528057408719,10.7049846696073,10.8624810623547,11.0202383441473,10.5314029431345,10.6655289378097,9.89487015484372,10.7164940852874,10.9825570204505,11.241699643072,11.4593977504528,10.5688171017552,11.1056674256037,11.0426807960611,11.9523238640465,12.0395360435275,10.9049201983334,12.0037977067069,11.5960462454688,10.8493984347291,10.7730709648996,11.5979837074016,11.4196846577993,11.2003678814599,10.5169023543332,11.0717309885861,11.2672614139767
"26",10.178015035365,10.9993398678015,10.6541038061776,11.2779838368829,10.6295102279068,10.4779222572822,10.3479593201348,9.60540348345277,10.8815318056409,10.9273299391701,11.2297488426895,10.5201633889289,10.9004738073615,10.5675442260752,10.9703924966054,10.6437429047028,10.8855802466774,10.4132912869249,10.3385860444729,11.2920152823767,11.0571101993209,10.508580733277,10.9162920585511,10.6628753408043,9.82263839121479,10.9604284393193,10.3655825417058,10.4994436767321,10.3688324866394,11.0669616016201,10.0935163868939,10.6588687299973,10.5727679633251,11.1422185323156,10.5355139340584,10.1754866226223,10.8079611792163,10.4987266689724,10.4230826875308,10.6547516538971,10.3625202349503,10.5555738684856,10.7808279134329,10.3237360565683,10.2821526525729,10.5058631651615,9.91784309598407,11.0573037814511,9.91401177462633,10.7089478126542,11.0609715753132,11.5719171339311,11.1411640951501,10.2724521434723,10.742664193837,10.6506144619446,11.4528474292949,10.919375109869,10.6243002550718,10.4932911915263,10.9902319632083,10.58308950129,11.1666068048046,10.7972882164597,11.4332710291613,10.6481893086901,10.1456496110673,10.6664851026031,11.132137995007,10.2351891570562,9.99925001253702,9.92304271370075,10.7375874034416,10.68553033161,10.2936945385296,10.6746135054136,10.8236216489214,10.2378200365161,10.1210984467628,9.55741610817898,10.3623086361736,10.456215054242,10.9961007674821,11.0556596550784,10.0873846148485,10.7494328420594,10.7049454440002,11.7813347316116,11.651323634559,10.7358166511043,11.6150900372853,11.3622147190186,10.5406400369856,10.3136045685482,11.206274644341,11.1478540011901,10.834415294682,10.1550851348671,10.8634336957672,10.9984442332473
"27",10.3375298647079,10.8294489360502,10.5703313381407,11.0967360222965,10.6141965426516,10.5809588144059,10.4415862889599,10.0868048105897,10.7566544647955,10.8665227550254,10.9435186638046,10.5970613302995,10.7626977755497,10.6683944833789,10.8985126468638,10.6049305541859,10.8491442109747,10.4751365097672,10.5512570190002,11.0492247224653,10.799887651873,10.4015813284463,10.8303968507655,10.6506684775402,10.0084302701368,10.9271082553763,10.5781142842913,10.5838410143399,10.5662706898244,10.9570028181863,10.2077308425647,10.5687672950872,10.6421837704756,10.9654208537365,10.5108912854913,10.4097872528022,10.7146548298038,10.5449579625081,10.475660200542,10.5747556946279,10.4836026023689,10.6095558791043,10.7398289780843,10.4274247606402,10.4032744765552,10.600571391426,10.2936086590021,10.9179144150391,10.128651595829,10.7920959217775,10.9273237663077,11.2510821813649,10.9781219206682,10.345666908699,10.7637861560275,10.6830413327395,11.1214624674125,10.7830874735467,10.5011824954265,10.5006417570818,10.8226361276436,10.5425920653205,11.0128666412216,10.7230153714931,11.078377120564,10.6373470934967,10.2752754488377,10.7133547035301,10.9855994091782,10.4646953094556,10.1815207650821,10.2184518941648,10.6629174249214,10.5797579657292,10.5387156959014,10.7301520356504,10.8427880695128,10.4919682094993,10.2827176447311,9.90943912381447,10.545907268723,10.6325546861532,10.9979049308221,10.8205998447076,10.220161704188,10.7297435320821,10.7240726872672,11.3257945882044,11.2235471146231,10.754696302402,11.2341342745699,11.1044065453446,10.6195492283272,10.3949664770512,10.8249005388324,10.8968244824798,10.8147109952219,10.3442526231466,10.8694776863686,10.7369448193413
"28",10.0354167443359,10.3689867644664,10.0389931970215,10.5114697127143,10.172375822354,10.2898214669267,10.1923317292849,9.76980808048027,10.3610665626257,10.3499465112178,10.6029410216786,10.3422853081594,10.2628933869002,10.4539053430272,10.6182051019186,10.1378764844554,10.3956300483172,10.2708380633069,10.1666067324778,10.7912587576861,10.5657122942937,9.91299140870081,10.3803371819506,10.2917992744817,9.83228920569242,10.6401277404216,10.3052919137201,10.105729942151,10.3516682577459,10.677685678604,9.52993351792224,10.1431650273188,10.2929559383684,10.6828010181467,10.3009292248898,10.1067750053108,10.5312049290314,10.2046794894225,10.1105662381788,10.3286073065192,10.1202156509588,10.3948106048753,10.2821362575359,10.2011477105997,10.0298341645613,10.2442128069338,10.0518356726961,10.609066176764,9.79200920904202,10.4815276167341,10.5860453106805,11.1651274479033,10.5765493377463,9.96595307616868,10.4917819839568,10.3301460606794,10.7609819692306,10.3547644187391,10.1513801325519,10.1176604222,10.6317955527159,10.1228900981944,10.6000467203544,10.464004942841,10.7676773804881,10.2617543849172,9.89576666010431,10.3694270295055,10.6726131147595,10.0859797219756,9.92102915032515,9.9451302759009,10.3709208627349,10.2262131989729,10.2326861100583,10.3091898323659,10.4940970369501,10.1979941083558,9.88882814198092,9.69115909693032,10.0883810305145,10.352516832857,10.6035153430971,10.641393347829,10.0004181315347,10.3932280558688,10.153256234739,11.2643763455189,10.8526642444695,10.1110829596067,10.8536845139488,10.9081803409949,10.3346989488533,9.85364391952954,10.4801821343599,10.573378475115,10.3804833119792,9.93651642556394,10.5863452078735,10.1759562387016
"29",9.96841840456548,10.217650525526,9.92160533682011,10.2618959238104,9.97452984012965,10.2694214422584,10.1476196656095,9.78828693987335,10.2359909048895,10.1115984757476,10.3252815099147,10.3102419058722,9.95017785150316,10.2193758379832,10.4579554480691,10.0630664450404,10.1954573603611,10.1478655607866,9.99126002120757,10.4995847598363,10.4273151075312,9.75860446044215,10.2269292855067,10.189372991319,9.80310266655509,10.4321202307781,10.1847395011863,10.0706797473422,10.2015586903405,10.4053223708919,9.58161767075484,9.94862928908275,10.2360464456547,10.2791356066589,10.1941277149959,9.90625642942789,10.3563825646944,10.0272943762657,10.1113250024489,10.0326582763259,9.98143169621455,10.1305318398583,10.2077340884888,10.2262242038462,9.90265902470852,10.2223354257158,9.85672200521544,10.3854443271444,9.76246196370092,10.2054878465596,10.4315923387785,10.8718836027257,10.3659190151684,9.82714603574399,10.371668217237,10.1510978687843,10.4433152522815,10.1579457139045,10.192552777836,9.9813570109802,10.4588070211087,9.92032517047466,10.4486474623922,10.1881855390694,10.4322313257172,10.0606479387452,9.69616992842754,10.1657145033005,10.5884857118938,10.0543326674536,9.99632940956948,9.94298919829394,10.1367091116072,10.0845575780943,10.1493049014451,10.1599841513507,10.3016763545954,10.0289663488971,9.80628006558327,9.73643531329946,10.0593308101787,10.1847768618446,10.354378957385,10.4167266054676,9.83227998202087,10.2072802969547,10.0266626942699,10.9984311100259,10.4933185555493,9.97765711990117,10.6437330472,10.6678968691247,10.1043528768269,9.77474040828351,10.3048706460329,10.5375135546773,10.2103613100333,9.95822567048078,10.3238556423539,9.96180066112797
"30",9.589123348267,9.77050953296889,9.73731724130966,9.84909087408713,9.61369447037247,9.86822897128694,9.99897253750189,9.40236787639822,9.70392171493454,9.75354409039693,10.069250457552,10.0198128940356,9.82034302395961,9.82727316859755,10.1747508098272,9.76101986201087,9.80820687192629,9.641781948502,9.81510067694239,10.2027372264692,10.1724042589161,9.28863313733948,9.88775370563986,9.85442745359899,9.52086905107479,10.1525237662724,9.98462580872606,9.7694247667298,9.88912679277288,10.1333348878179,9.2687098398577,9.5742837075113,10.0083993814327,9.97218915381559,10.0325688659394,9.55361364686742,9.83844417360049,9.50557095900295,9.99365846931232,9.64479384466635,9.49359938062644,9.9118447567389,9.74676764766125,9.90248402455495,9.6144905105455,10.0951947919106,9.64190195645466,10.074715348316,9.60703223431136,9.6638492732794,10.0162082277985,10.4289000968179,9.88832097064355,9.55092757178974,10.178916902312,9.94001323126409,10.1239475267979,9.71179621949259,9.7240802968037,9.60946594358752,10.1987445857679,9.51403102567905,10.1556911264983,9.72385868649191,10.2181789412954,9.73077848734571,9.3325314387722,9.86724321520146,10.1798019996662,9.89182325968014,9.69588839523793,9.67474015575113,9.76110124590506,9.73252807089269,9.76232552983083,9.68406475756206,9.82775095528674,9.82556160561672,9.44427483993659,9.42043136095191,9.75186370455085,9.75072948621666,10.1432332472593,9.9871987934964,9.6704203548635,9.92042230233686,9.55732448263251,10.6530584407923,10.0587188710199,9.76689428508651,10.2020276687362,10.2067270728339,9.64738468411661,9.44349594055554,9.88474520991714,10.0534869112496,9.9304124381584,9.72576027929909,9.97637089158493,9.67448249166841
"31",9.24677052187412,9.43765595840352,9.43116852614651,9.74191798669896,9.34630194730651,9.8260327493155,9.6338492491532,9.04442080160617,9.31539912516531,9.27737479100448,9.76077278089319,9.77084344982788,9.41772746309106,9.28090224489899,9.67692277704096,9.28502387606321,9.43788537999488,9.21856167907279,9.42985228983073,9.8815010410009,9.88979904334534,8.89307143091374,9.51803103380782,9.44981974987846,9.14492836363553,9.88946201283274,9.69295694772733,9.61146751854256,9.54759361488955,9.52813482019891,8.99572153342599,9.23754225265012,9.61832148451378,9.56157902014137,9.68743121259458,9.16407268220398,9.51181648501018,9.2574533489018,9.56941015190732,9.36320993947748,9.09895219582665,9.50459185351129,9.31819136361646,9.63475609864314,9.06987895699661,9.93372501171921,9.44508466122887,9.83895743080563,9.29276881513739,9.30385056637371,9.69727920011422,10.1061480692433,9.55487994154722,9.09209935935919,9.77460727270191,9.46836223879994,9.94482189237845,9.30093436104386,9.32867490374021,9.30319732844567,9.94115643318647,9.25363227647829,9.57228773511337,9.266385634517,9.92801955032501,9.51070584152642,9.02698475494486,9.44383304857543,9.60480045242612,9.41019566729575,9.43793751249545,9.45158529786313,9.52555995563336,9.37896594158016,9.36366977682213,9.4246047302885,9.40926347983038,9.58979472851513,9.12852526101657,9.13053525522511,9.3070066332265,9.4150610517707,9.91994816659718,9.89554964417368,9.22813857870513,9.60527117042215,9.04251307169151,10.3529989412718,9.91650089873329,9.18067102186184,9.92638584967736,10.0001562869602,9.27014743477586,9.02888959995028,9.60191521460422,9.90025066617867,9.50661854331266,9.40825958252576,9.69328643307779,9.25253790092406
"32",8.86869105437782,9.21905507562236,8.96836743271567,9.4591905212315,8.98566484983585,9.49396995547787,9.47735246067085,8.69096214822544,9.05474532234158,8.73188065324669,9.55657497081156,9.55846191867259,9.10858372363844,9.06522184092066,9.66835541854531,8.99300215004334,9.12301528370781,8.74752790777002,9.15601698505169,9.64989947260466,9.51161568684031,8.39566891398778,9.12696936105695,9.18365236393969,8.80131692640212,9.45220769974597,9.50475551750544,9.28029411865696,9.15823386209147,9.31409722031715,8.73291047790737,8.82644311965971,9.27676484169429,9.19141750836177,9.17602526296944,8.87685250501484,9.18366327838336,9.0468741207922,9.4624417902056,9.11812736300805,8.79391015246876,9.04854074131285,8.90772161455815,9.16294209605557,8.56198598403458,9.71975313359178,8.92546204320207,9.5105320788867,8.83233108434334,8.79615281648769,9.45973204751009,9.53735035650652,9.37210726700664,8.67361210855942,9.33992439765334,9.15620985995143,9.58930902019189,8.71259252225732,8.88934922112657,9.077072234581,9.63017246940555,8.95002319493783,9.32222503957775,9.00985964312839,9.61183096509404,9.09351729289049,8.746661164521,9.186400752185,9.40845373923485,9.0127535646938,9.12761081035649,9.06119810716449,9.45234596152616,8.88056739110869,9.06837476389516,9.17062236930805,9.01222430083354,9.2385638994841,8.88994158720969,8.64891904251772,8.79225461253819,9.09106255316071,9.56678521087892,9.57134918099137,8.95684221329522,9.21961466525877,8.83893898842905,10.0576814627549,9.55640957992009,8.54369014191883,9.50386543979531,9.77794115916858,8.86139506615825,8.85266450808278,9.20759336969072,9.60568989270971,9.26192306337852,8.90778154260551,9.31109576027785,8.91472363943686
"33",8.49669046171624,8.92804934209364,8.57091175577203,9.03827205428138,8.73931834214658,9.15711826334854,9.02029419207702,8.30461988753516,8.84737271597598,8.47173214185343,9.40023222778725,9.21740941452643,8.50137497052523,8.93614179729623,9.42211619534313,8.75927996586278,8.59431084004781,8.38236682725123,8.80277144855054,9.4526380020503,9.29840275602485,8.16414202954655,8.75892869859547,8.97321629468872,8.60777158282238,8.94969084524688,9.32083930889914,8.79794088033734,8.73920816109718,9.02151165806049,8.38876045433735,8.60055795057033,8.89007462387059,8.81468898814898,8.64460798866445,8.46677145459218,9.010743699268,8.65177258593039,8.97199100536673,8.62167770567802,8.47682787335165,8.84768017754793,8.4274287370963,8.91030591745889,8.24271654280368,9.47026380252667,8.69596911409392,9.20522412251127,8.53457786403749,8.24397950376352,9.19642726892788,9.32286280784589,9.05156022136523,8.45057229363634,8.98656109770046,8.8128839308383,9.30385480847985,8.46904167200996,8.58584835296843,8.78117959021717,9.1804803343819,8.36621532232821,9.05741599431876,8.63807263648324,9.39775502290536,8.73437364020158,8.43246204779298,8.8216666998944,8.88931532153959,8.55928455153257,8.69140356504271,8.38518527375304,8.86833860033038,8.49500472323383,8.81055457921325,9.01093096515823,8.51014782416651,9.01056114038894,8.4410768110537,8.26142929810936,8.38219376630928,8.72049242344148,9.27751342560655,9.28932853137354,8.50451163967798,8.69814687391713,8.57998738002969,9.79491684405704,9.35339792637337,8.31938230343122,9.25568048463059,9.39624172081601,8.4791715812507,8.59630533639859,8.93260123813509,9.37334052311302,8.99757662129253,8.63521170814367,9.06299786263854,8.44806260901626
"34",8.17618671141954,8.55357484997117,8.40241657141725,8.6174648973409,8.42051792268977,8.8914418491974,8.83766607043732,8.1572966881185,8.7182479784976,8.06444820059717,9.0739871328304,8.94372071892543,8.31424299774645,8.54647301889751,9.12319854169747,8.34770517193114,8.37884556556255,8.06188746868324,8.46360022959368,9.09629843359337,9.02179397946939,7.81983627133097,8.53287120057543,8.5543927077377,8.39552652361078,8.47901595008156,8.94258894115422,8.66014709474573,8.35544830583079,8.62246300656794,8.0415481617315,8.28606044601486,8.58311661478112,8.49576936020464,8.22732035953073,8.15973735002725,8.71471970033715,8.41700321699938,8.59817143943485,8.39837761914452,8.11255428699599,8.46962243795937,8.20125670300927,8.53958530502667,7.87475472612816,9.1867131091452,8.26557223260742,8.80456328242219,8.16478289643399,8.02549092881826,8.96380075319547,9.0129096840249,8.68442997963683,8.10789047403049,8.51870661376773,8.42372527738531,8.92035924887092,8.12946004011059,8.26283087332957,8.46636896535106,8.95722592996695,8.20499629708142,8.67760646881311,8.17378777018879,9.04972996712298,8.512659671508,8.17712754139576,8.46356130276128,8.46662146546531,8.45337697673019,8.32951502088838,8.10293852831708,8.50849329984355,8.20700055576242,8.19221291523147,8.82422789002013,8.14802937971263,8.96817035642948,8.21963967490201,8.05731562042808,8.14641944972334,8.38638081632869,9.13046039282227,9.00014995740198,8.14647848964612,8.62252091854464,8.0895719029338,9.33742713244206,9.02377000893269,8.02535800391231,8.83253000949152,8.9901418575722,8.08922017736671,8.12745945367809,8.52949013915168,9.12142368227678,8.65918829120204,8.27104830358992,8.64920710166907,8.23053620640093
"35",8.5392340803367,8.85860826992627,8.78254343305914,8.96555859269786,8.87440848893441,9.19271682120877,8.9800058826875,8.54626139460309,8.98223577590855,8.50003052069036,9.14112538490515,9.19808754420426,8.66600106190424,8.80435499128016,9.4654538299146,8.71256327253808,8.77723735284349,8.49141858106855,8.75991185137918,9.42821090181862,9.27308867496313,8.38258597619821,8.98303120249872,8.92394990820926,8.8255435978691,8.8942834569751,9.26475169053657,8.98392551392161,8.84227315732031,8.85502286832996,8.60906930570934,8.70382157271542,9.05722912315771,8.76229001985932,8.69673008987756,8.62648907585941,8.98335528567312,8.85704615742538,9.09225837093732,8.91442008026953,8.59362130406654,8.87690411917704,8.59428256515203,8.9479215958264,8.36668581825314,9.42444017611484,8.6746126240246,9.08358352764095,8.63801891934362,8.43785510505353,9.2353322924741,9.22867574466358,9.06834002175094,8.68934281115943,8.89634546501046,8.90786330064016,9.16580961649841,8.58719160354774,8.69386542356075,8.83320871437468,9.26183418579613,8.64527168944035,9.03302278437671,8.52235301282152,9.12853772508309,8.85187612780148,8.57116176539844,9.01193822155472,8.87113820099342,8.75074906075072,8.66737187022231,8.64534617731067,8.93899759764177,8.5890489927388,8.70177152361717,9.0511194404913,8.5853506372003,9.24242498936718,8.83336555552093,8.56715077666811,8.60785673003245,8.73219750741925,9.58405953441872,9.21647429444829,8.55886519781151,8.94792181353078,8.82753261565507,9.44720354244992,9.28796250927046,8.57290368863502,9.16338602988606,9.08872700636929,8.5932458697153,8.74472099866991,8.89544786278009,9.36300889228635,9.0670765560629,8.74644048188015,8.99281890566916,8.89534138637312
"36",8.34811180470837,8.52303502215081,8.5105992423469,8.51550897916257,8.51625319174395,9.02346361192241,8.80868432935258,8.18763169509149,8.54595425183487,8.35866541040277,8.82350546918702,8.9525557696199,8.41711025228229,8.45416535866585,8.99984483138185,8.41288261583781,8.54675433425092,8.08939350038651,8.43581797000079,9.21701922080784,9.01346807771893,8.01166828309978,8.66806125340755,8.72302451231067,8.65723569207494,8.62844113683728,9.080310675408,8.73393438398732,8.54375785983296,8.33456216687645,8.35722916559136,8.41949427164159,8.88423557354894,8.4757286073552,8.30377924147057,8.49874896331462,8.62707221724606,8.57196368380272,8.9472750080061,8.53447043233612,8.34603983736198,8.48151694679439,8.32479732442652,8.632775409344,8.16851962363086,9.33543090438408,8.43239112851008,8.69348939000522,8.16484686861656,8.10364075177529,8.88392346567735,8.84507828977855,8.99308320728386,8.31860131578952,8.64472387219821,8.53098558429393,8.89861540545761,8.35854851146434,8.4481021490979,8.56822141616511,8.97560999250186,8.51281200415836,8.79924117083555,8.21140137881333,8.91149392084393,8.50984444945221,8.29249221797354,8.66226954859646,8.44042885548673,8.35123215125558,8.22267134191842,8.42442192559311,8.79914009376077,8.30207994938399,8.43839746836511,8.76881066619999,8.3347144492769,8.89012632155511,8.40093229167228,8.18076677540331,8.41281291036271,8.33927425286734,9.31690769430471,9.03900841076323,8.14287608128643,8.75535337518724,8.38880687850093,9.22877710621156,8.82622649371854,8.17154481994923,8.90784888586202,8.97116984680987,8.41954826565958,8.52484439081266,8.58306072189959,8.97251767451975,8.76905359532368,8.52696693581332,8.61047083904656,8.52589373671305
"37",7.77727003611294,8.25654375616902,8.24097515798097,8.03941837441626,8.14445053423021,8.84885940145025,8.5070975629406,7.89343494230474,8.02095450858305,7.86143714439086,8.49950042912716,8.51294468441671,8.15498443010327,8.24218542783406,8.61511911170217,7.99413474310304,8.20124043058161,7.65251519637404,8.04823100502967,9.06432501274199,9.00648703333381,7.58641396080241,8.42268435071895,8.58746995988852,8.40154200207227,8.33697709133722,8.73615515010359,8.19368159605171,8.4208782845984,7.99523061905571,8.03593683536229,8.0428705393916,8.67684597452467,8.05095170997582,7.91466866116182,8.24749937837769,8.45204492698559,8.42934274526293,8.55316282901198,8.05285186703688,8.01373911798043,8.14289164969047,7.99513155950683,8.37385587619482,7.60854717979563,8.87673930125579,8.10110863648231,8.49630965908466,7.62876146431172,7.68227402857692,8.41167408518369,8.56537715028204,8.70028267135304,7.97525019205476,8.39779811103128,8.32485102269602,8.66660957315192,8.08938502118857,8.00946039366682,8.26280503025153,8.7305498151722,8.23163167311259,8.47969281959807,8.02525933400318,8.51681589245618,8.17799062333384,7.89930076131359,8.38376174108396,8.1636738581186,8.04386654185014,8.04233829723185,8.07952678074944,8.40402423202952,7.98919566321881,8.25961657538111,8.69380205984936,7.97198308678058,8.66679106583097,8.18398046494558,8.04697300588348,8.02264948372852,7.95584714153909,9.02782966341949,8.71656657238155,7.84801398918949,8.46420856273583,7.88641044595186,8.97373872605665,8.46541132155586,7.87586860714267,8.59901761894639,8.62132902594736,8.23590619836842,8.29325142993692,8.25669513382556,8.69749303075851,8.39827315600865,8.19895987422379,8.18827808377468,8.29436472796493
"38",7.25505681529397,8.0058762836398,7.77120466869432,7.76475419690562,7.89183932794542,8.73410047732545,8.2100275869072,7.44569894796207,7.6204687151444,7.65734888063469,8.07660673917296,8.13230974780299,7.94174237870012,7.94487508166711,8.31653303659688,7.56652873240596,8.03527008978942,7.51541964187443,7.79853486104818,8.75923199569632,8.83881642710262,7.08624414190007,8.21517211096888,8.31295334520146,8.17613096247096,8.15454981681634,8.58425438810609,7.68326943175143,8.12657013690096,7.54942363738988,7.65669849458697,7.73221087768688,8.35442168585695,7.79103029776732,7.38180572910583,7.96818996733912,8.20103901012676,8.02422176971024,8.1751526161552,7.69592741665104,7.79714698550819,7.77056813679145,7.54835082669389,8.00001083854407,7.17158877079343,8.66227799483166,7.81538757735403,8.08770107232388,7.31310824976388,7.40983567326757,8.08105762334317,8.07810847870393,8.42276568301013,7.47446378687939,7.9657049117722,8.20519779150891,8.46666165642968,7.71354760236158,7.79672706112064,7.95006138397705,8.41315835342817,7.95233093423147,8.18161950416067,7.77657640537335,8.09950011774382,7.87389823066061,7.53007257000605,8.0391608178085,7.94330200206544,7.79931305203683,7.7048210836721,7.74385003379475,8.20369795350022,7.76334520474715,8.16722036819923,8.37168043675335,7.6882680628775,8.37609644250351,7.89997939752565,7.84198463166398,7.69879175471432,7.74818020462446,8.74009927525097,8.43080642061187,7.46661136172415,8.01650355545466,7.58019994463355,8.61734158518246,8.27675377618524,7.49137363456512,8.08984181528876,8.33068260461485,7.81741697727432,8.09048092504816,7.92426244063358,8.44887148379694,8.0109915506333,7.71651597326819,7.71067712765738,8.21568483362578
"39",6.91612543572609,7.64249058102155,7.59711107241829,7.38393067209501,7.62275707378296,8.28953146044091,7.94586728495662,7.20652021738609,7.3735747938131,7.4374191471024,7.81874892068715,7.7965729219704,7.61728607962109,7.56145182749963,7.98811613635873,7.23031063448318,7.61761407984664,7.23486490218993,7.53943335445905,8.26082252501359,8.43739883826747,6.82983232019626,7.9933835024589,8.08155870486582,7.90208853457737,7.94829547637877,8.16058458577459,7.54491237578111,7.8910760723628,7.00399298170868,7.30867840511744,7.31653717430896,8.10880004227459,7.55869155815203,6.90565466579388,7.6475341128728,8.12263083160185,7.75073393685656,7.70819240141704,7.37296611238626,7.55308850846729,7.47970127450019,7.21652136048074,7.59041034968062,6.95452277580185,8.36169602515729,7.298684665486,7.90269529832298,7.22936363987371,7.12538187066108,7.88923813036422,7.76002067239803,8.19603747749061,7.11004412384211,7.67886445747364,8.02370655546108,8.32268358038274,7.49386674371616,7.63299112600434,7.64230172441986,8.15596306298989,7.66748404904956,7.8084555051109,7.52765317188399,7.56104709055909,7.38285787282066,7.26477851148759,7.67221685425059,7.76123664668692,7.54948975463897,7.32300118121009,7.48008088656116,7.96427362414313,7.2424846776523,7.9647754973661,8.15703320132191,7.23342912617435,7.98207337394159,7.68857511089786,7.47290343902772,7.71198285529792,7.80844654721855,8.40950722241969,7.88919483558338,7.26579716121274,7.61144463962852,7.34905581563657,8.42328507705757,8.09041202156361,7.02641642166711,7.88075806370585,8.13584644377184,7.43005939001742,7.79792867801011,7.58854945389303,8.29990773135733,7.79801660718532,7.46717424061959,7.2471330848448,7.75905736710772
"40",6.41726336628732,7.14417462696813,7.31689477171007,6.87575694688493,7.38319433979247,8.05593536145014,7.39344614626996,6.90841562774103,7.06956423972351,6.99813634969238,7.52193663828479,7.55997986988976,7.16125456428122,7.31930505716001,7.6271083316376,6.78640901143581,7.32143213255773,6.98596175499861,7.24213758849618,7.99276887085658,8.23630995644196,6.46658337373784,7.67419764409078,7.74279613651369,7.61260197475248,7.72013821238072,8.11484042154218,7.21883287745884,7.78184565443291,6.49220066272659,7.16090851806565,7.01744208892501,7.5729863559501,7.21712311832632,6.51606549211918,7.44451738029145,7.6706262094429,7.5108590512103,7.21046698875289,7.07074765411216,7.31501446483648,7.25313201492721,6.83334112113056,7.22951205231883,6.88300069866794,8.23591825298443,7.03627640710959,7.55058028538756,6.72133564413916,6.79341039195166,7.52385631077755,7.4331927004993,7.74874676561517,6.67674513198077,7.32707964648447,7.72152566334636,8.07829550206492,7.05034060501482,7.32480621185501,7.30328248128765,7.93479795433104,7.42769863465821,7.69480920629033,7.1730392950701,7.21964972675782,6.94477207086875,6.85951678521996,7.21912633120457,7.48267590012285,7.20126848330978,6.98232834639039,7.17999698827113,7.59015020260361,6.94442432831654,7.60254348847834,8.00393972287021,6.92077313931574,7.75264320836416,7.42321105312155,7.2755756308161,7.47289114294392,7.37379851005593,8.23086084780306,7.76231445596093,7.02399611713032,7.3483836128185,6.97986799799437,8.09473891236992,7.74471250615124,6.67280965689217,7.69223237927088,7.79502568455771,7.14632964513769,7.40305992795203,7.17456647770694,7.95399452620574,7.53630785957979,7.01099177371038,7.03958315044789,7.18731518204581
"41",6.05896977311154,6.66457912670557,7.15784644104529,6.51851918002555,7.00639607641749,7.91948539474434,7.04975823567123,6.49106276018877,6.7495506001048,6.66442267757555,7.217133746246,7.35589008160083,6.81177956806977,6.91055450461324,7.1913813934327,6.34984867668714,7.15336251047859,6.78841899671213,6.87865392092881,7.75230050118009,7.88996155684253,6.21999477463649,7.39401281128053,7.35524606951316,7.55001556748451,7.3464754293162,7.84876710203809,6.88719971706827,7.42229284457795,6.00445109789738,6.7200660148816,6.70541511156315,7.23388753529899,6.79542988977504,6.2906368958668,7.06700233825985,7.47579574187257,7.34791416669234,6.97653782535826,6.80868722898602,7.02800082666964,7.08067122349767,6.54340208343473,7.0682604990529,6.58801973682683,7.91547513194579,6.89648609871167,7.30592115980479,6.28210155258002,6.53697220697604,7.1004975818798,7.09736086172129,7.57509718838428,6.28546603865651,6.71688157769368,7.40109748138863,7.87986169493593,6.84204464250239,6.9873262084236,7.03323589485927,7.62392789350223,7.24321699901621,7.2978997464861,7.10629583714634,7.01852164466031,6.69448953944198,6.44618375618257,6.90474051476567,7.24076052903763,6.99374417302785,6.59256564182661,6.9397094849124,7.26076003526335,6.46916197283167,7.24511455939089,7.77943837231546,6.49443567217526,7.31432499697434,6.97322068991969,6.89389487518339,7.3218240021809,6.82757827747351,8.09641405833566,7.41835105247201,6.76233760598353,7.02791054792989,6.78809849634887,7.6300730399535,7.72254235041857,6.38470969352244,7.47001447502745,7.44003430210911,7.03845204912497,7.08711543582121,6.67814368103347,7.56871008715511,7.09990648319933,6.66954629004361,6.76078436018209,6.87586697789286
"42",5.81731529413611,6.19600674786891,6.91067302006488,6.1616008469811,6.51130725704632,7.59610805915355,6.69301276415195,6.3230907069715,6.4353815099081,6.15103592696691,6.91495681035358,7.21670442712359,6.38234412303064,6.54165100105062,6.81817224401162,6.11722387063282,6.78565480689802,6.61400455695658,6.56410991999614,7.55192454748328,7.57239425936756,5.87225071578522,7.20276179933745,7.05427021102497,7.10684139718811,7.27181716789475,7.53989380953782,6.77877417732193,7.24388716156854,5.56529931098924,6.39006805767785,6.50509584592012,6.99843372331754,6.61907877946987,5.78780137452512,6.77010205874723,7.24071886031256,7.01167734405203,6.73643286122812,6.42171935845186,6.6228829379472,6.77006449668825,6.29915846909004,6.66691536878146,6.20154197618125,7.73767460016476,6.73793536692311,6.94607559527118,5.8270254043433,6.30537535879881,6.80888097976444,6.79085697883423,7.39802890038153,6.17539143646961,6.50673763066336,7.13913394003308,7.65217864998439,6.52136466171483,6.75965369643403,6.85178577986008,7.34028023885713,6.83854722063199,6.98654338876741,6.84678112740399,6.65102774488492,6.26477449085643,6.11258655629096,6.55404402790849,6.97362304968379,6.70342403406835,6.21570647201812,6.43170442418281,6.90456747775282,6.17378448492796,6.97354313607715,7.37644266779509,6.2350962972794,6.93788880218427,6.71378891637927,6.57009112591568,6.89719456368741,6.42373552019725,7.49015161002762,7.20532679646113,6.6559563202363,6.76643324560903,6.62665621034959,7.35935145443586,7.47085561731971,6.09662793003732,7.05516653067101,7.13963595742555,6.50157435907052,6.74431566156275,6.20732948888425,7.43127689095146,6.78659180841226,6.28131557550733,6.53560003638142,6.61137945261776
"43",6.45263022083356,6.68459835195416,6.97513268600146,6.60898558643854,6.84956408405921,7.36451657235638,6.99527170910768,6.76239408238365,6.71277992506235,6.45831806142108,7.07643458255389,7.23948378043705,6.77817609886681,6.91952727842024,6.95586697375648,6.72185768921702,6.93116665839146,6.82465168752054,6.85334236528198,7.42314772320218,7.48108500916836,6.4534307813563,7.20321265002972,7.10977898603778,7.21667119116397,7.31672517613228,7.496710712182,7.05977270312958,7.21202208605014,6.36462338715467,6.80678891134247,6.80913628958895,7.08286005523664,6.9396780607267,6.27628351969275,7.02690891832259,7.33722238164826,7.12578435859624,6.84565740525692,6.79120099101917,6.94567523869376,6.97328868832595,6.74129942952144,7.00234053133481,6.60871224873123,7.63555506335003,7.02422814966344,7.05602993587685,6.44040206066103,6.77756086038632,7.06979052185425,7.01611627761639,7.34433060769253,6.60797296788183,6.78416205985405,7.11998058191326,7.42405744875578,6.81454260290653,7.00720125549974,7.03784697719139,7.36034051423488,6.94556763151702,7.18184516082376,7.16616889486694,6.84865395752065,6.70095368437115,6.56643979026537,6.80333520488364,7.1767073306859,7.04693507514299,6.62200425650329,6.82802299104852,6.97777729425234,6.73953520145849,7.22113549742373,7.33019685080092,6.55971804782568,7.0961246379658,7.00100424831741,6.87132099192182,6.95044815780927,6.72434917331431,7.3994426457768,7.25565273769897,6.88415615901946,6.93196125138952,6.87427424026337,7.38319415208576,7.53113463900646,6.5224875309747,7.04176851259504,7.1767042518221,6.84940135994058,7.01614029931583,6.68678234347441,7.40999850828723,6.91403348744096,6.69092717245214,6.80442999211086,6.78965153196242
"44",6.11482440313091,6.35435774143612,6.69291444630871,6.10354117990921,6.39414818119486,7.20448474366882,6.64877996984412,6.56272748141973,6.40168380957086,6.02196730137532,6.72403724895702,6.93927631114846,6.3802794511806,6.60103799160091,6.86526820171117,6.56282892200824,6.61018704428474,6.52255582559079,6.4362416666709,7.0711994018231,7.14375066064761,6.07401375949633,6.93604043163123,6.87744916116801,6.78507608418082,7.12601900627189,7.36056174439417,6.86614661849509,6.9764514144059,5.90518835118782,6.71962625330797,6.58678984241982,6.82055864921113,6.51485423554358,5.95474015081771,6.7940322004156,7.01801343890158,6.7141888181084,6.58585443114954,6.4964277223589,6.70165281492289,6.56212407118808,6.51786187302709,6.67619217262173,6.57563872827944,7.37072176052382,6.86777960338616,6.64781269183605,6.06518587776614,6.30864557393121,6.57819521142551,6.68835388518865,7.07292044962306,6.33618791615866,6.29057540444327,6.70526411044387,7.25492859752655,6.53226043552525,6.46667244465971,6.76189244441893,7.13021296619696,6.75887206854865,6.73261537797583,6.76630148958454,6.48400360715824,6.32103369893016,6.26517076852125,6.5626134773035,6.78588226210738,6.72336165615248,6.40492789896575,6.42688544882902,6.67507332130193,6.26604927728425,6.85256760562317,6.90407120155437,6.25491120040343,6.6859028930954,6.88926003090424,6.38137423603862,6.66421978987973,6.35564833218766,6.91485332834094,6.97101885598084,6.73973363899743,6.69605128373486,6.21049754793006,7.11198251240239,7.29857346466489,6.19353574129985,6.68758535158709,6.89356009235763,6.56960857094591,6.84956438772321,6.50448848291601,7.11464973370549,6.64446490686883,6.40041937093744,6.34456949053345,6.52874897886718
"45",5.64010991416114,6.16947992797406,6.49283614378813,5.58859160743433,5.86273485795726,6.86915656844612,6.25878084156858,6.40909342988056,6.02233577380236,5.71049689457256,6.27094697673675,6.69634403874938,6.04150700720095,6.4385858569103,6.61815047781188,6.33820865193151,6.38974464941932,6.09355851003393,6.12664989046895,6.7783128732936,6.66478347726056,5.76017476205738,6.71563840905479,6.67743089425322,6.46623380776,6.99942318281106,7.0339369051174,6.68249249919843,6.70512315912242,5.59963492587923,6.51622422090488,6.18937886422582,6.58900238909428,6.19007054993275,5.64318405132093,6.47952073084647,6.67452995969763,6.60491464980375,6.50214488910041,6.23298624616067,6.43824873120389,6.23914524387696,6.31886575229474,6.37268187665819,6.26035744261627,7.01980681184229,6.61569270377283,6.4897828481292,5.68369222845356,6.00363022862147,6.21893496996831,6.38553431792378,6.93719170471898,6.16484401179026,6.12185416727019,6.58677993388417,6.90686752823841,6.18612710249148,6.02071052761099,6.59164682853376,6.75413921844593,6.42836375639645,6.18709049642582,6.43441902752367,6.25311886982442,6.0475297376854,5.8894321189457,6.22725424842179,6.58060786397447,6.76028621498102,6.27868099469862,6.09552699969288,6.51937647643695,5.90506227739667,6.61236990512004,6.70575499285256,6.17379041095311,6.51494899260433,6.54479686462792,6.12695846691657,6.22371220522387,6.05948960616379,6.53282018156988,6.45170468758693,6.57547006682791,6.51573375063945,5.98232673662953,6.78790782894968,6.89620947635988,6.01108555738292,6.51384592178412,6.65956016453323,6.03081159216749,6.73362214233891,6.13743123168607,6.97695355231533,6.57871192129739,6.07678060252456,6.09631253029728,6.20113730990459
"46",5.22817260094157,5.58679815261286,6.11890009256201,5.1728338849389,5.50768630818108,6.6368169842386,6.03712419503069,6.03666609967929,5.60787374774107,5.25592572901721,6.00403856492669,6.27591035636849,5.61759243141535,6.15254910243724,6.30153078579439,6.14166725483286,6.07996036824394,5.97206924687802,5.83292820758944,6.49804005717255,6.35316937481546,5.44717387716956,6.30138246857173,6.33583154783758,6.25135375680734,6.73226495857384,6.98105228621359,6.56768742154525,6.5028730683037,5.32624711194416,6.11548017227619,5.87939024727463,6.24330541497533,5.78969618613658,5.32622345542514,6.13000561204118,6.4520527082537,6.36647079933406,6.20072410260169,5.7353184544683,6.0063001337724,5.89883189649993,6.1193041625806,6.05153403079393,5.93524621356432,6.52034852475405,6.39668634089348,6.09513510799278,5.33452188898974,5.63751001151956,5.91524816000888,6.16915572341956,6.51371544978326,5.80980699339092,5.91796068286246,6.34887812636253,6.50328270848981,6.02804996997743,5.78733380707434,6.49996512697268,6.45643356973852,6.15643673846824,5.83632162027615,6.0736876446071,5.74844204479038,5.88927626331558,5.76389566622103,5.85512000706671,6.40301270021135,6.43598043406107,6.0119946418059,5.80557128387714,6.26278246006727,5.63487356921754,6.26287125674118,6.28698553432871,5.99177184563837,6.24397637287386,6.32109350871024,5.70930636504389,5.79357981216809,5.7150725480032,6.15492248246625,6.20256434788733,6.317530924669,6.14296464026236,5.62910184582644,6.48271671153728,6.50435226775091,5.80361962992951,6.14336109502971,6.38278096680685,5.8558436559494,6.52414656137378,5.80950102686538,6.74949466997633,6.47281670317846,5.75158389658656,5.8781100432208,5.94232108859978
"47",5.21496096118584,5.44126193929452,5.94389588962722,5.27669199782136,5.29813263687725,6.19996604680251,5.76125489973754,5.81764021388475,5.58783679462647,5.35687876131988,5.98399549405209,6.10167833264143,5.40096625132172,5.95145175075462,6.06065163210985,5.89255425879796,5.83935687842049,5.89960914366777,5.66550892209859,6.0992589864624,6.04667164893709,5.51841060521071,5.9218081342424,6.12187003085188,6.04166137917924,6.23333482481083,6.30617138404219,6.19780968512017,6.10349517409218,5.49051921056615,5.84840748895219,5.68564665676633,5.9754110560951,5.70001930788648,5.32106269618687,5.93625703077372,6.11577384151434,6.23064893735694,5.98728300894653,5.59890649884805,5.89026119439112,5.78138719294486,5.80510885439059,5.67143006455111,5.68533130025986,6.14026819329028,6.02397665267654,5.88295305824164,5.27053347315422,5.52591901644356,5.70930500494701,6.02167348084405,6.02866897461338,5.63447647378465,5.81292000969897,5.99941191917351,6.24131377292476,5.68538999964012,5.60615959470284,6.01214253504567,6.06222970446061,5.99328003828888,5.7120221808805,5.86300199546744,5.59457778535313,5.71880352219606,5.59227971368532,5.67517353597836,6.00822050179587,6.1467165492849,5.8004858153011,5.65012708283348,6.00604080938177,5.50265029072068,5.97879922128021,5.98762666548913,5.68388932399199,6.09827325955485,5.9815345360016,5.49345711073127,5.65515527034019,5.62375099534107,5.85135350212268,6.03864546023206,6.06647523298951,5.94487889785402,5.38106477289904,6.16448959944738,6.0356625143854,5.63820622659954,5.97281095588305,5.97974784030028,5.80828441626434,6.40211799964525,5.55315027773923,6.37512460041718,6.09326899952413,5.56233347771329,5.69300194326243,5.73089483173084
"48",4.91072860144055,5.168540056557,5.65901734207106,5.09487379393128,4.9420314666522,5.88771235747757,5.50935511062065,5.80325023597561,5.14152189520901,5.02047437007775,5.72452326316631,5.8015489250772,4.94930747025504,5.6844177379886,5.78857993230317,5.73074262331277,5.4163118521292,5.61698570034228,5.28081447681393,5.87944763112715,5.67818307222069,5.14835567415408,5.77150395189054,5.79461804172406,5.76804771127585,6.03330972709628,6.00658064465838,5.90643942159634,5.85698563580882,5.10718674235944,5.46754365562769,5.32409366222152,5.56693916728261,5.3460776684631,4.87769557677272,5.46221248077089,6.00354330327843,5.9670038937209,5.75943957794934,5.36770952491052,5.67249478166812,5.25220607300066,5.60000070205823,5.54018535730952,5.3477521507885,5.96904010497668,5.57664226582925,5.59184487982136,5.00775368848073,5.36433633822428,5.34925296443994,5.74414805188956,5.47541145559664,5.30994162824915,5.46818390730669,5.75453266320938,5.90012088218332,5.64723633409939,5.34820057526604,5.77324915701133,5.81144280800959,5.6607593520287,5.45839363533373,5.633153435404,5.52333678005625,5.45128883725148,5.32079855317719,5.21236740038995,5.51429714007572,5.73505681573215,5.50620197925217,5.4788705692998,5.71936900444173,5.13458141936889,5.63589339100993,5.69587136193236,5.29324121455619,5.71682547784741,5.61522922172488,5.27276060847788,5.32342164094419,5.19359365800721,5.68096550895262,5.83276509470875,5.62446378446091,5.68125547195771,5.01079323580671,5.87022453609522,5.65729190034697,5.10662839122315,5.70433406989098,5.67318963608602,5.43066877776903,6.18419110500221,5.26318576323351,5.89180075403896,5.85124787444546,5.31730628462439,5.47294256569034,5.54428202460894
"49",4.56814606680968,5.02780372559772,5.47807051211654,4.81377571832354,4.56643871062153,5.67207771292462,5.37977315464864,5.40061734854512,4.7383690115158,4.64650404648638,5.23193406523669,5.37677193480682,4.44691333256612,5.30558931364553,5.41785847356049,5.23348676946608,5.20316782148621,5.38536795410659,4.80482674521227,5.50807516250567,5.57210354470926,5.11132953851578,5.55506239894773,5.59830658415703,5.5001880508838,5.6339163371061,5.77816381887213,5.69183298785274,5.4985611109498,4.57267478558056,5.40004734997095,5.14583866858245,5.15589438459225,5.09460153271014,4.50394887431539,5.02099501923887,5.72057270924465,5.63978021917854,5.53336584682051,5.0863594081614,5.48824879102756,5.020563646251,5.35395587875144,5.20215349318234,4.99998199515061,5.73980498383831,5.18388054316702,5.24209914830233,4.63455532902868,5.20748884185487,5.00683545776784,5.41697710707883,5.07970576698922,5.05658578288025,5.16232289171354,5.64341683646738,5.65573436116647,5.18068933069163,5.02887160130118,5.43387956776298,5.46781913586858,5.6140506456777,5.19934302722117,5.45443857098293,5.24948993923512,5.20670895700439,4.87440345121842,5.13551905537888,5.25984952952868,5.54031310955139,5.29477203762537,5.18441032293639,5.27826422412511,4.98587744151106,5.32955361148043,5.45811206405615,4.9992583586738,5.36383900046056,5.3242322226248,4.83335931010519,4.83007002587669,4.77778691074279,5.31948888108784,5.63711097244687,5.55783102420756,5.45564000277914,4.94592342295266,5.61634911359479,5.2254123554073,4.7066088980697,5.34851270758582,5.48671573929127,5.06368539750121,5.94645929813849,5.05203207899904,5.5367322909189,5.69272858559131,4.94498702608255,5.07376646354508,5.22845106876599
"50",4.86717390393892,5.28426185879619,5.66985633039144,5.06219337696051,4.9483307237678,5.72878996652097,5.51261047054722,5.54984288823772,5.06409078378734,5.06598410605385,5.3569909267968,5.55959730660995,4.85189343310669,5.50818998585242,5.6853025453154,5.50719286631924,5.49200795825622,5.52710190700845,5.100482182921,5.64044304275245,5.68211312427851,5.29892383148699,5.61574768113895,5.80097572153464,5.662750788386,5.8878661094707,5.86958134623258,5.71471020447148,5.57956140307012,4.86197713653013,5.61405379168621,5.53768319349597,5.32898630910149,5.3015187387262,4.96808565542071,5.27147182600063,5.86580335554823,5.69588107020095,5.70136167424552,5.24124809229238,5.59449928407417,5.14903800293938,5.42779490422387,5.44597965040811,5.21073001626628,5.81888826207426,5.44256183206467,5.37492076996562,4.99228423525622,5.31005325531745,5.29939552065375,5.6211823424801,5.37522282024671,5.18400691553477,5.4971474122454,5.75921472679678,5.80442992673256,5.37647736780132,5.29575504176328,5.64158872632536,5.6505267724162,5.71263152866386,5.29692016154004,5.53302435108551,5.41639363797212,5.29108573313003,5.17941903408132,5.42617139567435,5.34305229641511,5.62737609261328,5.45601037106517,5.17816457767498,5.42177823130591,5.22143927576746,5.54585187103483,5.69770529469124,5.35606235434229,5.60464280356496,5.48733800366931,5.10319528868477,5.12883396063076,5.277781620277,5.44454125555697,5.82063596780494,5.62438166085915,5.6803645413589,5.16536320331356,5.72681782125384,5.38990124023211,5.00334231819408,5.41543054650661,5.62053089623415,5.28186530812198,5.88266073556715,5.38662948572723,5.6146350864985,5.78011230478892,5.18361558065166,5.20854703220643,5.46453074577234
"51",4.54143593922365,4.97202223984038,5.27404120828786,4.51277799692291,4.71908361856713,5.33525463565116,5.13597769715822,5.11327064858017,4.92003476948168,4.76116259486799,4.81936252137377,5.27042815719273,4.37638841892011,4.99421594234275,5.55857056011491,5.38024866417544,5.31054035152318,5.30012631555697,4.91762112031208,5.3473935733593,5.46612498424298,4.89513173411575,5.15894611588038,5.46138452616389,5.35427753761356,5.76811666313355,5.37074207942875,5.25623020994862,5.37393435415609,4.68992035404407,5.49633855778002,5.30960126257443,5.08480785280763,5.0281740859255,4.70277394059126,4.96502983500319,5.56733998545686,5.40950696533377,5.42134938157716,5.18481341371799,5.50352920487832,5.04409255068691,5.08741169055739,4.98315515560501,4.95858144419319,5.49538216899189,5.16411464263331,5.00547123864976,4.8304691129911,4.99762569738906,5.02107211249331,5.35709531877531,5.16925861310654,4.77034248962727,5.37176014200753,5.56696936636226,5.56430668223763,4.80795760818877,4.98511437409696,5.35945479699899,5.38185078029725,5.30304584247167,5.22097041179341,5.25778486404718,5.19367541025942,4.88595885988892,4.72446566038556,5.31664225982871,4.95202263837087,5.29740333438677,5.19457426337929,4.79893998483095,4.9663434155324,4.73385637571525,5.23831901443968,5.39380890264632,5.20999283435676,5.55310173648439,5.24994734768103,4.85041064574726,4.78450298206717,4.78353028940854,5.18238100784169,5.53907420668197,5.36530213862216,5.41161831760806,5.05564841108696,5.33975855912808,5.1166726282158,4.78501078966432,5.1665795340938,5.32338133659566,4.99209392012916,5.58487998146019,5.02038620254132,5.38957852730974,5.61623188071106,4.99025483577094,4.86901216678361,5.26366331553419
"52",4.29119658507739,4.56240443933913,4.96611858260181,4.01486638749472,4.44819771668006,5.19416844344444,4.74883926229953,4.94339000597451,4.744931629976,4.4395055991841,4.37054488713589,4.90742642027358,4.25410942531568,4.75377961733325,5.19235932194849,5.1207963173238,5.14804150626587,4.86654622730835,4.63980535310061,4.98373439715107,5.13171992463992,4.43773548597481,4.90954230885848,5.31542058504615,5.02791089849665,5.6399342520718,5.1794727104867,5.14914047426525,5.10591529614032,4.49954002411336,5.28772748100786,5.03109138761611,4.61883346741959,4.70982268094686,4.30331204805327,4.72360043731356,5.15440018142974,5.01873004081356,5.20760923214188,4.73634044529113,5.3149335431631,4.64271586649135,4.64344559879343,4.56918870330913,4.68777659199258,5.26739179791148,4.6406013092734,4.7373074525739,4.50569977158296,4.77254412083115,4.71415769989175,5.22401356993867,4.72366440566224,4.43644351648063,5.25170621068248,5.24586395753501,5.37517855973378,4.64769266215149,4.75577534906129,5.20402234511665,5.08168723184947,5.13882442313102,4.77927345538733,5.06937122775731,4.66246794532186,4.56385853560466,4.40626392140547,5.07074380461585,4.53072018372549,5.0153314679478,4.82621368214349,4.35464780821899,4.6732160645095,4.37336786165925,5.21970198784149,5.16569543493547,4.78319842993648,5.31064295397925,4.69678374457401,4.44845764432337,4.51119607892246,4.40800205597105,4.89816179619656,5.24327378679092,5.16736497375426,5.117035536977,4.88000382081349,4.9919558876096,4.80698335373967,4.33401026105074,4.91036579654878,5.07339861385834,4.70009655017211,5.22284551321151,4.64380687291522,5.05966674367444,5.45926786820363,4.59235780322145,4.65224158860045,4.91431648674074
"53",4.07066922211485,4.2835640266297,4.8114193863905,3.65510564597242,4.21873337272788,4.89399250431358,4.39940294656996,4.75334898390905,4.45918157048802,4.08263806585313,4.09696949822097,4.77386946381772,4.06635661993761,4.49987668746597,4.95140458698172,4.94737204498376,4.74886032691645,4.61870334963452,4.47999805339733,4.66896771611477,4.77406305190106,4.28381724838085,4.4973338369375,5.09590908977108,4.72365744311846,5.3702718394052,4.8714158414278,4.87540591007483,4.79630492114583,4.12828001714302,5.00764571052339,4.87208343714829,4.27153487373372,4.38028356774101,4.20420229419039,4.49546714342081,4.75312923306487,4.92495922893971,5.00400422543513,4.35507449507938,5.16051238898169,4.32290972530395,4.38636655511159,4.47731987488119,4.29968036123074,4.93792904568934,4.41484606616503,4.53457000785845,4.29780704551256,4.39777490897571,4.53039209985238,4.93712765004914,4.46921567779614,4.19797910835471,4.98898185918808,4.90617278633118,5.18276235557295,4.37311542138491,4.44785600925888,4.95662091964412,4.76280239171,4.71041235093033,4.49641307963133,4.75625636819675,4.21290517457063,4.3008550786542,4.18419604312752,4.60426389038586,4.20752866304354,4.69387810787959,4.75588401899401,4.11897182219801,4.34209467486285,4.2178760928144,4.8543415610891,5.0349137021122,4.62408822223395,5.06469866349892,4.3320146988563,4.26981955395598,4.22824985144034,4.22738281552641,4.59840956846411,4.82450814902732,4.98647465847671,4.92906202456898,4.67365535793951,4.73146073389147,4.43729672772953,4.19970351155429,4.6225353213203,4.75181068837433,4.36139063467552,5.08171304734871,4.3126048961115,4.87995785312289,5.07118070188022,4.35410301378247,4.62735311441637,4.7798875457882
"54",3.77659602565658,3.97364961249879,4.37988048726855,3.18117179690979,3.9658058497607,4.7426863845046,4.23950922630389,4.51453132026793,4.1150390053696,3.85814022218765,3.86003040026775,4.53649540561508,3.76504340612964,4.24986459863461,4.61085881135642,4.77535367739081,4.37398526706945,4.34848556101162,4.20008003422586,4.52029814947382,4.61445623679206,3.99912163551578,4.12310728271332,4.65424947291277,4.44876587175276,5.19272712563555,4.57006105125981,4.45949411499133,4.56962992407347,4.05476393359585,4.6669103874569,4.5470363717173,4.10504521854309,4.12707078956593,3.86258483793561,4.1104618059581,4.36783174245551,4.59755864143283,4.85948531699899,3.97417484635039,4.99746443480621,3.92485066187922,4.15427339000714,4.05424094648915,4.0476918127634,4.65886133608637,4.24909378146475,4.26327564842316,4.04594331276365,4.02152385307185,4.35597376276897,4.53717107945889,4.04429071995044,3.86968604251789,4.66622111878987,4.71296054036353,4.97288888881199,4.21352566819398,4.17171215909354,4.72175557316451,4.55949511155453,4.55056555706451,4.45078591227327,4.40053466517483,3.86931141220652,3.94385270367342,3.91202748688581,4.39919345085411,3.8585037128358,4.46741368500261,4.43811056611553,3.81520736222828,4.11861202740859,3.90048104017283,4.60256247216835,4.81401104241511,4.29379025474048,4.78245045733526,3.96833762401494,3.89034677155638,3.811803203619,3.9159758122067,4.46849804807818,4.63688042637081,4.76976163086404,4.69256479197615,4.38689742061007,4.43017013496947,4.21276481546998,3.88395246580845,4.40255404130325,4.49390415225735,4.06502212828023,4.77249283997531,4.09988607240626,4.63318337032257,4.78883376038314,4.20850882326693,4.28360295027333,4.5748817350449
"55",3.5725128325821,3.76945500031304,4.11836042968925,2.78010920834779,3.79150871057633,4.35545915626983,4.20690829639451,4.01890228565874,3.783556748214,3.6165788494778,3.65322253002231,4.23911835813352,3.35213044682259,3.92721234711949,4.48142125997176,4.49384299054031,4.14812591545465,4.1956002381928,4.04868675097067,4.29342751270414,4.23993456418439,3.93615462837622,3.90476771021792,4.32138638908918,4.10926944823502,5.00942822629552,4.26339164211494,4.23866869396588,4.34944528725701,3.7867519615046,4.28485734024121,4.18755077978921,3.97049483103145,3.75884165096963,3.65090820095966,4.05449818943716,4.20319727004101,4.32635445256979,4.52679991775787,3.63454570200168,4.60344085435573,3.56160155455855,3.92107803400379,3.65156857248184,3.56806332246072,4.31179078919273,3.88814185082553,3.83415490683929,3.89549714893718,3.59832337868707,4.12237295817955,4.12107383193681,3.87791291273785,3.51276990037203,4.39239019508967,4.43255947005996,4.77680095070826,3.8532207979638,4.07359122372048,4.4644548079904,4.32343059473926,4.2293040086867,4.26695217496248,4.01031060973483,3.55101980871259,3.62237447923494,3.57245845065445,4.14693987814761,3.62380145709208,4.29847445871411,4.11967055762037,3.5544199239723,3.78885438647444,3.75884641718631,4.36504331839775,4.46786196089549,3.98178744559471,4.5855979504349,3.7034058525628,3.73631508405737,3.45028986082157,3.73106962180036,4.12946479441393,4.4428324842251,4.48761170458058,4.32400015761159,4.02665360627799,4.01508535504042,3.97772209379934,3.70837145574262,4.06609834709691,4.17498784839454,3.85359442007701,4.55020883348923,3.89726511835766,4.33528507248347,4.52103410500923,3.74815222193317,4.1526751045246,4.4587768897929
"56",3.2008129705609,3.60044977981244,3.99448592030017,2.46072014580123,3.54735025157833,4.08675936415574,3.7638815398836,3.75323306625876,3.39560706855083,3.29273452198646,3.29116798457798,4.02264873566305,3.04014880043947,3.49862800478503,4.19614100425557,4.33272916183479,3.93091081147629,3.63756900118102,3.69166234127804,4.17552442025415,3.95021591815633,3.81032266753013,3.7033558231768,4.09311661257769,3.78195475327119,4.65911926321603,4.14513130566868,4.00430100178489,4.03581121391902,3.64848425015628,3.93861048216805,4.049681478738,3.73851529155945,3.27499488897904,3.44565839504121,3.63782930025749,3.84259044167213,4.29190785290023,4.44093348361343,3.61167081252652,4.22558411498283,3.5166506058178,3.51389978710688,3.37697537058501,3.18161917875299,3.93199263064064,3.49901656715675,3.41840199601487,3.71199192882018,3.3124121178332,3.87910846456958,3.93431427308954,3.54508963952251,3.18467371360946,4.16791216323335,4.24798027526223,4.46043562320368,3.4874982407849,3.73804704925158,4.19648113443846,4.01156923220747,3.97810255717866,3.99250464678707,3.87463670711898,3.14154148761867,3.35876904728683,3.44191383801802,3.83670086075023,3.42714787292902,4.08170370673897,3.78340242143811,3.27573840500476,3.53591282024209,3.48639187930256,4.14561668849947,4.24190467543319,3.67779738976733,4.29264401282464,3.33460939779409,3.35741324265751,3.08194761589714,3.45489855252318,3.99065898001049,4.31091146839729,4.26395655575907,3.95716861221965,3.72137228805749,3.9134244388196,3.65025925366814,3.3726534495249,3.75468881144248,4.00511657866459,3.52982892847486,4.30502909591279,3.66532736792341,4.28871798972043,4.20459801436556,3.70127874830905,3.91339788442958,4.40461137830224
"57",2.89047972520153,3.2789106068437,3.56571886230301,2.19220802946533,3.10573792192014,3.67802496787357,3.41292656667058,3.54803390541346,3.19006864930398,2.97206148445252,3.02827093547446,3.74101391076114,2.70426925140482,3.39258914007393,4.07094260106606,4.0091742004853,3.70010648485687,3.40916371387897,3.32835018456616,3.89482004415468,3.72957355407695,3.38200077565412,3.44296279936624,3.91395655968272,3.48462116978154,4.24558616762088,3.83661089737412,3.67006522950902,3.70883312736831,3.24235629842193,3.66528606943442,3.65684667566507,3.5185932205111,3.02389173668369,3.08921067093717,3.3015411492412,3.66725309243499,4.18299126498023,4.1298287937275,3.29402003266154,4.03050348775737,3.05554168906549,3.27599925096094,3.17902428272638,2.66525081395432,3.81525216156861,3.18640378407024,2.95645513134889,3.44291773711611,2.97584503378357,3.60225082689669,3.68517094814217,3.03528363198198,2.97174536914092,3.80419544979789,4.26964141721523,4.12271004856625,3.10754743923787,3.2713269866721,4.07223258126578,3.88722114230951,3.66680529616657,3.92842898249818,3.65876699801896,2.88741446802285,2.93800867251672,3.17666424837066,3.44043141464127,3.15728713411938,3.8893545716053,3.43038968311013,3.05612425770435,3.22309365341903,3.2580230764403,4.03236358107202,3.97073141684022,3.46705163601801,4.22014237160783,3.12060311275014,3.0004727863188,2.90961540394192,3.06307747817364,3.63006166162109,4.04622218448483,3.8158028957772,3.72595793521284,3.52592758407791,3.46554552710427,3.31068769741168,3.03766967110382,3.49229223734223,3.6446482611001,3.12448202404277,4.00812562520963,3.37466832911427,3.92000667316479,3.96540434829094,3.28227542655412,3.77747676170097,4.18559659296097
"58",2.72959505404749,2.87777790591866,3.34038126944725,1.97129922203483,2.99995170679489,3.48144718047817,3.34037839944101,3.33447874464524,2.97200111180306,2.81825768056142,2.96968691969293,3.42980163464296,2.37893190491097,3.18495118305209,3.62000487218035,3.73393910262541,3.44121739993535,2.99961523279137,2.94589314536579,3.84069522574503,3.43384957335119,3.09791013632539,2.93506135602426,3.73089596340906,3.14374071962277,3.90506072550237,3.52859027808519,3.48456257428888,3.60331371978692,2.78343478230505,3.42115542487246,3.29717883823104,3.2402451549627,2.78838162075398,2.53963807707972,3.14835837602731,3.44219128818299,4.04389875605569,3.90531004595952,3.22345946468173,3.87800664000805,2.6436616724949,3.05218216601864,3.01259172128481,2.45780444427241,3.53879743471997,2.97549052610326,2.67236572709152,3.07174949050025,2.85195387345169,3.35668207582861,3.43094254579725,2.7220456700698,2.78314242209708,3.41801607859955,4.08778092536271,3.71764749457803,2.96331511925868,3.02283857801416,3.9313685634654,3.48097387508263,3.27742678382995,3.56154534021445,3.41183265725551,2.58517217835453,2.64530025790742,2.70200255263043,3.07300259186472,2.68616400575492,3.55052664487256,3.11923913068887,2.6989311494819,2.76900760731142,2.96747723533591,3.59400190140235,3.58146099789817,3.15896045825205,4.01542029244422,2.82207873882539,2.78469395335232,2.73397952451794,2.91095163739615,3.52159281215107,3.77337412085079,3.40193481291392,3.46835867220739,3.02315071622895,3.11388729625134,3.14878999716652,2.83714632074299,3.19359150066722,3.3044135365258,2.83530959172997,3.62769256807923,3.14759983065384,3.79425632185879,3.65194790732855,2.96124059063465,3.68383097579085,3.83482089678187
"59",2.37375032181766,2.8069025858674,3.06119960184046,1.75441366136076,2.82945223731072,3.21425405870743,3.21358721887641,2.94841279642765,2.69318928169634,2.50698410548606,2.66506693198249,3.0130546992022,1.93447541926171,3.02107756470693,3.44423805527494,3.44097277935226,3.13433104073208,2.62828023879085,2.65743568743256,3.57382632614781,3.07168395757073,2.89429516286108,2.57201643709212,3.39568256733463,2.86239903946287,3.74183084799307,3.35703975964154,3.41969815684371,3.26195538056255,2.74722652301817,3.2570577239662,2.87731279579447,3.24090723216912,2.3397199236502,2.33844351600689,2.80265024225908,3.32370473297332,3.54303941373802,3.84129442714107,3.02821252000448,3.59715218950835,2.54085133459274,2.8584709606669,2.73019138060674,2.31434787698669,3.29705561358805,2.63072868070724,2.46357880881655,2.82099437557473,2.72009719000338,2.97715445587309,3.01853115637105,2.26573198235205,2.46690811665937,3.09629322827803,3.68456998986139,3.62508690290409,2.69395856274015,2.72612136713866,3.66895115850126,3.24869263745341,3.00172392674318,3.37939074315892,3.12543468183542,2.49792192893853,2.43145027936027,2.30723984105923,2.71648110169688,2.44387525587579,3.38152532654172,2.77035950236843,2.42912159517625,2.4163767763058,2.76348516779244,3.31926690524631,3.18225017410037,2.90218713880635,3.75747298620751,2.50963754023756,2.51055341817075,2.51949784601602,2.66581533016943,3.21969999367353,3.56634554513111,3.21662086271606,3.29142450930077,2.78892967333968,2.84053979243222,2.89684615729586,2.4881714199564,3.07664769330817,3.2338660373582,2.5511707768728,3.43372169195995,2.87141955932051,3.69455575404913,3.15951558825377,2.45711699454356,3.42227102540859,3.60440986736468
"60",2.03160361565375,2.49122547391445,2.72596967738892,1.42237079613041,2.65548251074357,3.01230555313014,3.04832311697176,2.56660632307274,2.51543971428729,2.1849727734317,2.32717495818577,2.68073399743614,1.76704002737655,2.54115402741557,3.22241381214764,3.20715538892946,2.89767262042944,2.33604346462632,2.32911573269193,3.3037375140408,2.89568537913618,2.64386666397236,2.31595280278378,3.26396386531073,2.53783714617915,3.62589416564321,2.90784840875521,3.05745120874946,2.8444731114487,2.46549774135239,2.79666934539569,2.68270437773842,2.96068649197787,1.99709379922002,2.02680581159594,2.43542457221375,3.26123397581437,3.33575437325619,3.65992462260764,2.47977299811364,3.44367520477555,2.36526329867558,2.50312643216866,2.53894023019769,1.93936888271204,3.28883901863435,2.31765253531031,2.21184479630219,2.59399561065103,2.31594085877412,2.44319220311227,2.82954687692442,1.88427116668796,2.26609956852369,2.72515911939357,3.34471416535638,3.38459896264293,2.35920754097967,2.41116364440977,3.45665804689997,3.0193128737686,2.38403408908608,3.18404492946413,2.77628357073981,2.11782029677324,2.04920411070882,2.0733876487881,2.54824957905368,2.16055757280687,2.96836766767087,2.58878550418375,2.20823432480099,2.10013450354398,2.5602851768745,3.06325894591279,2.75882914283435,2.5803710848149,3.60380823420346,2.04605061131927,2.43672849705959,2.42249432277678,2.44975989215925,2.95981666141479,3.21548228183528,3.04947964631892,2.68156165983605,2.47859571030669,2.53583364749027,2.6659013855101,2.20589027825938,2.8163358023218,2.99163712184205,2.09911326150028,3.15033772559238,2.49900224281058,3.59293422751942,2.91038666086203,2.16737231774059,3.03698762463332,3.16167166108295
"61",1.48798222550236,2.1230328434453,2.46779639388274,1.1240357719082,2.39227043356644,2.73762738107805,2.82039353602241,2.29050730919777,2.30411233044898,1.90800116750826,1.81881840270613,2.44725730134006,1.51080272361478,2.29737387087602,3.13439436487232,2.96663588790809,2.81069968382168,2.06400237906207,2.00639610757583,2.94405887926577,2.79904228474525,2.23497554350501,2.05979415197454,3.04444609262095,2.27035291097134,3.47506408937877,2.98866509106962,2.65381804643699,2.50751489589862,2.08662253050955,2.40970518693917,2.39143370435273,2.56355347628352,1.61170839973854,1.62841734912288,2.28814207381396,2.92356555755631,3.10080667406957,3.3477487076931,2.07554436807282,3.1446822848444,2.17615005832334,2.18728085091911,2.07704503073372,1.66808689283996,2.82927646537918,2.00334843846236,2.02212466964715,2.45048689728005,1.96541482930252,2.31887906704489,2.58135815217862,1.49336861802346,2.00086964796202,2.37249723072136,3.22110202209028,2.93427423388762,2.11442614362011,2.14918152251272,3.11146506664189,2.70623394214961,2.14245928202478,3.04884807348886,2.37436380362805,1.59408476793005,1.6167215266535,1.77600354248382,2.47826842970265,2.04649189113859,2.81072015384331,2.36057088329103,1.86194859056462,1.95011396398383,2.47067730558655,2.83031267895376,2.46760220054647,2.18588199019675,3.30213914791657,1.91400961565184,2.08952504041834,2.27151257141807,2.34287630201768,2.71570769585009,3.14209638317316,2.85132862952712,2.30283449692138,2.29168002442773,2.32104561667321,2.44538773279265,1.79405899078967,2.70577782190634,2.62660691600803,1.89483419163078,2.77458972226813,2.14230852179964,3.32537207244994,2.63499529908156,1.97441378766856,2.73989989683728,2.85989398641926
"62",1.36134876676577,1.80474659499247,2.20625012271653,0.830885130090022,2.07065033789821,2.38201187858088,2.67390482651065,1.88846580516012,1.92119807520691,1.5446326972717,1.24120567588409,2.11284217461049,1.24415907863386,2.1153763346556,2.69504272548133,2.66054814119232,2.34158085520405,1.8636352605866,1.721164240142,2.51347196086622,2.59595076607112,1.84026429312395,1.71579981206455,2.78926952114797,2.20791765417848,3.01838536328925,2.71264388352843,2.31386354525914,2.14257312951206,1.67935026839862,2.11061319793395,2.08881988550654,2.35403912991806,1.47188044955345,1.16013853849388,1.93213171810514,2.582601377921,2.97994079577581,2.9651817850803,1.92810595360151,2.87060783540057,1.71494209628405,1.92171747543941,1.85788297004057,1.54989311457493,2.47269546339073,1.58815725763101,1.58251694954708,2.35443863497243,1.98621166104995,2.01195640190241,2.15752380965353,1.23419864726598,1.80585438442335,2.01919858437156,3.01268943831039,2.49045984063319,1.79973076418683,1.89342919166503,2.7934502596594,2.31085543919277,1.79061304322639,2.74533444721572,2.01628016437118,1.46304532244382,1.24118376195241,1.66558660620567,2.21274307357242,1.78599708853778,2.49459961702284,1.98401882393051,1.45701001881684,1.8921673593521,2.08690209339746,2.63036497184698,2.02770021651898,1.88457455749974,3.08181478526753,1.58743902049775,1.86739629229197,1.82044309024506,2.22440899062535,2.43995713142263,2.67380672438487,2.57211320257899,1.97744028963428,1.8830408716394,1.89734062239704,2.01529378942667,1.55762271023712,2.44726462424563,2.34096820879071,1.44612071612376,2.44716773423143,1.84273596640161,2.91977672170639,2.27269658032809,1.7807908618664,2.49072107114259,2.58494341306626
"63",0.976051108925033,1.55020065394309,1.85750444863658,0.414352021713342,1.91689677214327,2.10520546541741,2.49604138923604,1.72746098647419,1.69813674150362,1.35758937122699,0.980115866614855,1.874770943687,0.863437697276248,1.82449839552406,2.41037203773506,2.26885514883156,2.06817817198855,1.49455943229229,1.5069104434138,2.08366396987392,2.40941120348151,1.64857574182457,1.50588886743576,2.51853234707052,1.9211563811848,3.00963152103068,2.68123228665949,2.1179124723229,1.87385577132334,1.40874599491557,1.5883702645326,1.83003762476697,2.08547277523591,1.12824726757772,0.946085772966779,1.49461728322679,2.36213726904796,2.58515420862665,2.74580333937654,1.56642718096459,2.63254687066048,1.45247965661183,1.69042213264971,1.79804249358823,1.22952968936201,2.06157658293797,1.36224899728477,1.33428988062793,2.11597684792414,1.57363721063573,1.79698173813899,1.96451489407567,1.01714237417916,1.56226201438732,1.99075601643125,2.76052696257582,2.23623639410452,1.56007462766274,1.49955705998964,2.53938212934927,1.92686744585639,1.60831870517262,2.5737071524701,1.76370283550994,1.03801840252143,0.886195804536233,1.42019934990591,1.87266079874277,1.63734317179517,2.12696884711939,1.68143409045567,1.22409968508029,1.48751757360431,1.86631659790051,2.2429491080849,1.69153922570592,1.56145946298808,2.91382306488366,1.25432208438406,1.63280348999895,1.43483740740767,1.8068818341427,2.14198666865612,2.25810011309285,2.25003114896682,1.53172227933364,1.50184813431527,1.40941907439446,1.87614494638901,1.21296892698544,2.31581324078888,2.00875306810162,0.936729875257653,2.01119533020234,1.57796401555567,2.64276970175016,1.83334286281599,1.44842392527701,2.28137431860031,2.31742257010527
"64",0.821123277563623,1.00324063537988,1.74927013254002,0.420647818615799,1.64060131383159,1.82801958867777,2.36736909560736,1.40093676595497,1.27627511815222,1.00770370509741,0.677156875108572,1.62990364853021,0.603508072843305,1.57760432708724,2.25745670735306,1.9841965836051,1.90941627662208,1.35324809375724,1.19275772517384,1.77034088600953,2.10804768877405,1.20339748770613,1.16840008054626,2.28030681320278,1.66405346560695,2.73641737378104,2.47954275111574,1.95399237941828,1.66750837703953,1.20589119250497,1.24066194675296,1.31745734052448,1.65461070209342,0.894155760317738,0.421671745212792,1.33267837802445,2.28601900152487,2.4507546196592,2.49554833912666,1.2728786977949,2.30817253011189,1.15126535728876,1.39275957067994,1.38805466247478,0.76146523631512,1.78095890656769,1.15401178185069,1.10595998468234,1.90960672395852,1.22470025739439,1.56065126032951,1.72842892210971,0.872037106433392,1.24024281247448,1.66550650285168,2.51620206506418,1.8820306649425,1.37618615827906,1.29854184373664,2.18916577476578,1.70404855137282,1.21893792577154,2.31456421817451,1.39264876673063,0.685729608789952,0.431722376226187,1.22531614196661,1.6453317054464,1.40990712135905,1.82467059091092,1.28930260991611,0.856494085987601,1.27106731857347,1.55650695144759,1.9375207762076,1.34363236408716,1.37300124600067,2.62313787746018,1.040056002075,1.38572735148717,1.07314616163281,1.47155146214703,2.04872481362906,1.87176363398265,1.94650035186522,1.45405471776744,1.15109314519742,1.16500630595212,1.64008033040582,1.04808044324499,2.11812286192356,1.84793986816036,0.792541767887748,1.81336205744344,1.24785069679338,2.36568550549195,1.58244988814475,0.911637104270164,2.08706109191612,1.95738901353943
"65",1.27386879788364,1.15318575653035,2.12124621140573,0.789085264320459,1.88515666048014,2.04338201747187,2.56463579243559,1.29263645647437,1.95035411352091,1.57990267885055,1.07079066643193,2.10966695851205,1.12254816239791,1.37814841295278,2.35885095802763,1.9402576164289,2.47613873213457,1.54036928946911,1.55346881869199,1.55682659071278,2.77365887901645,1.70191238884842,1.31695704595258,2.71238627832061,2.14553725264133,2.88181829363901,2.86400266866218,2.08926020770133,1.83760650455515,1.42131242271799,1.56629154504988,1.00612905515987,1.84534918451352,1.29217927331389,1.05389832987828,1.43496125958682,2.51796338085819,2.88183864010525,3.21991765773974,1.15928833265789,2.2878768854667,1.29360260156001,1.71816916563841,1.41315261329994,0.628026017530256,2.08363429473777,1.53086801278906,1.64680415240539,2.31964433587238,1.05402643358188,2.11937727906873,2.08704397318213,1.29066881734311,1.43071682236967,1.93945580762191,2.62221699756769,2.28218057100349,1.32854666727911,1.76442784374491,2.4460981116348,1.63429231697573,1.45212738650719,2.44753237098848,1.47642036207752,1.27576469291757,0.713108931011785,1.4575299925025,1.83988663738768,2.20737335898562,2.07308736577029,1.72898399234254,1.1558941951721,1.82700408562917,1.64226955184834,1.77154694044769,1.65446970495671,1.41658854752809,3.03048715235103,1.59398351001033,1.46766467756628,1.66173432991089,1.74891061779179,2.19408641378939,2.06666930833562,2.17271739818257,1.6721684150449,1.54287942946485,1.45622784142885,1.92529685842615,1.61755570570231,2.70779301985434,2.21912899075537,1.13369837977518,1.76377838105179,1.35723091080686,2.65429846622549,1.50444242944327,0.861648025750474,2.42287032290381,1.94564406386222
"66",1.05400040386977,1.01454022618568,2.58618511071119,1.56971057134763,1.49580270637822,2.38354501225757,2.7431638706639,1.57239486540362,2.13253193115218,1.9350036605131,1.17517257271912,2.19626910459739,1.02561743786269,1.4536246822774,2.86626676624901,2.07751532310512,2.94379830526902,1.73611680153694,1.74114515852674,2.06465473328199,3.13982132365386,1.58656012683565,1.40487116866424,3.66686646438066,2.4855797844379,3.59292410948441,2.64546854601842,2.35049664380173,1.90786837272159,1.57666855992133,2.09403710890795,0.811728845510364,2.07273467382804,1.54946794828122,1.46773306838493,1.90482678024613,2.43552610331179,3.38643087233327,3.58870645970455,1.19277909624083,2.1850436459519,1.29620230731538,1.7782627249974,1.25161510371432,0.806402774780957,2.12261117209299,1.57896064469117,1.90715991103766,2.51527403583643,1.16917196062159,2.08817451616514,2.40492098897032,1.33259351534679,2.05271286376046,2.29153673521431,2.57523088229601,2.42612853296701,1.66623190746712,2.3189474393581,2.9192099345579,1.52509779301145,1.78607841687338,2.67453687097493,1.86443172201031,1.63510939551469,1.2800363516574,1.53400410020874,2.10367473342874,2.67875626879166,2.47906314711678,1.99229161497995,1.55357011861715,2.05493165543155,2.02967431744171,1.80500102167569,1.9661499831335,1.5554389180359,3.36622131463159,1.89962018226794,1.68312897517558,2.33041175557391,1.41698380831939,2.33916939384069,2.17424952258137,2.80915608010045,1.71774189358366,1.95736060710874,2.4290228346223,2.08196748761391,1.88921420196072,3.43067766136413,3.08089116418884,1.3685377943633,1.81204759260833,1.50783317223545,2.89032529552493,1.05677831369688,0.690866091729491,2.81556478493615,2.02967793250196
