"","V1","V2","V3","V4","V5","V6","V7","V8","V9","V10","V11","V12","V13","V14","V15","V16","V17","V18","V19","V20","V21","V22","V23","V24","V25","V26","V27","V28","V29","V30","V31","V32","V33","V34","V35","V36","V37","V38","V39","V40","V41","V42","V43","V44","V45","V46","V47","V48","V49","V50","V51","V52","V53","V54","V55","V56","V57","V58","V59","V60","V61","V62","V63","V64","V65","V66","V67","V68","V69","V70","V71","V72","V73","V74","V75","V76","V77","V78","V79","V80","V81","V82","V83","V84","V85","V86","V87","V88","V89","V90","V91","V92","V93","V94","V95","V96","V97","V98","V99","V100"
"1",9.94089460154474,9.4625544957163,9.14693454529749,10.1269692533055,9.27191300178615,9.3281807784078,10.4931616372038,10.2523450071943,9.79355411524733,9.4089831152422,9.93477322575715,9.32119416467745,10.4645604268667,9.3973382360877,9.61222627267161,9.9110529618058,9.2951647136571,8.57277347975532,10.3202720617074,9.66160966939709,8.69494211399972,9.57281677634422,9.36051672369524,9.18888634730795,9.82839704186416,10.0641629456708,9.84158103633903,9.7015783397224,8.72668720854665,9.65154898378186,9.75508292174774,9.9934191879154,8.91921318897811,9.64819002927946,9.97226996244866,9.85630869031969,9.15635362801877,9.63602123092094,9.20238891955473,10.0967505350635,9.13689942092439,9.72167609679379,10.2855149505981,9.68335349013942,9.415618877782,9.59625747626399,10.1914217313573,9.68316754854279,9.4648297265352,8.92076425645269,9.08970827017124,9.6220159643216,9.80925706567988,9.2208449542377,9.90912615844515,8.82227810814336,8.93487194028587,9.00454717987508,10.0536971341883,9.50299039247078,8.50515833259803,9.50531038243104,8.71783115937653,9.57662578087059,9.53232954747536,8.69415764153638,9.07717818196915,9.92121951682653,9.203897873087,10.3715607510757,10.1493434702058,9.22963284886067,9.82806904121226,10.6893387892608,9.81720809303197,10.4849521465807,9.89813578213379,8.89204776775775,10.2204715102348,9.587593119594,9.39088685018448,9.31466363520971,10.4165523467848,9.76770338413722,9.32646251624029,9.43519576151902,9.34589617976761,9.87015797349749,8.29286981830504,9.72892816894365,9.41926265677292,10.0995643965739,9.48944782365011,9.3554881677858,9.7489173339062,9.05450588651645,9.65461477789497,9.37333295657512,9.50998179319587,9.09824015448969
"2",9.82699928542244,9.2699638090365,9.39495009481476,9.86236804050228,9.40358965929748,9.3362168005097,9.93156219510152,9.90102103700461,9.35884937913,9.40995890162688,9.68048228175443,9.52487859687235,9.95210645720487,9.29083728941996,9.62893705322855,9.80220702500268,9.41769473293218,9.24407947823665,9.7490121528397,9.79851213039161,9.12115722075319,9.5185775176686,9.27705911654299,9.43718166375335,9.84112082308008,9.75012277862203,9.65044472370721,9.79992737084327,9.26856875908173,9.5971668667669,9.50345183856054,9.86389948833234,9.44077962576562,9.35945615283837,10.0084362468676,9.6992703924429,9.6117306762239,9.46367183480845,9.50321338424696,9.53017494231358,9.58414003304844,9.62342158317069,9.76400340044648,9.71662538958033,9.54984652301174,9.70426092976286,9.83989803095256,9.54730021693346,9.5581040821347,9.2672544752732,9.37327143782385,9.36271618261626,9.37881461245928,9.70106165283368,9.77779367133984,9.10793660889306,9.40516823743682,9.17581418968244,9.81988624000199,9.53782834228423,9.19771536916833,9.60105854061048,9.13945016080072,9.50186571010921,9.91664694412634,9.17046266393937,9.47221093008623,9.68946946132573,9.46774397096168,9.90623441370424,9.90594469694866,9.37930080052385,9.48736906290733,9.92852766227158,9.845667217053,10.0160658120223,9.69959763256095,9.45833127462896,9.98156934171119,9.82987786069066,9.56776993281284,9.39461382334614,9.94151758786143,9.48321174363747,9.5368017511427,9.58198273834284,9.19455195249545,9.67120745770001,9.03214984072099,9.66047453116161,9.36559725507276,9.56307266016073,9.46112406413486,9.56892768006831,9.63401526402485,9.5058013373644,9.71320714930372,9.66667935785719,9.45420208329167,9.21466865446388
"3",9.74667453228185,9.04353825628137,9.48253921298804,9.55394029270064,9.58585456162312,9.35222146779035,9.75302950216414,9.64110510469833,9.20788920095077,9.2437626481633,9.38653638411521,9.39016226968852,9.48426819008495,9.0306665355862,9.48507751435764,9.76387252461421,9.03593517627495,9.40099976227672,9.20266304721094,9.52480985305752,9.14932995000706,9.41945467915052,9.07055560348362,9.03771514722401,9.90643782121584,9.5087184848842,9.00552947865811,9.63501881210767,9.37419829687623,9.56186005552538,9.17120742974595,9.86004627320044,9.47113804746239,9.28755309368812,9.81133534336903,9.55350563886782,9.51528300670483,9.33699746598904,9.34873836841664,9.19148297431138,9.40635369852147,9.52580294628578,9.41658078814409,9.76495603798159,9.56654263827719,9.77549819606524,9.57817592236391,9.45778345439289,9.33709955952131,9.1316492321316,9.559810313866,8.92299321966573,8.76079905631832,9.63014279773484,9.50315224768424,9.30921086866874,9.76355817224265,9.08570914853509,9.55464585982434,9.56044938134434,9.32066810532311,9.50615079771721,9.05839538719235,9.27256521754517,9.69166593287045,9.48195203312158,9.69757228669452,9.34892424157529,9.42851831169604,9.48803151205485,9.69572978163698,9.43724122698762,9.33164125921825,9.60872281567067,9.67150150484983,9.91673989027085,9.51123510877499,9.43991613993282,9.5127162761404,9.77668062244683,9.33057146030326,9.26624476786566,9.57969081890054,9.2224301732492,9.29347064986911,9.43842978809188,8.99751981666512,9.57307156978107,8.95251504388302,9.31257060760751,9.27989592977023,9.29121536076826,9.45818785152654,9.38130351420915,9.46199565616286,9.37375170012262,9.51169576047024,9.59436708314633,9.47749055602332,9.04921223484947
"4",9.41820576213724,8.73207058056617,9.1980275228584,9.15162662943464,9.27073614083693,9.01372401436258,9.26759780417409,9.39003914345684,8.97668783564415,9.08154741230583,9.13215870478829,9.15576515743209,9.10076838407184,8.76510051299589,9.10982908223271,9.37195345599475,8.7714677559186,9.22034025332891,8.93697029943512,9.13077449676405,8.92627165438466,9.15927483855714,8.63012917302185,9.06002832002634,9.53387113359947,9.24140621717984,8.80930454622378,9.33837810431879,9.13277546522188,9.26376523756539,8.90695855726714,9.53653535863733,9.13988543436978,9.08033401127424,9.40486071434535,9.31939144815219,9.34359158996763,9.0656660470864,8.97028813044877,9.01430618552918,9.1691564333105,9.23259431852414,9.03734913032164,9.38694627307509,9.1711224121295,9.45257075163416,9.14144622270561,9.20346248607871,9.05901250866112,9.04733777854385,9.20930933985525,8.60759282327797,8.65172293928131,9.29868611151938,9.16653874950547,9.05695298226328,9.37690291710656,8.84079778856817,9.34400517062168,9.4383676163756,9.08397545962605,9.30596333875844,8.82085731124164,8.97319249039968,9.3834708734287,9.34759649045508,9.36999727673769,9.2341705878471,9.02609037258006,9.18371851695171,9.38862810708324,9.12614625680471,9.08354447466374,9.28364329377192,9.54872973098778,9.42449330098218,9.14487286960812,9.2262450582789,9.18140703249957,9.30362093249309,9.07994357463716,9.01981586924683,9.18700889270447,9.02974843282873,9.10147040728478,8.96086861915002,8.92505430404148,9.31892486197482,8.65127162048765,9.02573169703829,9.10147606205498,9.08979304698605,9.18459099656708,9.08945154849825,8.97881706106928,9.05119449304456,9.19261679353212,9.23389436918864,9.21586412734805,8.87161854270684
"5",9.15470014911914,8.55079364352529,8.98858225466971,8.7167330120775,9.02545637100724,8.8947218652489,9.08959014939153,9.04626159153718,8.85907150089474,8.76276069508776,8.93460140601932,8.90220136936394,8.78217385512023,8.58027908676835,8.86682979269544,9.06953537260738,8.65236317732213,8.91865394920476,8.60873663091234,8.98654764699061,8.78670949168441,9.02533878860386,8.51287456783765,8.74347280075536,9.29054882024631,8.8999286453303,8.74974641837215,9.09137358727118,8.95756290538574,8.78690939265086,8.84175987820902,9.33950428679095,8.92646729599372,8.88200242710593,8.943036232802,9.03229275105127,9.14627265393069,8.75538178802124,8.62002046320505,8.93890201849553,8.81807859006039,9.01848313015594,8.67801336026677,9.15689885388804,8.93302248964616,9.14987375106475,8.86263601008417,8.85941365046696,8.86383684058359,8.80669997756869,9.01037486323336,8.42988001137324,8.35486602902337,8.9982405316103,8.97431128271855,8.91720383903074,9.20790629859044,8.56795895169263,9.05681918039435,9.16429697171634,8.93107692912698,8.92913001064497,8.51949857940218,8.69638931428458,9.16990905245092,8.87516978676054,9.11868685721588,9.0898505766599,8.8056392821522,8.97120771628765,8.96095823127806,9.08559152920063,8.77682857293263,9.0593362445642,9.15728883784105,9.13929111406824,8.79942510491968,9.01040910425033,8.98653145165923,9.08178761469973,8.7959588473578,8.70261172571906,8.81182271900108,8.84188078531527,8.77490308953463,8.71572481763909,8.82861529039703,9.20840974413126,8.5952790214533,8.93577648650844,8.93162498276936,8.7441737444495,9.00783303323227,8.67553810469755,8.5159265364775,8.85524484999682,8.9536012545026,8.86042608637129,8.88754785527284,8.96213000422278
"6",9.11708152926693,8.21389964166917,8.77048695129786,8.39277787470715,8.79347892419702,8.86521055699961,8.44275905520472,8.69321379727151,8.64969802098536,8.53740812772769,8.77637152874375,8.61089942542383,8.57335414883646,8.29524450517199,8.55635283891195,9.1694718099813,8.29256295627153,8.76882872149315,8.2810713315405,8.85418813494124,8.66890806389438,8.99475956063169,8.30363082062747,8.46535869928804,9.0154223853153,8.70632414229779,8.44470846533093,8.98625377837463,8.62860395412872,8.51550542342053,8.68898956489693,9.27463264687908,8.81543576753728,8.72551033850798,8.7089864073136,8.88267515415727,8.79782453059228,8.45712243889225,8.38303624650577,8.66816957821874,8.56851275866666,8.71067883620959,8.20044709785376,8.76281474663366,8.71616964768701,8.69288708816222,8.60964713185661,8.63470285594546,8.52011502912702,8.69698852485966,8.65787409498118,8.04206595600929,8.00744420411962,8.75002822588238,8.77221916667667,8.69407171613632,8.98518777327126,8.35814518356115,8.90211832203813,8.68354925678317,8.74802875968024,8.66958463838898,8.20739365560979,8.37607292563248,9.00213236502973,8.58164244899326,9.15361541927347,9.03757742692411,8.65358105547406,8.69927126364633,8.88146463968281,8.7795672692845,8.58719928686253,8.80528014941144,8.92839478446262,8.91641130850707,8.32826750390535,8.94523140495107,8.67191976528142,8.764712576105,8.61860140177177,8.56737682113727,8.43175550286409,8.54155876777811,8.70196849429195,8.44437112952708,8.72814825573988,9.02239615949299,8.19828356804531,8.71970686609035,8.66070925901309,8.60766214414155,8.60855762781042,8.37786390816042,8.24360871944461,8.64673303920886,8.607286702758,8.84677103384706,8.68383077582397,8.82158524271959
"7",9.01900272621217,7.94445222563806,8.6810307319702,8.3287718174663,8.3802937331423,8.96638691206728,8.11801227551665,8.27624707177044,8.4338629020341,8.33533275871457,8.4568669984695,8.44960616170151,8.41034523956292,7.89181614212538,8.26761520401768,8.85952261754409,8.03743716542018,8.57106218289095,7.95514864759307,8.81972714997319,8.40403006817611,8.88411183687298,8.03347060720752,8.29271164222849,8.94541721977361,8.63470742785158,8.2453761293726,8.69166408429623,8.5668221872236,8.20980821110932,8.49853616104104,9.09722491060349,8.57343838430371,8.41689273588227,8.43413900155249,8.67309747336913,8.52306655457922,8.23982117163016,7.9911110956895,8.26600451402527,8.43790572601621,8.50206116105719,7.92315907153047,8.58132720421628,8.42974095108907,8.45823046597967,8.46654779049618,8.4562667601382,8.52351480315506,8.46636888036777,8.53882780347896,7.72382633206996,7.79359392085388,8.61989368631705,8.61272558511361,8.33368832415625,8.91142037899968,8.29945147675187,8.64535192912187,8.42845476997202,8.42374170907944,8.39793356255472,7.98504200694283,8.22460032010003,8.80581288774166,8.41827920778852,9.1099312705452,8.70248420881969,8.40304793504459,8.46543606585728,8.72572537626894,8.57208823543466,8.42521764525865,8.57642128561853,8.69418454203119,8.71378341213873,7.8742803592107,8.71449942971738,8.58399686269546,8.63997215772353,8.35289453641071,8.3544861821968,8.07328892426366,8.12136492994751,8.48510913960027,8.07308931580148,8.68199745052505,8.85773031389876,8.08733866407263,8.42489302743768,8.37427414089058,8.28046402374986,8.25955729147331,8.13001433238004,7.81536183982584,8.46123882919758,8.48855997915689,8.54329548546711,8.55332920067514,8.7872394494074
"8",8.34442419061717,7.6904425074313,8.27093868532518,7.99020507286491,7.89093649555811,8.35669271426328,7.77190094494161,7.98391971095942,8.07828086703974,8.00998795009457,8.01722702593319,8.06742701163896,8.03488056744589,7.59059556502243,7.93403314143947,8.38035104403031,7.79705927051093,8.15124380037999,7.62396824036078,8.43518000368016,8.04061012526112,8.3845812860642,7.83418236880449,7.86317710379466,8.44792404274903,8.2553760672898,7.84377187175552,8.33428113159941,8.11107166483654,7.89670166776173,8.08541334234534,8.56651520053788,8.20087087695888,8.02921740668258,8.09514458316589,8.1915229425447,8.23355129864562,7.84660349029527,7.74864389005764,8.01706653019714,8.04107021183424,8.03993573184976,7.61696440797458,8.21944900876382,8.03440504876888,8.10456890347266,8.10390951738771,8.09702113853554,7.95578542963226,8.18216943946974,8.1309186741335,7.55113287682093,7.66005123048852,8.17978811958825,8.13605215498595,8.00359287454848,8.41772976671456,7.91239943686899,8.18104487107385,8.1184320195699,8.0789217467716,7.93293113655543,7.75779028997701,7.98651555395858,8.24609003253664,7.98435615502211,8.55995659113093,8.26031760482215,8.03336458883472,8.11805066661936,8.16679750486901,8.15591678852619,7.95999977494309,8.09936701352712,8.30389032262083,8.26321108313423,7.5851479385762,8.28377992127241,8.24198238993828,8.21492791588281,7.94692177643309,7.93664241059598,7.6783809383181,7.73837772599095,8.21302918843157,7.79171956169592,8.30484354657479,8.31196147244861,7.83662842968752,8.17603761974347,7.92871420586322,7.87185290419177,7.87577336045714,7.90567396726839,7.48688292869945,8.09951023277003,8.1830921965345,8.12116944435984,8.24633962005708,8.28228291118399
"9",8.01519944715685,7.54562172960657,8.02956011631682,7.76408977699614,7.79646816313156,8.29402308290237,7.51415756849078,7.79788552182607,7.91001523873274,7.78906669619762,7.84221597348079,7.91661801180495,7.73834191243094,7.37909797628649,7.7220842353004,8.21563160485411,7.3376118304904,8.07293533490003,7.40304552498953,8.20319740600232,7.88194979461707,8.23742569068982,7.41953114984909,7.66052846413856,8.26875949440397,7.96524030614541,7.5484208250048,8.25571639345941,7.73034047587286,7.70712262504229,7.73957973905116,8.53700319482755,8.12662320757644,7.64828292428738,7.92950815159102,8.1840338471047,8.02343026192626,7.79413647139291,7.33072291813261,7.66194080777439,7.7168507759723,7.68336391505968,7.36224294899673,7.98385757852968,7.72919675614774,7.84854974235563,7.82386842092852,7.62126511805086,7.65057923440109,8.15993805580727,7.96976262852848,7.29835415312687,7.50881696149434,8.0209121299841,7.80279591964581,7.74157790763631,8.12067937832476,7.67829856929091,8.02421367191881,7.89017025528005,7.94629685491621,7.63052191538351,7.51579059852173,7.91175519043662,8.01918970812349,7.81090147083262,8.38459607278149,7.8540471486448,7.88364505644275,7.88944973897109,8.03302434093482,7.83526810157358,7.59554391761313,7.8221516289305,8.00505200925131,8.0194698376366,7.46204981480251,8.05574642834663,8.2215701907265,8.18022816253795,7.94598848304021,7.6419475254481,7.43109198622575,7.6105444156474,7.8978368929993,7.39245215715136,7.98765023843609,8.12923384352921,7.72700398649609,7.94081237035542,7.82046356870683,7.72919584986742,7.46491715828446,7.63092918650606,7.26536582492668,7.96745959787043,8.0516423450533,7.92410139163547,7.93139226928683,8.19260620492582
"10",7.57963428134192,7.29200782377327,7.75127867528849,7.44082499775747,7.37698112447053,8.0759400566079,7.27036837944938,7.47870657816354,7.76191418300605,7.53656317868775,7.73353644357887,7.64308512850384,7.41697777676561,6.94570751209879,7.53561418369096,7.92344897781747,7.23426897940023,7.99215851575498,7.29998306344075,7.91813736039733,7.56096843111147,7.97373646417059,7.17529405729556,7.57196820401114,8.15625005429761,7.644635484673,7.4392734999471,7.88404013852666,7.7692667821198,7.59041390974332,7.40964952346659,8.26079790266848,7.94856353572554,7.50295645913593,7.85317512831198,8.15623178416832,7.86603862639378,7.62173623039444,7.04877796465704,7.38193116915132,7.37103241182237,7.54453260317891,7.17042459567159,7.82156207592862,7.34703192847563,7.71570001090885,7.56127940900366,7.32931673235764,7.53323126274498,8.01838181411188,7.75035354993416,6.96950794197742,7.3688305558419,8.02247032486094,7.60024808628176,7.60866710213945,8.0010828965181,7.3343361860159,7.66555566961824,7.71796532193634,7.61486262949271,7.41567109438239,7.43359590114384,7.7369361991661,7.67323199797733,7.61436277177185,8.1492209086437,7.59906437760761,7.69726312356591,7.72560873783234,7.81759984314082,7.6023882951985,7.37254065548062,7.60962285244407,7.81514673898347,7.653996946196,7.21918852473503,7.84696370679473,8.00730595228286,8.23829428385666,7.76351858207383,7.37201613122271,7.01936545381521,7.68626951732696,7.6409570652181,7.21964778949358,7.57090488391963,7.82967091019544,7.63883952892955,7.69363765379973,7.7086877828294,7.52545967433125,7.1727548274675,7.671438346364,6.88152014134941,7.52243987105763,7.84791039587089,7.53885411230657,7.75469475568238,7.85344175271851
"11",7.4326168735478,7.20092226373557,7.47682727055237,7.23079684130762,7.33931823488586,7.83161794149723,7.30185134232173,7.4289727465405,7.60260256405521,7.42097411088491,7.56921675142966,7.5100735560884,7.45408053021889,6.84581144594221,7.42816929061283,7.71714048906457,7.22750651232773,7.87143605347594,7.28269718771475,7.7241637127229,7.49788660954596,7.75305028797262,7.23211323363004,7.42010639219538,7.94842608494697,7.39922859330967,7.3692704223213,7.54170296809638,7.69276478410255,7.39272788045984,7.41982291103983,7.91742519502188,7.59065944699564,7.33581896583174,7.68300698136103,7.85325715324325,7.75564956895164,7.43203709695741,7.18789820314248,7.29320622969244,7.29622359312385,7.34715181331401,7.04817047620515,7.55573473709692,7.3137558316243,7.61760192644999,7.42124179891773,7.38556136279737,7.55753578673114,7.86710884254574,7.59335669752442,7.05985100543303,7.3545761544244,7.80814951494244,7.60282539276426,7.46733184296972,7.77126131215336,7.40405363795286,7.57292926967519,7.58937658618645,7.57690506672477,7.47898083528036,7.3500639139597,7.48252536241414,7.59474402209568,7.55905811442737,8.03979586701304,7.47474885945799,7.54357100743528,7.60816972412484,7.73378179227994,7.54573160331908,7.48533247709754,7.54317622688439,7.60337968914308,7.42029164797973,7.14954387405975,7.64619154508948,7.82437909449001,8.00765345026769,7.59679213757408,7.2278284438894,7.09563973022838,7.67764173211569,7.61413393880552,7.20079868642405,7.40913744171749,7.64317288713346,7.51617198617798,7.69112809950277,7.57491269121721,7.42576677025223,7.12940440922401,7.43494752779221,7.01288062761069,7.46607545715043,7.76282442765346,7.45666716348524,7.46422809876075,7.59832292939936
"12",7.19644208260009,7.03597365946724,7.3726207245122,6.96504710099095,7.15493987506539,7.54388255685674,7.09356274574798,7.02212380152718,7.23888402627412,7.30339007156945,7.32727124282755,7.25739493416441,7.05208212808473,6.56215653228199,7.26288834074511,7.41026696552221,7.00409964602858,7.62580216071329,7.02289196709139,7.51179434173346,7.39903836459659,7.51008311602746,6.90600195829392,7.18016196512457,7.81927624482215,7.21182153610051,7.13716372657008,7.59504027398715,7.38662538810688,7.08346181118095,7.21877603611787,7.61436050705248,7.39531623549757,7.06954352938461,7.40321986097353,7.67086166364556,7.47632066184737,7.16537207743475,6.96479538554057,6.95305695320472,7.13769513846855,7.15869951468807,6.8219650336612,7.23291393142799,6.9655799338112,7.44732966639255,7.16251288344454,7.11572163107126,7.3362709681441,7.77712648224054,7.33093460347564,6.68490643645524,7.14099259506713,7.54195120492379,7.32974649430232,7.12685251894105,7.44814630122948,7.05143197742181,7.32905108159485,7.38065892672667,7.35664163128891,7.25582428603918,7.23433744484238,7.29929815333403,7.30384399654723,7.42741326571254,7.86096352357789,7.06392582235823,7.10025089784585,7.35433615794919,7.50901901192158,7.33678138910445,7.43128358298857,7.36346182556225,7.56759551159353,7.10642578262699,7.06928859315819,7.52145070968781,7.67970683575657,7.85268050448083,7.37151348226712,7.05520538032207,6.73233314244924,7.39403157628301,7.48489686149668,6.92447795849318,7.17804979583434,7.24019733031854,7.41924438482223,7.35891008155582,7.36665672036271,7.20005232983114,6.73201762304638,7.25519730195107,6.8339612107768,7.34229917112923,7.71244721119204,7.30855577922294,7.13973601328977,7.52969929081197
"13",7.12727994475289,6.86312782382765,6.92056637850899,6.88785716823208,7.04311481412967,7.3412076252382,7.02737255271387,6.78114171500372,7.05738127898165,6.99079663335895,7.07059906349088,7.10511240521704,6.83394762354338,6.45450953183532,7.09034569833439,7.35491776167527,6.83945172534231,7.56379243558234,6.67585869256362,7.22680937629772,7.16954625718325,7.28917748631628,6.73052479092338,6.88598909591148,7.64312396223831,7.11375756615703,6.90251674422807,7.41344133844986,7.41670338202438,6.9450576004795,7.03961198976063,7.45946879451039,7.17463211178618,7.02767039009119,7.16284585594804,7.44305597884514,7.32436668571542,6.92399779750672,6.66867303316064,6.64371374377243,6.8270142056221,6.90826377575886,6.59928516017086,7.13160023469051,6.55241902862896,7.19611244679783,6.92350248289377,6.89365095645787,7.06522240898093,7.53902775798105,7.01660926408121,6.53737114825018,6.86613030351162,7.16992354856297,6.80073878368394,6.90288844197967,7.35616863147261,6.90423791075079,7.33438914565158,7.28247637369241,7.38459311551015,7.08025112947822,6.95243529329129,7.27880064796634,7.20370515670812,7.39778007750127,7.66467040579371,6.96597355763904,7.00899517211891,7.27735663687073,7.25005246380953,6.99290534831521,7.27562866098699,7.18731041210932,7.25313863443952,6.8685657718436,6.68769384285501,7.39997926281381,7.58518932749839,7.6748534116437,7.08081353925119,6.85316063525314,6.44114738247906,7.03738155935859,7.27367624492524,6.5804551449717,6.99592210931583,7.13086418512934,7.39246393822995,7.1096392266516,6.93504225614342,6.92710777860649,6.53606937765634,6.86385955336964,6.52335869165689,7.03042914672132,7.67155666495659,6.90882628627869,7.06026237016159,7.15091447468837
"14",7.00615607162277,6.68899780993163,6.75365066963129,6.60654952677764,6.78163850683718,7.05010195226596,6.70242778412667,6.64710718098405,6.76276817594415,6.80254288440945,6.79315794897721,6.74650442656602,6.54088949948436,6.11148009150765,6.83215113203228,7.2683856584306,6.7098013033831,7.16240116925137,6.26951886723427,7.13954674571061,7.0243344579077,7.03023781072861,6.5452789142337,6.8554838631558,7.4592607784625,6.90850327686539,6.59796178653281,7.11012840128303,7.34703007092264,6.89046201413535,6.69064706059707,7.29868363419171,6.95117020709817,7.01802740566747,6.94189039081699,7.30317872961957,7.06022578836278,6.73676332125833,6.51701651026457,6.49153145679179,6.70637402211807,6.59319811984188,6.43635858503511,7.02411371206859,6.25964616731543,6.8716682930919,6.71411866129304,6.62486639058152,6.85713431786541,7.29193367520512,6.79253041544299,6.12669154920167,6.57523052453998,6.84791620081012,6.56973514608324,6.71893292162201,7.21303807075246,6.75208532328979,7.11661621970818,7.16677780561997,7.25045653250504,7.01167501656772,6.69213851324765,7.03854032594822,6.85890249551671,7.29215793706417,7.31893523956261,6.72706854282758,6.85218602145125,7.26677930212672,7.0410951190202,6.76390128717706,7.06622628907472,6.98606415172805,7.07495625130397,6.53422569872471,6.32544593360241,7.07296245093698,7.38692842050627,7.4339217215929,6.92611268156159,6.54964188756721,6.27982068294698,6.78194441607137,6.96120333112914,6.24670016124614,6.52217182399807,6.7802673673645,7.32215827713928,6.80397326913975,6.72976646523889,6.74342944018589,6.24697553912153,6.72551905283628,6.40817927180178,6.68011304543233,7.60730266053574,6.76408319538214,6.82712789102438,6.8991917653843
"15",6.89543001682877,6.75499080365039,6.82454363607243,6.56657639360025,6.77080157028442,7.02029815822143,6.68230895201498,6.75451123836781,6.58410954946667,6.63213008705089,6.78469964696242,6.89392343186015,6.59805555418823,6.33447676041947,6.8042683075642,7.17410957568137,6.6849168684757,7.00021385059704,6.36354538869544,7.08094465300334,6.93979233018545,6.91861678955451,6.66631291321098,6.77705330238069,7.09949548913297,6.86461662614249,6.63684550184146,6.95836773949927,7.25975613622489,6.74696967224186,6.67737044179145,7.16071308232502,6.88962944742619,6.85643158777031,6.79396080629058,7.06371520225884,6.94955014778803,6.69325276841412,6.6968729689855,6.58259445265172,6.66963782316139,6.62583423006801,6.66310993840153,6.90544723749534,6.43974930943378,6.84417036793029,6.8079030331391,6.79602175800224,6.83251397227612,7.16713407610361,6.72234335570415,6.21290652014808,6.74768045675017,6.82848958782709,6.63150428987295,6.60170435034022,7.13347913511044,6.73933463704352,7.06666154468399,7.07034925258936,7.1119685728564,6.94558931585601,6.7841347776007,6.88170297917287,6.84496427616903,7.0088803464193,7.08377343921427,6.78596704828145,6.93009803391751,7.22873144149368,6.96322364632467,6.72288831572799,7.0228119744909,6.8227671732606,7.00775111005461,6.55514112249055,6.51544054143159,6.93468949529033,7.19664486022418,7.33137439449385,6.83470955234572,6.70181288280957,6.29277102037631,6.71597070054842,6.87359453850306,6.42924958622207,6.59915095866489,6.95133341785198,7.22611046131254,6.6889457196584,6.77235565954564,6.69104927485465,6.51137763286987,6.77946027346801,6.59938979598173,6.78407902795168,7.34584112286527,6.74139732109475,6.90978997716552,6.74646148617848
"16",6.67632367198251,6.39943364054744,6.6297645707676,6.50438998586287,6.5222707502322,6.8163385026083,6.48952245568115,6.46749529150207,6.29487876439607,6.34262103186328,6.51844764686221,6.64343232773025,6.35982452853828,5.98921733899618,6.59205722694956,7.01323647007318,6.64047010877582,6.99587466929197,6.08461965807422,7.1161693104334,6.5370178655304,6.7720358394344,6.47763902542424,6.33388191161019,6.951749730638,6.70310668396575,6.29866413596722,6.95097159580381,7.12270528251263,6.54256666863944,6.3160732764478,7.03303240164419,6.86270691263488,6.62780686554736,6.60512918426193,7.05933676202127,6.86417220661411,6.51022256750231,6.41163197813358,6.37942758087378,6.44155959645512,6.42145104570707,6.28575400116927,6.60069361529313,6.10767393592601,6.65604499736963,6.63216218833823,6.78351316719511,6.65530071108045,6.96572101653432,6.32200383099246,6.1697043854782,6.44170274042124,6.67098885950141,6.47058664981235,6.1602035753306,6.92464761848051,6.54560656372717,6.9282840030885,6.96532136035058,7.0291537276807,6.83976216114461,6.78213367307933,6.70939981360637,6.6540613147922,6.81677785713826,6.90141864159096,6.55561011374336,6.64611409662387,6.95691236129053,6.71051006131749,6.70459444384205,6.76223050625974,6.64440953143027,6.91692030876081,6.38901425476995,6.16673774606495,6.88043858686214,6.97753949401982,7.15133172176366,6.52002337461318,6.56297814789887,5.93947015723695,6.62228211155043,6.54664970954142,6.07613549924922,6.31090437100184,6.77619415764311,6.96339305302798,6.3963809100092,6.6245650061846,6.67586383484989,6.17703111625362,6.39777283702398,6.26396925604934,6.64811350588042,7.16563733372267,6.58481334943868,6.61471584157309,6.59195958579799
"17",6.3844597915502,6.16251484223842,6.4465477885978,6.32594178384474,6.23692440383899,6.68655349335457,6.17220604867036,6.02081693001961,6.10915815289144,6.08339070622855,6.36446360299488,6.34874942784289,6.0976054071106,5.83698277370117,6.15058881520045,6.74108795865378,6.39206940880018,6.71122564668275,5.87217766007756,6.8742381584531,6.43722437009616,6.46381855948831,6.18673651203304,6.21533104159413,6.69895153325037,6.49365215654758,6.23148994954329,6.78102585693751,6.95218199061103,6.48949574977499,6.08296120483807,7.1104015953736,6.67456671650383,6.46823653529358,6.63189287758444,6.74041316498599,6.44053008334521,6.26219565833749,6.140319201853,5.9576875812697,6.31103628241622,6.19070120296063,6.03947503850453,6.47018047868031,6.00703873653107,6.46222759922863,6.40207031755295,6.64915784070944,6.4875189390608,6.83445273620826,6.07160216301857,5.89221122491685,6.30342660945929,6.52654504317141,6.02293092396653,6.12686904525792,6.9020937625899,6.35916185838117,6.86241028794457,6.86663325497716,6.78667527308761,6.68901567396505,6.84648196092012,6.48465230564613,6.3111340318846,6.55988275505631,6.66726563871359,6.39686075537939,6.40970774476873,6.71960308025289,6.43928942443273,6.66148445576845,6.68629841492965,6.31566488160364,6.91215686374735,6.21931096390451,5.89135569096812,6.6825658462405,6.82172649549994,6.89114691860365,6.26531215357133,6.39671473505076,5.70539346403514,6.39046888453694,6.31328811580801,5.64532365594276,6.12231851829865,6.54595986084712,6.87183870442188,6.05772490734059,6.47131938949918,6.52307768072126,6.03208843451813,6.10543680347025,6.06738472488028,6.37806072838239,7.26242152335492,6.71023563965138,6.4536363636746,6.50054944679991
"18",6.22388413577034,6.12491847755032,6.37489752938749,6.25840705396466,6.07286650260972,6.49837365421871,6.11735441652921,5.90720629357157,5.94329058697674,5.98301442346653,6.17515106554465,6.11757870341314,6.01124872514634,5.85577507274116,6.07568305724123,6.35220310932218,6.25624525520449,6.54180688806942,5.87469493119822,6.54824356400552,6.27375974077253,6.24425269906635,6.10926734677236,6.14378026341337,6.39107934994061,6.28055902367496,6.22829278656919,6.43871099327927,6.47808814830756,6.18294906054824,6.00044627878122,6.78144192848676,6.49419742597781,6.15968189987905,6.32561679323995,6.3764413328775,6.15397415970989,6.1102252748723,6.02991961738985,5.8721350927083,6.14527750514966,6.10116582514006,5.93619752435793,6.31190904722754,5.92720000370945,6.28285912230931,6.16289956519742,6.3489681735508,6.26458728578041,6.55505110690942,5.95614625529398,5.89389351812389,6.20406218559307,6.32260348229845,6.03378905044022,5.97454002811186,6.59342682239241,6.1343669292466,6.49311360631885,6.47686947547682,6.35860068641161,6.26570053685279,6.46141792684876,6.26357225008297,6.08075985748159,6.23360200244291,6.38172642017166,6.1237284094642,6.21301754469355,6.41634922844619,6.24983278692755,6.45759035638851,6.23498983652435,6.05830375907397,6.61874715894723,6.10605347124,5.90824611260691,6.5185894780169,6.5286349507596,6.5608589750383,6.17994897033134,6.13949704644088,5.62949908163662,6.20615144060486,6.25953700571203,5.53267153551863,5.98498758822368,6.3404993152879,6.5831264838512,5.95006321866349,6.27853272007631,6.27849257194257,5.9870512416105,6.06378022686701,5.89936598374256,6.21576308715647,6.66580113648798,6.51416973620808,6.24151622880948,6.29505547900592
"19",6.12642282515058,5.95789297578089,6.2401401408393,5.94273241628748,5.77888775590275,6.28097046260129,5.73837130957139,5.67695149150212,5.81700586803375,5.70926394540048,6.03816673207337,5.99248564321422,5.75840893723802,5.42102551461989,5.91312275543299,6.1381841442704,6.22365131912965,6.27269156471886,5.50840982547406,6.40288193575001,6.18774275188239,6.20418191862858,5.81042630351727,5.84221870009159,6.23133698443709,6.07329791594717,6.11989820370593,6.39519672188587,6.36366398616563,5.88316182793314,5.88725466543649,6.40518978370856,6.203762549986,5.95470966305001,6.08393576769394,6.18377248556891,5.96677923406775,5.84270814802306,5.67259727273931,5.69205324618479,5.92117581711524,5.865035156425,5.79194266871207,6.1551767330341,5.69125438482329,6.08142119770049,6.00844297765299,6.13908009683348,6.12530878778245,6.39320000495168,5.7177148604532,5.62297256236874,5.92767805971744,6.01623389758822,5.71929970737212,5.75704217707676,6.40707143334613,5.91932035971429,6.25702463697546,6.38942753354524,6.2693219658101,6.15904479024676,6.15479853384248,6.1546569282789,5.96656326080191,5.93255809355426,6.16737772199596,6.00960730279045,5.95305938713398,5.95413300762707,6.09194245077807,6.31252999984732,5.98710446643686,6.09829081950883,6.39677215703514,5.81517835569159,5.75352421008236,6.22682571807003,6.30039226387957,6.53676933420805,6.02602373488972,6.0878213456424,5.32157258984332,6.08832255167864,5.93751129744605,5.39881352757325,5.80899074398258,5.93129194971041,6.30028495705384,5.82569326065243,5.81038078186663,6.11672311466198,5.8131113505803,5.92059573985839,5.73236381531006,6.10898196798498,6.6279174783165,6.3796094899626,5.83047175014276,6.35442909266023
"20",6.1078944052455,5.73892446784584,5.99910635727085,5.75973325815526,5.45091245935059,6.01728743911312,5.5641670424932,5.47208587586218,5.90470113872906,5.35376056457072,5.77037258962359,5.92005371751117,5.60364578281735,5.20986270085081,5.70533214125575,5.89053437348428,6.11538037294743,6.13094820823346,5.24006314759789,6.26970808433633,5.89226161105208,6.15965219831154,5.61994949690139,5.72265351370107,5.95098993730724,5.65808136046826,6.02354795600656,5.99786685167602,6.25894865474881,5.58522907320535,5.60825689938654,6.26838327551789,5.96874053568422,5.8659838929284,5.73115106247771,6.06097865327204,5.58939470325489,5.62993294963325,5.40361444623308,5.43465015312311,5.67034723807245,5.51037745176107,5.44084345313524,5.98798356144945,5.36142851311479,5.8523721552141,5.86904733928683,5.84509498629592,5.92732074521065,6.10255562294819,5.49517172990559,5.54335443727299,5.84632404658327,5.78186063042483,5.38584446695312,5.66798277924794,6.34224974387971,5.73935718223134,5.97419721753153,6.4335583186264,6.10214550869179,6.06162582427965,5.98381437732734,5.83773780457626,5.78076443443084,5.62420873067687,5.81091284227372,5.96152015702124,5.88367044854185,5.64884581257223,5.75694475908455,6.0666113384215,5.7887964583333,5.85915698835171,5.99532250643562,5.6176557873722,5.68007299279128,6.16457155940751,6.07179520539566,6.16609499633597,5.7341667104107,5.87021533379193,5.06115228450608,5.99496312997135,5.76450706752643,5.24441680730125,5.4725407338842,5.836882195781,6.41859830700761,5.65636621111096,5.60468513380885,5.92436130737323,5.68891099618786,5.64839644687208,5.49320865044767,6.06592062920867,6.36650590341408,6.13113058593672,5.75784925521975,6.07288847359599
"21",5.92422086175996,5.40016614952034,5.85214077964726,5.57284476992792,5.23347788728709,5.83408754742564,5.3860687723708,5.33586836623684,5.78361494188558,5.09820340283767,5.55565320651353,5.54353289733294,5.47248714257461,5.01684531909599,5.4116581724732,5.50902075303148,5.91689649030091,5.85284616577021,5.13434101976604,6.10854328045091,5.80034038008349,6.03541986886734,5.49190355319082,5.57902570908845,5.59063584927107,5.51824291427174,6.04868008411286,5.71498516870842,6.08528913120654,5.41678914162688,5.40936183294671,5.97865013983837,5.73504333885439,5.59640034565802,5.48351479910658,5.86373093347042,5.39207431216025,5.26323934475008,5.02925170065477,5.05205812420346,5.18780689266875,5.33282753282917,5.06766429255443,5.74540949306923,5.0295458052421,5.76015865683561,5.57396962233815,5.65998904368104,5.7377526408588,6.04456704522203,5.22138803517467,5.48554416551071,5.73414562251188,5.53522578300354,5.08844852309809,5.57140544059392,6.23397498757014,5.55370535702826,5.82609381895485,6.27968180535921,5.84431892950169,5.98778700241195,5.86218500978972,5.6990665897265,5.56479893593461,5.47835565369735,5.42287136903481,5.72139337747329,5.65378047031432,5.53860925810324,5.55570209191487,5.76515506309271,5.53233460411864,5.58699481853805,5.67700280817541,5.25674924426055,5.63516952368197,6.08297073651258,5.86632840653641,5.85671230907023,5.52309183028339,5.48854526702373,4.84473301269508,5.78376171447328,5.50129592286296,5.00088425146746,5.08288712086147,5.54153788198068,6.22009292784035,5.42569345917638,5.31904660980604,5.82912942841588,5.47520462562892,5.54969819743886,5.10540821918202,5.7470011648035,6.09815780684073,5.92821800718648,5.58248883256002,5.70243256177005
"22",5.72753238046933,5.40077685731538,5.59896959820782,5.55729468781747,5.29284334552751,5.76990840293255,5.3835194091327,5.47298756242967,5.62666546614046,5.12310816288569,5.47232376598991,5.44846600645078,5.37101806299499,5.06647492838094,5.43834400250648,5.44682812476877,5.76100473035537,5.47950020131221,5.24805946999447,5.89232467043031,5.54099939142879,5.75192986767398,5.42748383542722,5.67683740058341,5.47511761724249,5.58899689258581,5.83865921689411,5.55029350131657,5.94015614977023,5.30378770566526,5.30831678394257,5.72554713878419,5.61017848089526,5.43119855657822,5.42260310581614,5.67465853876039,5.35932485881181,5.26824828379181,4.91572037879391,5.14454898963697,5.17472922056777,5.32595748259363,5.13162599284435,5.56531543870047,5.02395312247793,5.61239071427015,5.58934870060511,5.41093570312212,5.51343178082869,5.78793536079666,5.20588856881226,5.55504309052129,5.72691051725242,5.58760859163397,5.03015706887698,5.45434125971846,6.01745861603456,5.42144718278009,5.61171249873807,5.94249812238324,5.6745203815959,5.55753112855704,5.72231931776305,5.68333682812766,5.46764343723991,5.47174702547013,5.3894941126193,5.611349002836,5.55045179808258,5.47598423144978,5.5561360906218,5.58675483441333,5.50202094605823,5.39246987739731,5.53361774385483,5.35227273728816,5.53126698274434,5.85142745483598,5.62747886950734,5.75270978432946,5.50115919419685,5.4381879811372,5.05925689465964,5.62345045695195,5.45323716507371,5.14019584751895,5.14142932414744,5.4652165704265,5.99551277534966,5.4827244487439,5.31425614070352,5.73393098753196,5.36452766907816,5.46597000834292,5.27524808998649,5.7681181878765,5.909708928399,5.7626492880768,5.50039176466719,5.53721515606443
"23",5.65597707418853,5.14328902157994,5.41937335753702,5.53153261579201,5.12027101171169,5.52936135145881,5.19341436588085,5.22498651326854,5.27070009797222,4.98973211991035,5.32829973306524,5.13884554848299,5.30765886208481,4.95571232006661,5.21241300870791,5.19939526627099,5.47073625991571,5.38510330667682,5.0779727299247,5.57761446981976,5.4725160340135,5.38057686699943,5.13153035051716,5.46766784985627,5.30231635349568,5.35868208472674,5.53473329545084,5.23065234239128,5.63072408358475,5.01067122223776,5.16542124652728,5.41288818972407,5.39970937257608,5.16560074036065,5.07656051230007,5.53216450168467,5.15307695156026,4.97542168768392,4.66078424997191,4.90617649762354,5.01813628663551,5.12452826788251,4.74753484422584,5.33856566475082,4.70084721651639,5.35897796364438,5.23941735297774,5.22848046371891,5.4295672011778,5.68656845498641,5.03020087487075,5.3940683286157,5.57641352676548,5.4245756097307,4.63536241616039,5.2912434749719,5.86944983868428,5.15141333229929,5.56276601483782,5.8557699133231,5.42791494524624,5.31926964245024,5.7087558975549,5.33530349651515,5.34059602259599,5.10915256768615,5.1309519534363,5.44541334763889,5.34239311821282,5.25748881935596,5.31614533470059,5.3220569898721,5.33664573285303,5.2385797720958,5.33782998245992,4.94587759319248,5.32676238977019,5.68093627599648,5.37553856277516,5.61694053326829,5.25871251826335,5.1740168417,4.7638761809968,5.44564736861057,5.26007335440913,4.86126563736128,4.99450666672607,5.26882373895423,5.94753909272347,5.24908426191649,5.01632936935726,5.38567366428291,5.12000590256396,5.43564896409642,5.01442690409865,5.7078410924072,5.80556466195412,5.52480318494582,5.144149578953,5.43568886329302
"24",5.32298028228871,4.83945175704628,5.08194192353132,5.23479121011548,4.9008804856354,5.1967612065915,5.03351994100797,4.87418432695401,5.05225825871727,4.84053682450775,4.91359035445872,4.83511999877139,5.03315828774796,4.72362089356047,4.83902620237947,5.02140256165085,5.12539673477785,5.03062570087743,4.84485718432102,5.20565207137155,5.05690200005433,5.13578628595187,5.11134872908989,5.18424633484655,4.92122597822297,5.13283085557508,5.08831400210819,4.88653860131582,5.35569619479734,4.73850448028746,4.83581285543458,5.15176993259194,5.12866423000012,5.00933037847965,4.80992367848282,5.21568247077969,5.00474748461404,4.7964602478877,4.6643998829541,4.81016231351485,4.78491765478195,4.897534650926,4.56006879867999,5.05748665406972,4.65395704880245,4.98619263665736,4.94528475111651,4.94826824054362,5.1486601552534,5.31683761596041,4.73061110831419,5.01305385202832,5.17809657451029,5.16069037048185,4.51779309512043,5.01560428166503,5.31439679405233,4.92442636973123,5.15623528294012,5.5209098075172,5.13044355833185,5.03036991529542,5.27044064183752,5.07789768343176,5.03306257859516,4.88148064644175,4.71423061190225,5.14419055456773,4.86642324276432,4.97148692795547,5.01351690747818,4.86910937129131,5.04814789820872,5.09650913374924,5.0651863551971,4.66642164572902,5.0225888238672,5.340651548448,5.16276145166555,5.17872719924404,4.9374609005153,5.01879746663097,4.33128432510429,5.02629137091594,4.91489393858093,4.69883486852496,4.74562053480056,4.98672026543693,5.42894715724049,4.9262256109024,4.92873019093138,5.17957962471398,4.8058534840929,5.16491914730409,4.76294648284612,5.33996072435165,5.44397692112945,5.19704171047923,5.09440314274772,5.0386344559191
"25",5.14197671356135,4.43769879310385,4.70600395490307,4.94277334959681,4.69404762488087,4.97536542982154,4.87056110598396,4.71030048564743,4.74620774436535,4.74107587927508,4.64195408716022,4.63260228999793,4.63834863928215,4.64948741679954,4.66369926750806,4.86313574529922,5.06349363713733,5.02211704766913,4.63439886893276,4.98048886040812,4.86402218869407,4.85766773520285,4.88147282364552,4.8619842155552,4.69421425921415,4.92799992800968,5.08307543496041,4.76057218252718,5.29615188566887,4.5119716270164,4.65724220066862,4.98306901751664,4.80995897724996,4.80483664225537,4.57580650851959,5.07834119697053,4.97132147764652,4.46955599604767,4.37813712628541,4.60588264158563,4.49351277654657,4.76223303627304,4.26390304286963,4.88482457745599,4.60535765939549,4.63542624564708,4.62416334659693,4.85107404035798,4.97475038922971,5.086700153594,4.46010929342962,4.74661750285561,5.02450541759013,5.15187439071603,4.21437089582858,4.77480619207142,5.05055627063789,4.79174521591844,4.79020065546492,5.20089307861479,5.08342928645558,4.93071527200504,4.90006684019614,4.86056620009999,4.78781770500476,4.73153959825224,4.53545454848163,5.05219393722064,4.90258768755644,4.79226095943934,4.87542982073139,4.67966090651831,4.75198116644073,4.94741317538843,4.80175671485434,4.37161517864837,5.00461947923239,4.97083308023136,4.82102419146053,5.01258362786282,4.71093633447135,5.0159781894499,4.09620869620193,4.83072998436505,4.64076919140133,4.51348476747753,4.55421890814255,4.83664101030633,5.34013128168691,4.78013798600804,4.74809234654027,4.85405785708731,4.281992362964,4.88888271427691,4.58521063663927,5.11182164563349,5.16061989790098,4.86404474396159,5.06564292549695,4.81913063952792
"26",4.96169724537812,4.1503761912263,4.26140508520979,4.72825024898471,4.38970958049876,4.74470548601492,4.53218259808029,4.6959469640456,4.49442784501635,4.47900156967676,4.38922644445942,4.34365257227228,4.43759306278076,4.54241347211001,4.33050155765048,4.59869688742133,4.82919821479444,4.82335058837739,4.43948501613012,4.93883138251397,4.63690327886904,4.71445308922336,4.73753741413318,4.83879694526634,4.35693731872631,4.74913703396314,4.94893531050176,4.74336704771431,5.09040245940965,4.23747159912476,4.6009018805358,4.61233709262439,4.87711100083675,4.5242429288546,4.4888714859131,4.90339378569668,4.55756309689209,4.30212416514082,4.04172647721896,4.45395337603321,4.39024713591332,4.52954217522486,3.79372229443847,4.7816555272512,4.42723615178397,4.5772293555519,4.39952180319695,4.69249307303074,4.91717180235504,4.76828607170688,4.37428045495575,4.61952573357912,4.93966692732167,4.92687646646511,3.98717089875147,4.58491492216114,5.1726237182293,4.59992140853873,4.49143569221352,4.99350570804312,4.81453845797933,4.84254418631242,4.7007536302589,4.64928102683964,4.42856626974394,4.58218562035466,4.30363862205334,4.97477310278256,4.64854006089108,4.72703111386726,4.7488349918528,4.40961978507124,4.59375210152519,4.69369767655286,4.7011807772122,3.90500598456216,4.66971772634144,4.79488701340703,4.52356850951104,4.87195502683813,4.41469094121261,4.88081675775845,3.87444207110306,4.56604286443328,4.44374065074479,4.0747369815744,4.45814361299546,4.83397944100234,5.26707837154474,4.50744390217505,4.72728592096096,4.60645242704753,4.00526665081764,4.59523232659552,4.18750804982727,4.90861449591879,4.80583442074384,4.80189048337047,4.91368066773046,4.62388176993084
"27",4.83998049667444,4.09978764590879,3.88928241567818,4.55152247774378,4.28006078133309,4.56547525945155,4.40105470000347,4.55255732788906,4.16708896393885,4.34996143122408,4.4168517739578,4.03652030720261,4.23305613956441,4.37286081107637,4.09859129315379,4.34160440460215,4.7261336016694,4.63648790166093,4.2534402582622,4.69332972395869,4.42746536203526,4.51561415349764,4.35537458183789,4.7562848756665,4.10885942361866,4.58252900967144,4.72041821473786,4.48714843802932,5.10546655282901,4.11943451593796,4.26379953251455,4.45185045375446,4.49543812367644,4.31639166301165,4.18198628940789,4.58999292541689,4.45432233519008,4.13203426895784,3.74409179099124,4.3553825726309,4.25082852788237,4.31030819929799,3.54607966727434,4.64389779617311,4.14858576993866,4.37030005724653,4.22401832944112,4.3891981268908,4.80097384828268,4.59954129219017,4.1366365397788,4.63533981822475,4.81116368608533,4.68980492180728,3.60090836244113,4.31283269240943,4.89884967608106,4.58282169048627,4.42244791724789,4.83610773657684,4.66741930914102,4.58894384814482,4.42458367111266,4.57168988912588,4.20234449988714,4.40337114390304,4.23899419937116,4.78492459027258,4.70439833435506,4.61355351054191,4.73977649042711,4.27616077360561,4.23455705271267,4.55044879037401,4.38820536183569,3.98487313735919,4.4503825735172,4.58670059648887,4.31050994132862,4.75417979838182,4.26227581097491,4.80947823894807,3.76695630187139,4.42575206290953,4.26055726486637,3.8577673872384,4.08049257167559,4.39359806237788,4.99042708153425,4.42783227583485,4.61864357749723,4.53377402499219,3.81660133972329,4.43926956749516,3.93735299921777,4.82895713082361,4.55288529324273,4.57748847048715,4.73354369651101,4.57385931710896
"28",4.56557428862327,4.01627377818657,3.88631855139815,4.29071878832521,4.12553284000014,4.32989851859116,4.18063907294684,4.41937699255829,4.1066824464127,4.1333395438753,4.30441627720028,4.01772437507634,4.00193702034472,4.25109441221871,3.98069047986138,4.04833364756582,4.58461840333044,4.49053392363805,4.17378262646565,4.45822786509114,4.21321911457144,4.4402570052511,4.1883399224531,4.43393886433724,4.00936424696974,4.35837418399755,4.41759055115859,4.3880143702262,4.64364062957119,4.0323367509331,4.27727113735903,4.19681801397392,4.41571907580415,4.15998658671268,4.06163179368296,4.36580116196583,4.26176437292689,4.0469604663206,3.76978940665925,4.14377517082831,4.12985852339921,4.18928829825188,3.62862965679679,4.43865653061737,4.00697714461203,4.25469038455792,3.99769885227107,4.2190367590901,4.49488405000641,4.4075287706794,4.12945001578365,4.40728505172594,4.50046509091694,4.47620594904397,3.71719636129718,4.17325443744836,4.63145134708908,4.38232700784389,4.25702027661369,4.49375200013229,4.39020510869039,4.26484868978968,4.26242034922282,4.38849591553819,4.14427258191229,4.30629232897836,4.12719892999579,4.49276997823713,4.53479048761644,4.37810236845111,4.34343353876562,4.08915049110183,3.91089581700293,4.31429313286623,4.14183743803934,4.00757949809148,4.31811811764015,4.42263976040886,4.14531531638516,4.33239829342766,4.04432738855358,4.53508518068965,3.71618701964883,4.31385122447765,4.09105297052368,3.92362907800969,4.12346591955847,4.23411665794168,4.60786292793116,4.22396805355801,4.36938935983459,4.42760932587582,3.85748365204282,4.20541458216121,3.896198344944,4.53892770444702,4.39055167293513,4.33138516948468,4.48323159445584,4.4418759322331
"29",4.5879582591914,4.2759092870518,3.97233272045032,4.05160492076888,4.25054372124596,4.65766729467734,4.15367921831026,4.53358091362892,3.97643100251512,4.27016983242723,4.36615375125235,4.36543218693424,4.43014103422906,4.4007060158016,4.24014028692296,4.28991208544516,4.92161111766779,4.48388888997059,4.35489157825676,4.41702516517627,4.0972605115213,4.66877823535291,4.25740655307679,4.61969731478117,4.09086772455084,4.12934699456214,4.2950617891069,4.35024753006714,4.88256039617246,4.36355155780047,4.56684867494646,4.25474368157666,4.52509801801371,4.23233947315487,4.32820247857169,4.46799926385533,4.27094489271964,4.17520271382589,4.17394149905515,4.26136044420223,4.50732940406431,4.11385826139823,4.37243971238519,4.57519219043661,4.27058946200537,4.4314612074961,4.14931936618895,4.10758935460156,4.35924594445979,4.62396911833185,4.37092816107476,4.43673102964957,4.43710556474361,4.60388114437542,4.18438194783077,4.30091927215997,4.83986024992205,4.59719849041067,4.44809841339081,4.52563548554961,4.45368258736871,4.1151515619607,4.42264941035213,4.58359880209489,4.45575164289252,4.78439427321131,4.08758066513289,4.52950039735962,4.81283359111706,4.48503152603248,4.60185054515854,4.10078381691734,4.02344571092049,4.24250556026485,4.27963520301669,4.46951575831113,4.35272865833872,4.71018439336879,4.23182702597903,5.0296585025432,4.06681284214568,4.70615193248725,4.02460023536215,4.35326522924543,4.11217712099428,4.36613379676059,4.11492877259197,4.33450813071101,4.70479509298505,4.37297397692115,4.43290170760933,4.13979839790521,4.23413632389886,4.44880317279776,4.13545183743365,4.7733727517494,4.53097789906578,4.66985317354167,4.56841526415658,4.45686143560145
"30",4.73740877203259,4.48973536715763,4.09550194644585,4.48004540054968,4.5333308277768,4.7208842066465,4.35214070858785,4.79653277952978,4.3000874273409,4.67838936898538,4.66159113083639,4.71186791648097,4.63375820194216,4.60587866936189,4.1457713449653,4.49453709549218,4.97158004792539,4.70664252574062,4.30184875131735,4.65787614641123,4.26897475188,4.79995160604919,4.50107209680274,4.65731707287402,4.41491788714444,4.36538684010446,4.4379852327578,4.50123384388761,4.97890050910621,4.39940434896948,4.67607757136017,4.12714254264916,4.95446101017428,4.03089023196396,4.57806810565476,4.32361442633113,4.37272699346133,4.43411872669088,4.54065751872091,4.11879896937653,4.60803096199652,4.14243165191989,4.71678198963496,4.47992904784366,4.55447531583531,4.53560529951971,4.45812824496845,4.50781272975017,4.56670502683222,4.82946665673224,4.70139555602427,4.5320193654244,4.91037552568672,4.89470393765858,4.44237315282141,4.63418173993115,4.94268480730063,4.72720916797631,4.1467615015934,4.59393844237554,4.82366117205828,4.26610453055068,4.56627669086388,4.6422003961578,4.70363250746576,5.04151401917759,4.47559960387415,4.71218997410348,4.79994627783268,4.44484051488115,4.69964867808239,4.44806232885613,4.43532864805816,4.38385905187164,4.2071058912204,4.63481638029246,4.51537641748617,4.9493451304025,4.30503793729696,5.17059042068182,4.64060670541374,4.81228323474974,4.30794527934276,4.4776136265571,4.71498505331019,4.7009678911093,4.46576459732062,4.32376972016356,4.63727201978807,4.67076334515381,4.67486936409671,4.24982396265836,4.33069225168069,4.48806131308393,4.4593883768217,4.91585197145799,4.37849254755697,4.52982079933641,4.30479612627601,4.45455367317646
"31",5.18548884635926,4.6746719049535,4.55839742452828,4.47830320008237,4.58189814625453,5.00531829169003,4.53725715309666,4.73204486732852,4.16335506988867,4.86531931695949,4.96914793044009,4.5366553198099,4.76557707742316,4.54677094300749,4.52959739570705,4.52493871457176,5.1205662342488,4.69311452552139,4.7538835855086,4.86522156130779,4.57561438735814,4.67362336355081,4.61843388353886,4.85090214703141,4.49821910484035,4.61869640557533,4.49600346682442,4.87795593007708,5.22728562966936,4.5839904982706,4.85969951570269,4.29602598662816,5.06092566976799,4.23326479342437,4.76785311225901,4.28236649937772,4.8907227430073,4.92455895859932,4.6663000358807,4.55080281812609,4.69154691456688,4.13260839361331,4.73709613033453,4.59477334650285,4.83025309848353,4.66468752787511,4.40318852917679,4.58954209939043,4.74866478911063,4.83372051694097,4.68329609153088,4.66536915976933,4.67440294372514,5.09464552273104,4.5283383535534,4.92926099755153,4.81260465259466,5.04813998405677,4.2891972732944,4.9404697372339,4.76026231421392,4.55039336023758,4.6215474222556,4.72334546893678,4.92489477725053,4.88823854949691,4.48126290319672,4.49044557409394,4.6594540482285,4.35691756218568,4.35573134852316,4.8177110309006,4.43655592258512,4.35816874980432,4.4945991608096,4.74804345294088,4.59052764986318,5.00085340096437,4.32340540119065,5.1614062352603,4.96743909074499,4.93885820798803,4.2956457293539,4.53305171273503,4.93848829917889,4.63856724895864,4.77651557874916,4.52286402049856,4.7410655550358,4.86998925523288,4.77554392657375,4.48036794662436,4.60469017015002,4.77497000530756,4.54698356168825,4.73940602065679,4.57552169013724,4.59130972259717,4.35789854836877,4.64197388236289
"32",5.16275860584792,4.32419010212939,4.49400930564507,4.34949335687339,4.71920554485163,4.69450136239808,4.88784532771518,4.90543526618414,3.98054056425588,5.10565262811309,5.20301487923385,4.780878551507,4.95302510471251,4.57487936473034,4.8651317589965,4.4987306209352,5.56533951994939,5.34307882257272,4.73189860640289,5.22442542116377,4.62231983105132,4.60566946764003,5.00317610811779,4.93352428686343,4.87367151395134,4.71208286447964,4.59569757884283,5.18622679376922,5.32279210794077,4.99901568663022,4.92516166501764,4.24749719102574,5.12865336995399,4.53568247729519,5.1144135617225,4.23238626992491,5.12639538397055,5.37660629100315,4.74861218259242,4.62765677295449,4.74364273898427,4.10270424585504,5.47230085825333,4.48495022337097,5.33107947208513,5.18674288777682,4.53536492345516,4.51056306080321,4.60197515012189,4.49492910580872,4.44198250046542,4.77752486500279,4.63075449303264,5.24045545170091,4.4448334371332,5.00298674998209,4.99295528922791,5.09366653107326,4.46745769568281,4.93522756449484,5.04748043174563,4.59887259112736,4.71137053565868,4.88023066670479,5.0011226592074,5.16367583922169,4.95918364983742,4.48783075683583,4.83330930562142,4.34832659918708,4.44519927077722,5.31080525131754,4.26299089977297,4.59442621631796,4.47373610159813,4.60543125542175,4.57111126906416,4.92666864878144,4.56213775160451,5.85048024894177,5.09204186713558,4.75459234577903,4.61172232271366,4.37316671306776,5.12712208732462,4.71539525892367,4.87306347205856,4.94010787077459,4.42483663538342,5.37634215864886,4.62619237533955,4.54443321687382,4.52122907412268,5.30247983493794,4.85277444330656,4.87589255633733,4.44149637807693,4.45991660110785,4.46110779124895,4.68786126674373
"33",4.9136355974637,4.2320271567256,5.01496855907764,4.61310555142066,4.81624456674817,4.57749567576328,4.93806830078278,5.4353288475478,3.94908197640743,4.70472635032555,4.78346351862628,4.91131900679788,5.43583281496918,4.15580916220526,4.7626099751283,4.62510993796088,5.90377749750533,5.89247711950558,4.85754648737001,5.52089890817199,4.2543331028139,4.20165559086673,4.86369323007383,5.16316062489111,5.14141892484942,4.72787706095561,4.79391763383404,5.28706012067601,5.56885813972964,5.17065495044614,4.91887551967648,4.10594108173976,4.97422558390098,4.54081941624266,5.2819403331787,4.2382589871541,5.08336126533482,5.40437105694662,4.96669034509343,4.1467176369036,4.64959747531749,3.94618747238463,5.76544417769741,4.87078686347509,5.58622560149872,5.33781722337043,4.47992074589465,4.49026140032501,4.38865184248918,4.5616808519776,4.64142288962815,4.92552500882402,4.73161069856346,5.74131408026955,4.72847230779818,5.20784634151981,5.3716664192996,5.39465042276752,4.29475148870766,5.23332379086209,4.84496117145033,5.08842573636819,4.22208579213729,4.9915013653071,5.28571322071663,5.1048687399237,5.02503077578563,4.75647358624353,5.28883046080585,4.1988740083873,4.48358380958829,5.39253236802974,4.51549862356624,4.53538067129925,4.37398858134647,4.44778636648076,4.40430233973126,5.064243811163,4.70840786602594,6.02854723128155,5.34351952310066,4.54915943254981,4.53019063207311,4.08375287393235,5.55595349317052,5.00163702924413,4.85952300654717,5.33144914617227,4.04914658456775,5.43667859319197,4.53340062530256,4.49502242116356,4.50357596051395,5.25670456814885,4.79368957427463,5.14618892004537,4.05313532010336,4.64097248405291,4.43401576289173,4.52719707449627
"34",4.96155605086661,4.46310801534341,5.27843344360567,4.53372513398361,4.82260965825264,4.92717739868622,4.77199558275133,5.72129933310646,4.02136550770821,4.71062213892039,4.87965904675005,5.12881194892907,5.75692672597035,4.1444116868909,5.01150697502106,4.84417150774674,5.61992682082365,6.2667609474553,4.70063711218044,5.33806545146812,4.51896751574149,4.31908585920549,5.08808448126618,5.22898341160652,5.34411225149236,4.76633970919061,4.9087558231597,5.55018958244019,5.57038270968141,5.19937219413569,4.40870542450416,4.23368463860752,4.73653936967883,4.73896448471106,5.36989167329211,4.44500462839875,5.00534098769493,5.59052017814031,5.23539134653026,3.90741155433489,4.69491805565368,3.72937001424148,6.08478974209971,4.72800634054101,5.96477146825513,5.32858597332231,4.48633760406844,4.96390743507023,3.98806655618725,4.69723189579905,4.42706232389649,5.19363440123193,4.59751909655448,5.67395390617326,5.01445588414018,5.48142332873973,5.41390303485236,5.63838236716718,4.00532218580858,5.38659229802546,5.41804416978984,5.71346256521391,4.14159425098438,4.82842960539016,5.49173036916607,5.44278764018097,5.38006856747021,4.57439611910085,5.54976936764756,4.23213941289136,4.37498965810943,5.80240094513894,4.69294088384845,4.93896309166014,4.43647708016869,4.41106067909684,4.67390593464804,4.93609161750696,4.18044083691089,6.16984920750848,5.64417097887193,4.77633592348721,4.37406983291977,3.91483843329474,5.76310858879846,5.44335094712525,4.85230374075386,5.5346577552301,4.01189011690366,5.67123588345292,4.78538838031107,4.36996036856784,4.62119324183629,5.54085423526547,4.8368294260997,5.36655494362123,4.03070492527829,4.84167060521069,4.10433347190826,4.38639537232356
"35",4.89771905798296,4.76030437821791,5.36463177254606,4.70342300521061,5.14930533147063,4.68544241038514,4.90058280779334,5.29221952849812,4.27864864442227,4.9742542415041,5.08512114705161,5.18836500385202,5.26366424197962,4.41258767048734,5.15941815158227,4.930891164011,5.39186248650853,6.30832929484433,4.67612531666277,4.98399883260506,4.77149974493963,4.18966608163986,5.30421363994744,5.25825770150163,5.4274251040518,4.54129365571043,4.74938266286436,5.91879069979845,6.0690530472717,5.06582909728446,4.92214977234518,3.95285767333216,4.74951537987792,4.476396223045,5.71479855894119,4.17488634326883,5.19731005186324,6.07088844582189,5.45309975814303,3.87890299721605,4.93812770537475,3.63888227715185,6.58037404564419,4.70097854646357,6.05567310884512,5.34043971120968,4.50946961773977,5.64995944680339,3.96041123168799,5.02244706320992,4.53109404343897,5.04391711124636,4.78255945270426,5.82160098094036,4.80794450295199,5.53478101887769,5.68462141740138,5.72510219933133,3.8876765440532,5.76350148674888,5.59223565554938,5.74679327988781,4.26743181061188,4.59823594521902,5.49910502221463,5.82313365712938,5.72598602288222,4.2537619269733,5.85412666265376,3.90333120272475,4.37229633248071,6.21734792106393,4.85036582073573,5.04140049592055,4.51326789963426,4.63397378676549,4.95797547014013,5.51622111223305,4.57630742622457,6.23021469927722,5.85848196852049,4.89579919288798,4.89538869144728,3.53554124660721,6.19475426053263,6.08923644275685,4.50500358178679,5.54388420997999,4.36266607999239,5.80682696941307,4.88414080580349,4.08249076295731,4.87377544241976,5.37261336117571,4.72698813113974,5.31372629306492,3.80047992297692,4.63229774389958,3.74965698186473,4.70989143825988
"36",5.19948130029727,5.05713676151053,5.32448913047906,5.20081818773648,5.18834037951381,4.99314349506044,5.07838616691856,5.30379580542296,4.93583347387701,5.19375949055323,5.10970893485619,5.31087973072235,5.10845674744573,5.03329169281208,5.24127304056682,5.12370720623625,5.2214933505397,5.61773346279801,5.07280516833058,5.12962739050572,5.15736871572683,5.05259450885124,5.25112203515104,5.29826250639389,5.37194337958214,4.93450433739368,5.01482917654612,5.48432864164859,5.50164974150299,5.22813981078305,5.2155892870113,4.88305547283977,5.25164196271916,5.04677630993735,5.40616567460473,4.83469070012807,5.31950917233875,5.54182820548963,5.16961876683206,4.78067645997985,5.29055535696923,4.80431399657548,5.65116272463669,5.18055900086082,5.4332886493158,5.34944071691181,5.08229510728324,5.38890058319727,4.95467578719436,5.19628924194962,5.07136157873737,5.25104278314114,5.11258370386179,5.43819359541879,5.15411705930003,5.35229089258433,5.3585961224974,5.44245786061132,4.83136592505118,5.48395025019386,5.39408709613985,5.38074812204009,5.04115311424469,5.03617410776449,5.41205552863186,5.46210888613462,5.56837461637539,4.98071712403649,5.45875105414071,4.90204158508739,5.01438972538719,5.51120904319692,5.16447426023109,5.24975677671964,5.04050922373376,5.05263474474398,5.03055402251146,5.43751573375386,4.97333595359563,5.48535862482086,5.47313798354526,5.25194690529382,5.16593562189732,4.7955737870633,5.55741624270179,5.58496756513112,5.06130966717719,5.37733296704723,4.97657007526055,5.36869601955299,5.21124614734679,4.96979538807138,5.12140966631653,5.29758125313492,5.12213425463251,5.28063911179288,4.91650930840813,5.04385986974329,4.62116567545641,5.13396787406079
"37",5.02571770509012,4.93271154970467,5.42613569205606,5.35596013999366,5.11122250933875,5.31550756412763,5.06516290818633,5.07685918622941,4.3476942735218,5.18320179500901,5.02517968773148,5.24897753444637,4.9780932184602,5.01526601515724,4.59229759130374,4.97707353185573,5.32017952060786,5.59306717804447,5.64947669550333,5.02436615146896,5.57115542735932,5.24532840387594,5.52909201318108,5.30665907263493,5.58928547607947,5.22433663881095,4.66112192974691,5.30877761572399,5.89571469710104,5.66980228352237,5.5404025806133,4.89738138088178,5.31100185954977,5.02162469845823,5.31076805574116,4.71149231745351,5.73943088580401,5.56347558352748,4.83887647845356,4.42139811096154,5.08508086707046,4.93563778785677,5.53064849301921,5.49313523746998,5.58569737318273,5.58259614179005,4.84428415112152,5.062154995978,5.11946350289445,5.1260099436989,5.35104591468742,5.88531007982893,4.86750272069034,5.61723780085973,4.82421803996214,5.57819598929447,5.58497480684349,5.35423452238425,4.98828364461061,5.42856179372211,5.52761372533421,5.11859664324463,5.46803392298668,5.46581907114134,5.55739934144138,5.40757430794958,5.54303788201187,5.21325528127391,5.90521326917527,5.11667209777127,5.02302704006258,5.55356599648206,5.44406504904607,5.56738046418962,5.25747115168594,5.11361732679242,5.25685271583806,5.46667904416628,5.18251680352985,5.66714116082652,5.32482325330811,5.05898837881405,5.14989604601398,4.84468009155204,5.83569006361224,5.87658216643835,5.12633710373333,5.42177020186783,5.37710229198715,5.28544749084374,5.36702494786315,4.98506547665796,5.57372346117758,5.40191586306982,5.23052342527001,5.27416530241469,5.0451136106147,5.15051567873697,4.73038179213431,5.50147951742491
"38",5.32986566103146,5.23590233802263,5.3690859145185,5.47299119135082,5.35798403821948,5.46639052417073,5.38989490978455,5.47816644333213,4.8851227547032,5.60565004931231,5.31418267935474,5.28741461114809,5.23373884001701,5.12864760486773,5.12353066826921,5.23898776672066,5.52133237260697,5.70337344066303,5.44785580565557,5.16768140827872,5.56783275780155,5.34916186531226,5.80706867194493,5.4074661189003,5.60831395744758,5.26891957612668,4.88051987191242,5.43457104074614,5.82540699072174,5.57565791145254,5.71904846782307,5.29383716249382,5.54055567628561,5.3498463684498,5.235948294154,5.1438467211885,5.6976436261103,5.69916185256175,5.2765599459423,4.76802221329342,5.47675956581365,5.11319833673052,5.5000458804222,5.32185791481028,5.37633879113161,5.7130891073313,5.07825444230103,5.35826875535576,5.24981691030415,5.01600463748756,5.60156309861291,5.84853183330199,5.03355572144759,5.57091045361293,5.31934047095116,5.62421900518712,5.623661591201,5.52339581154927,4.94703953605758,5.31733389964109,5.53402696361958,5.40214153729369,5.60025626501382,5.56413993141702,5.64952907865278,5.56133894222385,5.55392879682042,5.28675069982203,5.99870742256362,5.38275979979514,5.17662320244887,5.53793358984448,5.56908178355418,5.41825390452171,5.54905695705948,5.41976182003081,5.56327735918498,5.60199350707496,5.37520295275776,5.61557044139221,5.50975934308939,5.34257553339526,5.54344333164626,5.10919582875012,5.86263951544917,5.74982925321883,5.23736858519566,5.51078432143164,5.50273685637149,5.52625397521781,5.3770873912677,5.06306188163144,5.69865837124972,5.53330265381037,5.40447347567943,5.60291658161101,4.96628488598658,5.30640359831259,5.00755302264658,5.56745829944849
"39",5.51972600295189,5.39924875206295,5.6676093612416,5.2685492978301,5.33927969090957,5.24950498072865,5.35903013873487,5.54148533583075,5.1112566206836,5.79763892942889,5.33886214964104,5.36634224098262,5.20548640269324,5.24920067464247,5.23356071058411,5.36326285497037,5.51777453651888,5.54709639657991,5.3368036988279,5.3571353219053,5.75619332084733,5.59004910055651,6.33882517692165,5.43901487380043,5.61144054465817,5.2832330724988,4.40126747401744,5.58906248097509,5.89273420568407,5.63323361660188,5.71170830323116,5.53594092604184,5.46468186144678,5.44430678073658,5.09238087919022,5.10886294033406,5.46591891964129,5.52958934829967,5.33787409651772,4.81407558015175,5.70508201473564,5.42524186821047,5.72146733890485,5.43122860159926,5.05526182649648,6.0428638216342,5.43713966567047,6.03904456593611,5.30091325307371,5.45767463508572,5.51559387842603,6.04609132726056,5.17155858500255,5.39276616282655,5.53715165032292,5.85543617016926,5.62142093841804,5.75440563051835,4.74670201491543,5.97524913171918,5.57170914160434,5.36441916261677,5.72371960077394,5.86405411969552,5.95203232468161,5.53141633669618,5.61651149599207,5.16798672529493,5.93902178639262,5.29426629743372,5.13683925825782,5.52581154072648,5.7939008484443,5.38931647008905,5.52395413732783,5.37413418293486,5.22888891371503,5.30718369425211,5.19635829010348,5.63417272929007,5.26357759742751,5.63964178310606,5.61987466275103,4.96044626602082,5.97117582853766,5.40278204853128,5.45777983667263,5.73615179303024,6.01587383431981,5.89048901982845,5.34260801288566,4.74579245658151,5.90988281027593,4.91415539496764,5.31658165201732,5.8175329964383,5.23692546990234,5.48754596318625,5.03562329069111,5.99415835897504
"40",5.21264887191636,5.42613989681897,5.60333314930899,5.20027133797728,5.56419570578525,5.2536206006202,5.73551252085003,5.49523264414444,5.20423462726099,6.12796717832503,5.6352119753056,5.52868218110215,5.43600822453934,5.49242135795069,5.36036235464502,5.53943886381728,5.28414250020457,5.67014557321864,5.23156342305731,5.57365859648793,5.8228883792836,5.99744547329292,6.51999974373612,5.5077455394755,5.69644892073544,5.3649384852304,4.66619062180366,5.43691958869999,5.92410329256859,6.04023774215143,5.43945602365292,5.34749029036729,5.51693420442428,6.14074465224788,5.28002280738017,5.32113040112182,5.48101797038974,5.53671193874513,5.65978029853446,4.82193248269775,5.82353503322664,5.2222885826432,5.55106862569387,5.27379751247351,5.58217457512216,6.19698478682569,5.21900494248686,6.02941282616884,5.57567729914902,5.58890736830812,5.55509414966614,6.56914970338844,5.04135593636573,5.38001598148725,5.89961203303867,6.18272161323333,6.21118528873254,5.38980072307002,4.46807406922928,5.58186734607521,5.7644563470714,5.75916853707737,5.39914156758614,5.87421595476822,6.24602811909884,5.72120351949857,5.32957153352512,4.91363910169712,5.76716849884965,5.26109986395845,5.31310692522923,5.84960843427526,5.98582212613749,5.36032422167727,5.67496236948866,5.72545124867106,5.32715046232499,4.92393213486062,5.26583602487371,5.9308160643717,5.07749256097009,5.50658572686725,5.3389430936229,5.09728061924261,5.8443985340568,5.04221425932693,5.4833319970441,6.03136278550253,6.30291533115826,6.00731695985917,5.37809754000026,4.76477110427945,6.30614093673217,5.42898746948103,5.52555473407583,6.19606792821158,5.1992582270283,5.36595556832923,5.07768373518197,6.39948331496822
"41",5.25494086117761,5.68762807872723,5.70636300342972,4.94448514089628,5.68015926745084,5.53469817401506,5.85106205149087,5.94508874354476,5.16662613112702,6.34055740101818,5.80732253411575,5.80472447444361,5.19216716125252,5.36484754040164,5.45887033470345,5.74274756626733,5.61028522486794,5.9370094034096,5.251893866483,5.79627974739218,5.6420691481024,6.17837119913928,6.4792070322891,5.80333130488093,5.85592828619919,5.14533940498879,4.77889972505015,5.719923594695,6.001363075149,5.88793544768582,5.55698828765909,5.29912440817031,5.49295144875973,6.02011329533904,5.51614031409074,5.12623142925137,5.35417281738658,5.76055545629055,5.64682692646772,4.78601381563584,6.3714142533535,5.58664285785005,5.67434864301494,5.07202359345384,5.58588717482419,6.02390548867691,5.17135771213963,6.06827339750429,5.62407163419945,5.59016075953923,5.78757597844396,6.41241981911705,4.97731034807698,5.28546202530821,5.83054780641458,6.50634769774378,6.67253899581298,5.39569409668958,5.03469877346862,5.83184216942985,5.96119899518615,5.6622305953488,5.52417941605775,5.24152451084396,6.12271349613077,5.56685680632487,5.15605179234135,4.80236430175118,5.31655535472215,5.30778272503868,5.33910036370318,5.85461975144906,5.8974357398069,5.72581903052984,5.73263789332749,5.81864573236051,5.20294130313952,5.45708492918044,5.50227894603373,6.3597846558395,5.34712530906718,5.55330851781508,5.28344709346863,5.32682192951484,6.07584023757713,5.59691661170451,5.61694217622359,5.7577484565305,6.09711612918972,6.08662544966633,5.16589139008381,5.00119659673712,6.67777234708601,5.57694168583163,5.79388105348074,5.71069134824963,5.27779724501014,5.35193643816049,5.32037496851174,6.22182195048017
"42",5.23177849083353,5.84019604544542,5.64152380263609,5.0374406906977,5.35886722328527,5.38243898905102,5.78465785926592,5.92379629225672,5.15275359954203,6.49618336099045,5.58852924237498,6.06828690025526,5.27713346661579,5.59886514271425,5.88402963554197,5.45319106452264,5.36660195974598,6.20640529202947,5.28530114642006,5.85589813611012,5.63550601757811,6.11026739155727,6.7401412615974,5.62428230926039,5.6106155542232,5.51978993472253,5.0148147419859,5.87566059523916,5.96246175468666,5.48463235911018,5.28336288205442,5.30612902235503,5.85666853812467,5.91779872421423,5.60075418045571,5.29954580285578,5.20469162335531,5.9721110207265,6.17891464485509,4.97434197085926,6.71939751385305,5.60081231518263,5.50068976616232,5.02813164390773,5.68932847396454,6.10940309610178,4.96613009668815,5.95399818080547,6.0120831598527,5.76187446625927,6.25424322843813,6.67663172728875,4.60414537907522,5.12808419234495,5.82156390746144,6.68283940737184,7.28301433801711,5.0797710005785,4.88998389764893,5.85062941961552,5.89501925945586,5.77504658433689,6.03488549548575,4.85901600941267,6.48519404345574,5.26494567806469,4.86907496931791,4.652962621245,5.42323371262618,5.12046529547011,5.48465040516047,6.0876310260921,6.09049018173411,5.96659464469701,5.82512196311513,6.03086545833053,5.08972065317597,5.72867736837709,5.35395709617946,6.49327363358218,5.40839210083004,5.46511819051236,5.3403220928429,5.57708894180838,6.32929382408167,5.3394641634253,5.45653940112047,6.10784005493466,5.79864170288486,6.35278968734131,5.2997460407744,4.77983151867033,6.54200631831646,5.82271760802051,6.02344754504828,6.004831389933,5.22632973654259,5.19059212385772,5.53731524293269,6.35157795227177
"43",5.79783573070589,5.9421268650209,6.01720798050548,5.61409811345769,5.75350900196435,5.48257866296102,5.84625106832115,5.86439647305555,5.64571963411842,6.26260017313067,5.9673611994961,5.99770997359326,5.52807444582371,5.85167739450811,5.8948454314749,5.73158568905452,5.65846921104989,6.08375528071035,5.70676488641148,5.81568728572365,5.73675630403226,6.03204135875353,6.28052373107619,5.93981023723079,5.92825724562942,5.73257320144609,5.73689143584132,5.98205889749124,5.89759352086142,5.89953287875636,5.66494987880405,5.6430751487023,5.96803375573257,5.90739156591066,5.85174481589538,5.76910728413172,5.65510678523435,5.89455505151501,5.94946778554209,5.52045225743012,6.3732580715585,5.80978179749204,5.80099917961688,5.29737919468817,5.85689318233893,5.94101951503797,5.55010375238853,6.01176866493044,5.93661661448601,5.98857372690771,6.03813536054722,6.24789590249171,5.39777990318608,5.71296165166749,5.83659871606879,6.3856671547427,6.54636625766524,5.58184340475724,5.53803969381316,6.05593394462685,6.0401406004365,5.85126602915498,5.97498974230002,5.42839344842366,6.15548504950344,5.63541829053344,5.67690040638726,5.62572181474212,5.74926447971156,5.60839619118433,5.73952277723128,6.09612575787227,6.06779471313037,5.97264363668976,5.72513801280536,6.1642680131433,5.682031203773,6.00509270993988,5.60067054556652,6.35848261704071,5.80628788072018,5.77971881455277,5.74692967032699,5.67408758313288,6.02478127833844,5.81013541746348,5.78673955356603,6.10039398537794,5.90436316623518,6.16210860210146,5.71767364001339,5.50276023289841,6.28256546312809,5.93724157595685,6.13423113436421,5.89084621134116,5.57776214498985,5.68596489516199,5.70849195242604,6.13655702065523
"44",5.94049561451369,6.17388367867169,6.24054174902115,5.78295069743183,5.85490957156902,5.22896517747474,6.05934996738828,5.59746475755808,5.5641959515989,6.35591411986326,5.94488432897673,6.51019715562021,5.48161029441526,6.41264151250837,5.97955661292894,6.05426671546006,5.85348985059194,6.05476922402796,5.58887681057203,5.86459752313796,5.63769059005868,6.1854431511955,6.50265286212777,5.87417734380299,5.79326638403921,5.68941178708962,5.90654672762525,6.12011329274522,5.76397656353728,6.19546386848666,5.87250928169189,5.9790401236223,5.89429207131412,5.9605777851769,5.93130644752347,5.7320013092718,5.69018618105068,6.04647063918699,5.93181753690994,5.44773093427744,6.65695968023424,5.49450375296441,5.7203340755744,5.09675839904738,5.37337026216422,6.71563943367733,5.47486405535265,5.83072117318478,5.85943833534068,5.95538747389246,6.05169763159045,6.13773431542157,5.10934530596102,5.93089693011603,5.98858150643088,6.28118309930877,6.61444392604802,5.1630885322847,5.44711407598807,5.99544333220162,5.72662649383238,6.05791578665513,5.96825854866892,5.34519638562277,6.34181691249369,5.74619958210285,5.93501026403139,5.77864854907525,5.95514746828543,5.5629523165415,5.73643759149211,6.30652217836511,5.73519054891883,6.04063973733158,6.12760520267004,6.03780735063789,5.76638222132815,6.11651867275361,5.50664675392029,6.55272763065507,5.63265976858488,5.76825329617808,5.8906177451135,5.50690875806399,6.12375021353925,5.76482668633076,5.87153069089189,6.17115673546263,5.73008089132566,6.45168760383047,6.04433025930864,5.59739382125741,6.24437887445819,6.00388686409883,6.11507123509414,5.90370065827302,5.64157905593223,5.50732669317148,5.48083550850674,5.96866189524173
"45",5.65821880803126,6.17975688320713,6.4694495422871,5.9751882465029,6.06894199888322,5.61437108371089,5.96072409376966,5.80640536426795,5.9927613754332,6.24867238765621,6.0354689331809,6.45149407653961,5.61454150817907,6.32794842320587,6.08367814665182,6.12340744250519,6.15172793400705,6.18389571756355,5.72850700029567,5.8556390568135,5.90559347902627,6.0549380856533,6.26242068384693,6.00998296890202,6.1463212247638,6.13711209823753,5.88253800694034,6.16520267798642,6.04933384416449,6.15459428796033,6.08250557303272,6.21342566554601,5.88200698269238,6.19081342606505,6.34684079367457,6.06153002098218,5.98543321170298,6.03953159662535,6.07525046185271,5.52370340370785,6.6735569232269,5.72991695947323,5.92896990224331,5.65430371973095,5.82920031617005,6.72360369207925,5.86392175386568,5.99234362997778,5.97462442849026,6.02473117224922,6.14947568961459,6.15963996106873,5.76169766363456,6.28165683577505,6.11096509661997,6.28073546025916,6.50601229298403,5.52400247600641,5.90654020791065,6.37383727767067,6.1457804874655,6.07168491956771,6.24106421140211,5.66711218153588,6.27191056868962,5.91268561380704,6.14113669318965,6.0087646243478,6.06780146322918,5.70732602711252,5.90352959190943,6.32979938161667,5.90238421642364,6.21683790281587,6.23414027574672,6.11837380623207,6.03359479425389,6.28165349662007,5.86269077180246,6.56988543578747,5.93345481370437,5.90328865519849,6.08754579996146,5.81769269644485,6.27570981308874,5.82815039675522,6.06780806075654,6.28189088769691,5.84029136067558,6.36279598700038,6.09076043813524,5.77811462846414,6.22369631100066,6.17982376349346,6.28047238829682,6.01235191556726,6.01051271891764,5.87296704571986,5.86200454680704,6.12085212938952
"46",5.18105359073314,6.96901486798137,6.71775109927884,6.00401243134067,6.321271078176,5.72268707411462,6.2445025003509,5.51571868597033,6.29861358742136,6.29245876585613,6.03497422031295,6.72502220643343,5.97095702867925,5.92631510866497,5.95384985128137,6.13174621484068,5.81373389539685,6.51379932488321,5.86069229967522,6.35827832649051,5.79438699474411,5.78691704185841,6.46743983770008,5.6148322726254,6.26099455362543,6.31143667487194,6.00216232697319,5.9736028987752,6.05147200882945,6.19740768597436,6.29177950076635,6.27024463962566,5.79181551991449,6.39340913174268,6.18135723603728,6.65601441454545,6.28623436162341,6.09040917661913,5.75429431915648,5.44871478216965,6.80260046331209,5.75375556902792,6.12902127228027,5.74128412781785,6.15743942653173,6.79028246471795,5.89867373009416,6.03516521011549,6.4635752820619,5.91069517327216,6.37329381513517,6.22638326480512,5.97758472683665,6.03642598913877,6.44929307173447,6.15050504590779,6.40933557006061,5.84059561247977,6.04038008332148,6.2107057520376,6.10722495599491,6.11764989866746,6.44413466029215,5.65513698874564,5.77359403439556,5.87616033160411,6.07630560783524,5.76048050473771,6.29649460188073,5.39194105344305,6.08081995482183,6.241792079854,5.81529031887054,6.12234660730373,6.41586316066394,6.06987081202126,6.21903006402049,6.45755760201968,5.71471905513837,6.97965143565196,6.28439684117132,5.88487678796878,6.1491479765679,6.04385517692286,6.54430029181208,5.75286986240751,6.23336831485325,6.26885426156927,5.8067865189607,6.46158988249233,6.02721767523381,6.00221439795428,6.3351435518693,6.03247307758498,6.26759693641288,6.14474782429406,5.57728973417638,5.7717861635366,6.46894107582947,5.93937636690877
"47",5.33381771227503,7.1877225193335,6.37348590074216,5.74153122654197,6.70141195117614,5.58046901887982,6.01748918812767,5.53540949879187,6.27650437128343,6.5836246187669,6.10070052359846,6.50179934237239,5.71497281883422,6.10223959288478,6.42111506912515,5.98248940722501,5.80381121885071,6.72550925717682,5.79749004265151,6.35477745966323,5.86533947243616,5.55636199097443,6.4447357133044,5.7437248419119,6.45103148253857,6.41440270790385,5.95924941297163,6.07334190407493,5.952753839712,6.49112730538394,6.47498540461375,6.12291935453824,5.42163631396695,6.3619004514055,6.291303402752,7.0132337486643,6.04068999844129,6.28143735109273,6.11642069136411,5.67381587333573,6.66944998665432,5.42586061277281,6.20592028815931,5.51366298916941,6.39690261598518,6.81125807534786,5.56543016169034,5.83099536727774,6.13159851878242,5.82808623115754,6.22116195988008,6.11864418941204,6.26599062381473,5.9998877175951,6.53212892791501,6.42659840360192,6.56617801498169,5.52834306192893,5.90827823315759,6.04353608112414,6.11752061930346,6.34190199132028,6.6526081088372,5.42983007485607,5.5920409949583,6.20539987417779,5.60700263289978,6.11033081846572,6.61826144239628,5.50461987363934,6.00370981154459,6.48206099522262,5.83198507694466,6.19081380680549,6.68169010336907,6.55309833597542,5.91639041567778,6.05524717395604,5.92424924459912,7.00755444881622,6.70497211616511,5.84371624375433,6.35199809019735,6.12443924413517,6.7307319764883,5.99822640971572,6.64012165528449,6.66537642214007,5.94518144223037,6.16677651099747,5.80003190684092,6.09384247543393,6.35204678098943,6.14128293029664,6.22079926119629,6.55795192573385,5.29206155826506,6.07356291912332,6.64391653986645,6.03576252807676
"48",4.93494618108017,7.27231169795067,6.65607689390335,5.7368497144752,6.5849793496405,5.39954192753966,5.91682038798617,5.57034291451079,6.01113275239065,6.52008947620395,6.20955648605955,6.68014939227265,5.55500334205969,5.95726536162254,6.43052069798648,6.06453628161543,6.01160078776452,7.40307657004398,5.7311312090259,6.38899664660435,6.17105167287844,5.36891814279046,6.46797324844013,5.52502160167991,6.66375589038717,6.80698836067973,6.13451574116488,5.90757962412898,5.72518694063826,6.33524633276639,6.43371021764766,6.32878947855143,5.17010392749575,6.39593352219069,6.31071246659973,7.01562451904015,6.07340399797482,6.17958861474165,6.3981615514772,5.71506620185858,6.82805276844026,5.31006941636544,6.26989443644228,5.65914418569198,6.3061729789094,6.97070592958805,6.15170478672156,6.08974184011127,6.38743126235398,5.97405437418236,6.71383580768791,6.28055789603586,6.15172592940722,6.04602093696552,6.78586650328872,6.20058439069241,6.51562252529753,5.49595346158226,5.91928247562713,6.09840435919825,6.01916389921713,6.5681777579852,6.62600374362743,5.46235197206069,5.53227730517132,6.21014837760899,5.87894339535568,6.20928872643084,6.85465835016847,5.5262535687196,5.86964484442753,6.87457331701058,5.68175335280677,6.36222750928438,6.37905827461479,6.41655687077478,5.97143893260956,5.88087535549731,5.77454532514803,6.83469659461373,6.74611568320918,5.97931181708767,6.2887795608535,6.37247827181782,6.7389346186088,5.93220481688596,6.46640818139545,6.54996945586779,6.15278637802544,6.60399011113963,5.74471737672369,5.94040931052028,6.42700899395028,6.27281686516618,6.32900368546417,6.79315240237877,5.22564064375521,5.5913983400921,6.37035475245702,5.85035931941429
"49",4.912920330314,7.12010607566641,6.52198287465909,5.03896637905272,6.7240824603829,5.48267241051072,6.13537781539882,5.85141048941853,5.87508350847485,7.02036124016182,6.41535240373571,6.54525875213449,5.56471865851654,6.04532318236735,6.71641093283541,5.94365926344721,6.06456472410444,6.9710456096105,5.65376149144939,6.73657424867885,6.0704843155056,5.52172693418325,6.23967921615103,5.3777827503429,7.23108951189081,7.09875073195118,6.18680436080835,5.92910742094683,5.77797653496394,6.33692245323056,6.39230299799591,6.51007824544037,5.3590472894713,6.78704499592572,6.42526779475557,6.85627614727348,6.05808234377129,6.06972000035256,6.59781077193011,5.63037546259614,6.74920194577766,5.41252585898781,6.33434213493351,5.1635835198988,6.61630855239716,6.74619018934164,5.5781897067547,6.3225751505184,6.35012101053452,6.10693465245435,6.51565668390547,6.52733370259686,5.99969287408082,5.80380504407167,6.68916867508835,6.03025570793082,6.56784908361365,5.58121970494828,5.92487347664396,6.63884621836636,6.24362058957062,6.90630779967738,6.65133364494497,5.44550547910388,5.63550907862164,6.13934937856091,5.69346248131601,6.07765372958745,6.95770582619249,5.92688394674289,5.6924165372261,7.11862307351294,5.23308984335182,6.60001391785845,6.40973405092827,6.64780545000438,6.13281733925192,6.32871022040243,5.766550650576,6.92224283524137,6.7292374135977,5.96525454849987,6.0361772945017,6.30067720686194,7.03979327408832,5.83131715057905,6.71359595026248,6.5933546460448,6.05965449906245,6.71568640740021,5.89963309909154,5.80791846920733,6.36471710472048,6.51718420562273,6.63693331961363,6.87005825365832,5.29709413773614,5.78534104974057,6.51402737949564,6.12031779357184
"50",5.93002296036462,6.7171347770516,6.56484353344166,5.94605509739563,6.50241007812478,6.06722266301671,6.43122757124245,6.11784313111376,6.16979841160885,6.83461691095251,6.37983538637321,6.81044813179031,6.19191312760758,6.23812822850425,6.58466022796565,6.30115865864207,6.37162457589772,6.83270336141312,6.12850592259211,6.74099973066747,6.2817640517967,6.0742409707054,6.40099918889368,6.14544343050763,6.85834186808152,6.64227287366731,6.4534761461819,6.26272323645733,6.0385258048997,6.5101290053172,6.30628313823983,6.50731816761186,6.00481490195008,6.58463053654843,6.3262806092377,6.53522838743534,6.31701519122006,6.29812884688753,6.45961094241381,6.02555466907554,6.51477557993002,6.0445024948752,6.27287345416842,5.87519440879022,6.49377644356973,6.43894665972023,6.09623516460183,6.34511222392322,6.4544605683401,6.21992518450874,6.50694566207556,6.36292144992228,6.21850146814168,6.23834198378058,6.61756958198018,6.30178730601685,6.60830629734888,6.12583273308756,6.34541267162257,6.53210108252277,6.41082693210133,6.59239159796043,6.72438647261524,6.111539802159,6.18383661213974,6.44978887247204,6.07412948491135,6.11908746401321,6.67655365846759,6.32691026159111,6.1625446885135,6.63877190386736,6.06685943498619,6.38659727187349,6.44697052435392,6.4314873445355,6.33347353866634,6.46211240334287,6.11753272701373,6.79321902801133,6.61447209719164,6.26466276785645,6.38627797390838,6.30057590209744,6.65637986816073,6.25882743157591,6.52395456184143,6.46779053373444,6.32861483140361,6.64434485698654,6.1408798643793,6.15582183025375,6.60907287490695,6.48860779059899,6.6485030413947,6.66376154045727,5.83769368290798,6.25905797063902,6.44983295953366,6.41720131821634
"51",5.36138821820646,6.86814317240485,6.57496910873689,5.50114403282631,6.64363975631964,5.83824113463244,6.49256120449884,6.24102205752645,5.97900840931403,7.03544882612243,6.20291874178144,6.84813889998822,6.15834628422997,6.19838648995335,6.65940580404532,6.14263754380865,6.46143129615992,7.27418678555022,5.8088759438405,7.32226051129463,6.55409872192708,6.00594132596219,6.66380601538745,6.42790807639315,6.62350607092101,6.6439577960271,6.56875960254639,6.00494822542661,6.29533507267075,6.39811840999835,6.4635434553829,6.79242733816255,6.05173942271482,6.44915372104496,6.2707312055209,6.31664080757203,6.62744794068677,6.14081764314696,6.81840488741986,6.26247790186375,6.6216213666614,6.11026266369263,6.28441850207008,5.92891763953919,6.76403077669789,6.14346835370837,6.12436286883106,6.34846469067686,6.77202069527542,6.3355905843862,6.35748676608417,6.4569600252137,5.73118170997051,6.37610947456067,6.4591369014123,6.18114071872489,6.44045871331728,6.26829089523831,6.72287037989461,6.49770697151318,6.0837064249426,6.8066259595824,6.483195556151,6.14929477788086,6.0001010530221,6.76008752346541,6.1953698045314,5.99926969219292,6.78742572627711,6.13933258833664,6.14483253756605,6.96025682440846,5.72924186341234,5.99570012054111,6.41201941723333,6.5888323872061,6.47233881734043,6.21820433520122,5.91018992101671,6.82357284956552,6.95365044536227,6.21131521302027,6.57863989155909,6.3142726779971,6.92269854132657,6.40264629779593,6.91875011433268,6.79386563215922,6.36409504515508,6.5632225182696,6.1115890560501,6.29972834076347,6.67602771139863,6.89903879673111,6.49564195571763,6.76712865531938,6.10053191536922,6.71070370575443,6.36724684452036,6.47831152122274
"52",5.87195778055797,6.61222825523023,6.72511763089367,5.86110958191994,6.5660608154498,6.15444698013122,6.24890238016846,6.32295431831109,6.10624562534045,6.64148752711337,6.48102239888077,6.83674714821514,6.44914870790089,6.35619255188781,6.53776484554329,6.21360762495339,6.50709395201256,6.84636805656973,6.12631842607202,6.93670517755305,6.62087663756271,6.16619109251612,6.56393379709837,6.31991641427457,6.62901350475707,6.67164809803863,6.32378867030184,6.13067398582822,6.38679311596037,6.25037271118797,6.54412524268167,6.82817005784506,6.42069526009157,6.5381234601819,6.27364835137318,6.43306877775321,6.72326122587156,6.53097933420476,6.72358035010932,6.4769603331188,6.32571070096242,6.38591225114352,6.40972675091034,6.12147228596858,6.83949034605176,6.48040506622317,6.03805720142112,6.32860146049379,6.69031391609684,6.38479113018264,6.35644598072987,6.51700950689979,6.10534344256073,6.52535393863404,6.40698716716786,6.21019663793657,6.63776665015706,6.32951879275206,6.8495991051816,6.49052638506015,6.31605964533917,6.67481801624367,6.5631681698238,6.68901501933859,6.30710289958802,6.52446250844847,6.32509826615449,5.93573245395856,6.69539336413901,6.25259907484839,6.32086776042311,6.94565675848032,6.24651860358655,6.11573397864651,6.43253665350566,6.47068555154584,6.33164363142755,6.48768377807328,6.34756457552473,6.47266285690478,6.59886541174861,6.47844535567824,6.58421830327852,6.20027886226275,6.72202475772385,6.26465470778902,6.81285847764273,6.71575397181944,6.53685600532228,6.46290371697114,6.21388215442355,6.40874481387043,6.38861971643158,6.97128227362175,6.37752405305291,6.81006577730934,6.19053857973552,6.57057899838384,6.63353898001614,6.57313065553294
"53",5.62176439265668,6.75768681708246,6.47872786791507,5.86557123871521,6.59863376410162,6.22558808617087,6.3636732968813,6.37098957759636,6.01381316326043,6.81255382388282,6.58097824576778,6.66515451086709,6.58029609978713,6.28636849727673,7.0382384811912,6.42007366081772,6.49279332474179,7.05270356766017,6.0927104894926,7.13079944103627,6.59101071720584,6.1393366892437,6.94807466104371,6.53139451894628,6.74956799827291,7.06594390097138,6.06307838010181,6.33171811907209,5.75025912971107,6.10519281816298,6.4194123519533,7.41873913587426,6.2332353928482,6.3797801657541,6.03859612641492,6.5513314652937,6.89372195681266,6.61119792759731,6.66620581819596,6.03573916749225,6.26481581654135,6.44447395647711,6.54971168538981,6.14530497825419,6.85970027862521,6.80752869976997,5.88058998473062,6.51241200703861,6.42603110656654,6.58649387895111,6.79546611229721,6.60834897284127,5.90815864643274,6.47639182531175,6.5696327999318,6.3306694243365,6.43878702281656,6.57010492792696,6.93495516567857,6.60246002959103,5.72567876761109,6.47200117161412,6.70378837986506,6.6289840648336,6.74351798403999,6.5963779245017,5.83553378258406,5.77726502581634,6.81821091542679,6.4446167388838,6.28775812739921,6.53657108643719,6.05027374661548,6.19715607371049,6.12807480322956,6.48363039088246,6.2957213714276,6.46763626992705,6.91277923529376,6.63024621689613,6.55704279363703,6.45381801443271,6.83350662946337,6.39373212558017,6.72673656957933,6.80567350193896,6.79982577839923,6.81917132606779,6.446419878012,6.31078173557977,6.37378422165847,6.12081315082448,6.22984528697642,6.81646275898538,6.47212930766647,6.78160595629337,6.40096631760526,6.68292308920316,6.95564396463596,6.45683222284465
"54",5.66665807452621,6.93422152428221,5.89531991003602,5.55733217001889,6.20915351524153,6.39192744119683,6.36299630147256,6.43493599903733,5.76451443934641,6.68897454581629,6.83198258393383,6.97180619016246,6.5290264991347,6.36308048640432,7.11169774647922,6.81322522540138,6.76173740979535,7.06932951875223,6.12410497963014,7.14808179406079,6.39014775064932,6.5361496894179,6.65826400388997,6.69362409599264,7.02004947183756,6.86407670556377,5.88780985740077,6.14795499409235,5.9008679429925,5.88684879606986,6.36952256320458,7.33301301283288,6.51249051212548,6.62154722943007,6.12603017046486,6.63186393851904,7.09026490172437,6.69405067248583,6.69930705352842,6.03077272448196,6.21192740183148,6.2783704018822,6.71656561911483,6.56601992923246,6.92953341409715,6.85901272443348,5.66734041984459,6.73648512673351,6.47412378499135,6.72150248916718,6.87113605384395,6.8654697393361,6.47160252229892,6.64995282269295,6.75397440947718,6.26790701329472,6.46281997570907,6.62562753046737,7.2299508284734,6.74556626378108,5.66616108511536,6.97831599822175,6.9432033267794,6.73927042417453,6.9507544969815,6.76440957009019,5.7861509983664,5.48538239740465,7.36830169296354,6.25130073984462,6.48759634574169,6.92514839708895,6.04078035043289,5.80554552965524,6.51971147474878,6.51377735525919,6.38682233320196,6.03697253881375,6.94756225992723,6.44376689801975,6.16944980196,6.51862804925382,6.83656275056515,6.52876060327269,6.86340747732601,6.76260144818614,7.14481007637511,6.8083473312408,6.08918813591659,6.05613791423304,6.06659092381927,6.11039116352148,6.7331503218053,6.88565246457652,6.97649888542889,7.01040452230167,6.27951231395128,6.94592947294743,6.80681093471231,6.53542084739601
"55",5.65374718640901,7.11647746077223,5.80014717517628,5.55682526003726,6.06999084632604,6.20551789285884,6.0572801397375,6.65673719765752,5.3217638460739,7.04363228995403,7.02494332200499,7.09940923023758,6.71163992305524,6.41301608528188,7.08132035285709,6.45704597898317,6.83952541968698,7.08410104201948,6.45084191321323,7.74332820598855,6.5051739163071,6.8089360327148,6.78463093299259,7.07983681399886,6.96896253037974,6.95714922457389,5.95461561030348,6.21122160711351,5.66991660782568,5.91500774074077,5.95588160942129,7.25646940367786,6.20331497012758,6.75154403706766,6.17900306613921,6.79792099428615,7.08792949739898,6.83216466350786,6.90320289109909,5.77947962805559,5.90590943971632,6.74682430970485,6.4869663779633,6.56446540046767,7.04580918118874,6.82838742760749,5.2638045344936,6.47783251315553,6.39257893981852,6.97091878680488,6.97569641404678,6.6801192598495,6.59975235331461,6.70310068983211,6.56424779457979,6.57758524681379,6.39109790990933,6.42012273862444,7.70303045773466,6.74091939725279,5.73593749013161,7.27528340874812,6.71112934536666,6.63970412137845,6.80042985458708,6.54806784454934,5.92583298692438,5.78258845431624,7.28263894331019,6.35496842172986,6.07463620109164,6.84783297565709,5.86549272605094,5.63771042624822,6.56131904015448,6.80354319551773,6.75533384458037,6.18868234497875,6.88531925868282,6.25322414947988,5.99370287982469,6.71978183196645,6.94273123644678,6.19753712354804,6.80444921774118,7.08416979681296,7.34536498921321,7.0020832414548,6.17622235429254,5.97499368223793,6.28907997192003,6.06562113469854,6.82699080784188,6.85333225907324,6.79218048360534,7.01410063728933,6.66204616509218,7.35046186586348,6.92738576806979,6.59524581501991
"56",5.33945251863061,6.66265401376441,6.01047094016758,5.24612841783826,6.1616292417343,6.10495241460734,6.45369129944551,6.31703368929256,5.4299830514733,7.33059309608801,7.25828865693271,6.67321269227847,6.55109332896311,6.53775074040719,7.05278894688315,6.57783930920815,6.7406145266642,7.00915619699222,6.35976389278468,7.77257857615358,6.73431860051935,7.07436052163587,6.78708654495472,7.46741076498887,6.3798498607681,7.28605469357715,6.17858553657107,5.83490940617105,4.91619944870702,5.85845272114664,5.92823954824083,7.48381478323704,6.0365019212536,7.01263421799456,6.32215380411103,6.71676437568331,7.03486432323959,6.99641495315694,6.72387024043353,5.63444465935491,5.96723423660902,7.19931690188877,6.39120916919393,6.09369028093477,7.09077169880217,6.39424247625354,5.29906237841129,6.72408905537162,6.27671450660215,6.69873996642462,6.88983138144212,6.58743849976383,6.66406260734098,6.41332531319832,6.48322534584877,6.77290539107379,6.12406349249972,6.18573965476842,7.8412812804904,6.75915975173733,5.75487761943494,7.24253728344769,6.76052629399292,6.45920791288721,6.89315903151098,6.58111130925126,6.1041189096587,5.67218653664619,7.35534147307505,6.38185864446865,6.27000567812651,6.95738674445872,5.86965929814874,5.47573476200593,6.28478798919732,6.80354000490005,6.97158620164945,6.34607457912052,7.16556261024766,6.32596978642603,6.36599623178864,6.97149756345431,6.93781632145631,6.29942499351117,6.98369558767839,7.10108615513666,7.54373504670201,7.37845288100698,6.31051803820258,6.16400252902481,6.5777692222425,5.91546977777018,7.07510899511739,6.78036661427668,6.70596067102665,7.31497979548111,6.72552857293187,7.65507212557274,6.49653484671461,6.64797619695868
"57",6.20274935945443,6.55958572964262,6.48150142847962,6.27540778801329,6.49882722451026,6.43760227614773,6.51408825290542,6.42088697201302,6.19359575752736,6.79913917688462,6.82560136722068,6.74453506768187,6.61618493101969,6.65964130983524,6.73139346291295,6.66392644685057,6.69809147443446,6.89916955818803,6.58851020451702,7.00641495917164,6.6986017205122,6.70057062800399,6.72242851146871,7.06343952886195,6.61101457695826,7.03471884020757,6.45733240973264,6.2336722854762,6.08618148467907,6.42007373169118,6.60825230062073,6.93902100442169,6.31713513435754,6.91567542417626,6.53880057572222,6.77560616901093,6.75658219404015,6.79224251398076,6.56871875196316,6.32578215060672,6.51783714650423,6.92480182027746,6.62012261354035,6.34700569779342,6.96028962499963,6.61177393269202,6.25619082336322,6.67574111328359,6.57605555205775,6.66791641026076,6.68873673527124,6.53811391232775,6.61594565328923,6.4583003190787,6.50204222394152,6.7743011717551,6.4701877175979,6.31923061399729,7.10712589454709,6.64682018281816,6.31344373810334,6.90963227926361,6.6218533187014,6.63841861981031,6.81625716454209,6.65235265455338,6.3727057754678,6.29023923668448,7.03998407755864,6.62948046276033,6.33361484077858,6.77230638344455,6.47035421254237,6.18648977385136,6.49133771648158,6.70337094929226,6.78438668420834,6.65991441578991,7.01532900338674,6.5829102475773,6.65311485562121,6.83319676227994,6.9813310608866,6.48020430352647,6.74433955859428,6.76259411258483,6.92532832253688,6.89376161360278,6.56606177958211,6.46965915058274,6.76095104099718,6.3710325902501,6.91000961794385,6.8072806059762,6.80705729081452,6.82659092367956,6.52437648113548,7.05726647870946,6.52962916767929,6.59217291623303
"58",6.38295503708133,6.14685254579778,6.39337648064667,6.28262293865996,6.29493469078406,6.32006978324405,6.76937382769079,6.58451952432746,5.9952732134732,7.09143823553893,6.50194774301848,6.75723260440978,6.50338762456003,6.96234565425104,6.88145142363179,6.8448294553784,6.89107935419302,7.21757722560481,6.30326027479687,6.66934562437673,6.45076054114311,6.98492186440602,6.46722274046199,7.14934324075768,6.80270851274398,6.86419741340112,6.46986670330001,6.62166783176293,6.20935413955741,6.79544034954177,6.50801928078405,6.78317675502726,6.24038917582908,6.84520963029381,6.47124092715487,6.89589940676042,6.94664748971601,6.39423759039332,6.51111240360839,6.44627820659628,6.88146864838169,6.95401105917901,6.43862619847525,6.22166833713624,7.00641551798434,6.53690946944881,6.72897690003193,6.73326463832763,6.54939204933186,6.70250959854902,6.74657326868407,6.334520651773,6.3189837260692,6.21102655578203,6.50231149286007,7.25133042654149,6.42603321101354,6.03058847768364,7.07162074994367,6.83439960331439,6.65215265251188,6.78184392889862,6.70259640813464,6.84284809044909,6.94669656590474,7.10475789888624,6.37178460425532,6.38995137184903,7.13638034378543,6.60648535339347,5.80544014122547,6.77767877150477,6.60911088821925,6.04145115827339,6.67220755092507,6.77008510169168,6.55406256333022,7.00288367605017,6.76735535205173,6.76944704115468,6.85374124351245,6.6359955803867,7.31104493086809,6.01800421425368,6.50142724764881,6.83845359763232,7.16657065424999,6.83232961937726,6.34512525608704,6.7183872245458,7.09385419423639,6.23302126931685,7.01686432165535,7.08011564955772,6.88940202763513,6.63696677683808,6.66565213176968,6.83058166092021,6.43323509599836,6.63897730738788
"59",6.56983938392014,6.23363539361264,6.31434439059572,6.45203173346034,6.59457363283554,6.52735051218638,6.84681790508812,6.58399267036337,6.22470710781703,6.78709157640338,6.88677518904185,6.85407658953686,6.33603450714177,6.90741489021499,6.93434449015409,6.49063271793315,6.66376496524064,6.90580282962036,6.52975522776992,6.45673367238796,6.42128296587948,6.91497983374031,6.57129204008302,6.93306649343742,6.65463940830523,6.65295991365806,6.85072462992162,6.4937185489619,6.41818169550695,6.80479337603325,6.43739954192491,6.57202056933562,6.14363367978842,6.6109325743639,6.64568547980987,6.65005870639502,6.86760027547809,6.46470423662405,6.55203145550927,6.57552062929737,6.83164125207907,6.7661265604106,6.56195023877831,6.2138802943772,6.81155125960718,6.61978931779902,6.67727550404,6.83769941229974,6.49701870832825,6.6265465491214,6.99358606401194,6.5873238818864,6.61796725182112,6.49255883432909,6.4340418928036,7.13663644322321,6.45673303433764,6.19132639614152,6.84117960922234,6.54637243700285,6.60116465605727,6.76883427647915,6.32315029657199,6.80623678695439,6.7411160989583,6.95201892338487,6.51061975544541,6.58825882881045,6.83015697681969,6.71471781784843,6.26070364688873,6.8079303094562,6.53365576274282,6.29484660387525,6.66257876958421,6.75862142988201,6.75801296973619,6.72376783006922,6.77225494231946,7.0022501875585,6.94376982101632,6.80401551879581,7.23439262006598,6.32419949407121,6.5134093166411,7.03902271058464,6.88596303088943,6.69820006887011,6.26791763314369,6.62377623257935,6.9482799574588,6.40852235703014,6.71033602759966,7.09729626091145,6.87947908389436,6.58829090116062,6.83873270618613,6.89694538030105,6.54110129567386,6.44238859507388
"60",6.24649857534205,5.79368454748389,6.05775864751969,6.29801352504735,6.45252198863493,6.20556717697606,6.41599165572791,6.24262437777474,5.88509675770108,6.52934795368353,6.73952332608574,6.61862573474091,6.28848813888161,6.63902787843003,6.75011853931962,6.40235691800025,6.43689261197401,6.70635442980731,6.36592118965247,6.39542977771479,6.20246338925651,6.48923321485192,6.36057420334221,6.62379810837143,6.44474830743895,6.46116129299396,6.62629442370452,6.23842027802065,6.09110341193663,6.68989450117386,6.11453901256628,6.25705925929298,5.9365280203988,6.54819926718247,6.41242927453719,6.57638528249562,6.63862873116288,6.25147392667282,6.07657117575435,6.40540156808225,6.63436683870536,6.51338678875851,6.50806842371207,6.01775865102735,6.47391149615896,6.33437099807368,6.47131195317299,6.70561993123999,6.26290346443857,6.44894260883747,6.74107195269183,6.41656325290185,6.33204813223483,6.28694482885853,6.05760432311255,7.05764133580262,6.17604925590066,5.78785793314588,6.36813523960148,6.31714588430295,6.54385013097496,6.70995321189784,6.16496696220667,6.51589041269775,6.68924819476916,6.59378903290073,6.26431097927173,6.38700649937289,6.56856579121463,6.74353899937343,6.12497487389022,6.46337891958339,6.44201957338648,6.14569797800211,6.52722613361238,6.59825657024614,6.45930217855151,6.69900837909442,6.76770961645401,6.75872015608019,6.79207171093593,6.48030061841521,7.00886858669331,6.11154637968223,6.22862693231564,6.74546051927312,6.67826607332528,6.44985384063076,6.12098497216558,6.46013405280041,6.82694995192813,6.26088400614175,6.28594040015532,6.87341069578699,6.66726485050795,6.39680653569966,6.73380019093092,6.66103755546748,6.20985037556725,6.18140321799403
"61",5.84005081236925,5.54421544596486,5.8182186300048,6.07887577018413,6.07597526663809,5.9909618166682,6.16137936022631,5.95122596886829,5.65304480919234,6.32872068212647,6.6328119988684,6.2747963669293,6.14169711350527,6.47712199867074,6.70516008497414,6.15702293263896,6.08124468808714,6.41201265443063,6.14583958525951,6.17072673069088,5.97118461884095,6.13811234529598,6.15196198711062,6.34119693081397,6.27397431841759,6.27470871900521,6.26039794221061,5.96530022615297,5.98031717147301,6.71361582855095,5.88518753481793,5.96193787474669,5.69134449930633,6.42636631122101,6.08948934341593,6.3582016973278,6.23947823181081,6.04209014944396,5.7186869966111,6.04744604554875,6.40136937466704,6.19520222742743,6.28748076014067,5.6815280753867,6.35373125065416,6.1021164464701,6.13868339180231,6.51654219760594,6.17084628147088,6.13297842748348,6.72686700255645,5.96777713405672,6.06200499024081,6.02212350106418,5.90432453206316,6.78868218701807,6.10661520740497,5.65105980814957,6.25425428940945,6.14123094646362,6.41696800125855,6.62882171559298,5.93922434505826,6.24015741189845,6.67202233008888,6.36876933679822,6.03168659054653,6.1191023355944,6.26326841700528,6.51077074722087,5.86484882914222,6.16156503522378,6.15588725606775,5.96031088581766,6.13642148945078,6.27211547643182,6.1040825229307,6.51653547311322,6.30212521391305,6.51795627117563,6.67704445813187,6.22265092897711,6.60684871625982,6.01034169004117,6.12269438414785,6.53157149296466,6.40886360272726,6.34678464030363,5.81448502917189,6.27848269258776,6.4728698726225,5.97457774261356,5.93434464031779,6.66708072177718,6.5456102984631,6.29519276319471,6.61916291432655,6.37046870656367,6.02540498015418,5.93036342108878
"62",5.47570701487432,5.48272586444534,5.74640364632901,5.86044347717303,5.81751544296746,5.72550224068845,5.88179145548239,5.64769038227489,5.49910162194425,6.05579379290271,6.2299802308547,5.89455301373873,5.82562884036671,6.09558681283859,6.37103869462321,5.97657613512722,5.83856666467504,6.13228467954513,5.83407691367571,5.9785089577781,5.62987336849505,5.82790575891455,5.83798776818729,6.06091043364315,5.98896059517042,5.98691697892701,5.94781297218438,5.78323425286023,5.78988637070514,6.23309687981365,5.74179782672107,5.66196790159303,5.5316464410077,6.063562272976,5.88495974484349,5.88405951538706,5.84378116747385,5.70445075793794,5.48010744509147,5.85860529732537,6.12912582367313,5.87362290672125,5.92147346797522,5.56532499035818,5.99350299067943,5.85692993928912,5.85491857870657,6.1419107334311,5.89367822349054,5.78376084957569,6.34770281493656,5.70141717616089,5.86659476612228,5.81946557929733,5.71991172837909,6.385517196012,5.84108484103437,5.5376687059652,5.88355984135011,5.83081973426472,6.02079791646917,6.19707184126842,5.69916866741679,5.88893712347501,6.35658457513404,6.12870553950619,5.84987120882691,5.92173977715633,6.05509411623768,6.25526232782123,5.65070757478926,5.90336484054401,5.85997094616396,5.77420204505576,5.83719929123145,5.92322875169462,5.78193545964576,6.17823344955218,6.07345672076504,6.29308318476195,6.22203496343488,6.05251767144617,6.17989882591369,5.77154800609019,5.82368281888367,6.20806361197555,6.06516631458223,5.99875609992327,5.74864519949761,5.99226288573543,6.09585402362735,5.82333740554794,5.69053990911424,6.24360969146112,6.12415751087309,6.12057454826102,6.21713919754442,6.1559300773105,5.87529703515865,5.73649694989921
"63",5.08134799217463,5.00910373743429,5.54074096018713,5.64088002331571,5.44489175745194,5.42773986800481,5.75759960162946,5.22659970828463,5.31958906924286,5.91918064006233,6.12975656980875,5.55944880544982,5.57976720292822,5.91673646453974,6.01865664131789,5.74613755055829,5.5197949623667,6.02255929223102,5.61252764932382,5.79286571871722,5.4092354797907,5.71901267227272,5.79414963133465,5.84292697251393,5.67350723358402,5.87160007620075,5.65914818499901,5.3994505626967,5.55308518873304,6.22966365887422,5.69328802178595,5.3762250205705,5.46683806301669,5.82234751979524,5.68397313050197,5.72372035292838,5.6688463112906,5.40445187288964,5.37562413838775,5.60370423744684,6.09168311604132,5.68756619156967,5.62474886979611,5.4956764143984,5.67197803676833,5.54256849511401,5.43255004652627,6.05632994189793,5.79788528465878,5.73019196461868,6.04749363897928,5.51751597059141,5.62549161345795,5.46900155689144,5.53500837856093,6.27622449302395,5.53370831270851,5.30704956053173,5.50920409319609,5.53575037771461,5.75873725457852,5.87896271910433,5.7070145562847,5.5833433489198,6.12312546821445,5.74124809597012,5.80634909193718,5.61390124815605,6.12976461066715,6.00103943397086,5.28839903717615,5.58757723589674,5.65013871571515,5.82441214670667,5.68273724179401,5.57365166269875,5.41504434538161,5.77463891142429,5.84065402704555,6.11394587236252,5.96454170661048,5.68602228848774,5.83299770391495,5.56320597667347,5.72995093332085,6.18775343302538,6.10273602588246,5.90752295053563,5.56835523896276,5.88783698753031,5.97878030024039,5.62775084354406,5.39633958283067,6.01145151222413,5.82063191236388,5.81882971486413,6.04120673456596,5.98708565551661,5.68137008324476,5.46277258610471
"64",5.02721160076075,5.05396599034467,5.38402879988693,5.57109984349602,5.29096922023706,5.26631327518943,5.46702409633715,5.28541707417515,5.1847470054951,5.63014393625252,5.83121492913102,5.37506367759964,5.34245398167421,5.6030484215097,5.79345517399312,5.40079323518889,5.31129949124437,5.78321837478661,5.41384143677661,5.68948545885431,5.28949659281471,5.50836376159474,5.48884491187143,5.53040875636061,5.38216464461559,5.70494920751086,5.47373909679648,5.1571216257842,5.42810461385453,5.96961653460078,5.35885124128431,5.2283107616642,5.37246192003214,5.67979372731807,5.43008853920942,5.47756281300925,5.58569956330763,5.2514694761873,5.26090868414574,5.47566356263687,5.68955083896903,5.54035081551677,5.53369974042044,5.38648727956438,5.51162530309937,5.44256906458982,5.35003227401221,5.71083578823164,5.56504301570022,5.42410693015298,5.6835836361469,5.44129539602765,5.42930233418249,5.34769395568589,5.35499866027625,5.96129337816076,5.35361590597394,5.20608510009353,5.300697353902,5.4678493523017,5.48580665127046,5.50721072279051,5.38370213112932,5.32953001225839,5.67007031396865,5.46396596909202,5.60735503367925,5.37972863617129,5.82291472925516,5.73742601961251,5.09813177508837,5.46387912825252,5.41225106601415,5.72574592976988,5.50343207808872,5.28690638911879,5.36877152226715,5.5890782759303,5.46739670156131,5.73158274853113,5.70376202613931,5.54023816464147,5.47540568382743,5.22127954588217,5.46583669162473,6.04689237593165,5.84219596743932,5.69109645384549,5.48598833295511,5.63405822077154,5.66936015486329,5.41043999942768,5.07833698211243,5.73517534488268,5.6290937776003,5.68215963783017,5.82847051781149,5.68269351336077,5.39050763337472,5.23170358093837
"65",4.92637261571109,4.74392059911959,4.99429106108762,5.37543811324572,5.06205129458875,5.27641774516851,5.00685337811834,5.07545254382263,4.93194951709075,5.41784299051522,5.88872713343474,5.19112637147624,5.10689515887424,5.32694380498315,5.52126433117804,4.89658230769437,5.02969749881367,5.77136533373297,5.17393149623252,5.52358011017336,5.15955786893641,5.15378526681666,5.31480954946868,5.29082603524925,5.06661827691949,5.48867580869188,5.37787942056153,4.9976188615941,5.25471009991308,5.85353891572227,5.1512808844376,5.0870801241114,5.17162101284153,5.41389823750694,5.25472134462346,5.15891854819582,5.2815970809556,4.93502296797505,4.94085749359582,5.23080511835439,5.4348037913699,5.36126908151187,5.39633471947155,4.87663059791069,5.14181095327684,5.10663713693806,5.18264864024044,5.58131831774994,5.38329450887711,5.18980775472644,5.52603913953156,5.42442844305857,5.34064895502419,5.31777167070905,4.90801603241037,5.68407133320706,5.12000632439555,4.91997380027264,4.94464086366554,5.23382715457958,5.20800761436084,5.2395944608036,5.08233754507256,5.23232670589288,5.47642803765577,5.35362730418791,5.38971511246308,5.18246889057516,5.49194665015122,5.59709674627073,4.7602758701483,5.18779432408429,5.05423055208919,5.55289417642008,5.307114955438,5.17087947603297,5.08549741477429,5.46257018581041,5.23350308203034,5.38654676626536,5.56939441419037,5.27814904240211,5.30392592532743,4.94696929804966,5.02866988129577,5.68919347276739,5.51380302589731,5.75327191217302,5.31740448761269,5.45914356504705,5.63729569886701,5.29862699764603,4.90661835289245,5.44615865734375,5.17895675870219,5.55622329124038,5.41468678802917,5.46974646441774,5.2994752774408,4.907197834684
"66",4.82806082266667,4.7675372719885,4.72170274800416,5.15645416809156,4.8303286664819,5.0662716789782,4.72141653021429,4.75927785430907,4.86668558949519,5.05881828399239,5.57244872627282,4.96485875933274,5.04816992300657,5.10141178619301,5.25424500499085,4.86586660033848,4.85751266954537,5.53959272837178,5.04802956993242,5.17329614682557,5.07605221732573,5.09567930251933,5.1411798419594,5.012861310401,5.05859346035169,5.21471365256632,5.00058763808134,4.75819076080682,5.06681222921606,5.5895961610482,4.89470923886257,4.83920845443031,4.93308292003534,5.12478448456289,5.0605042736366,5.00910867262032,5.21453508938069,4.86626502889049,4.84050087715601,4.98257277938675,5.18989037959911,5.16190197316741,5.22704964731246,4.75351884489337,4.946865591511,4.99899480087679,5.05714959211652,5.42778533097421,5.10882688304358,5.07514190407449,5.12049584401041,5.25704982870947,4.97236694388918,5.25361136368836,4.72093738813901,5.20301758408798,4.93138647236023,4.84312333264737,4.91533136013308,5.04689027711678,4.8024914407838,5.00226066741538,4.85068592316557,5.07385003457761,5.21717347817722,5.11655450758729,5.11243020357919,5.0046774039035,5.18310712985184,5.26254723669958,4.66907596053971,4.90736633948709,4.90943307309623,5.19787692238168,4.96098183167334,5.03744406218962,4.9124952232709,5.16415676602584,4.97958939326197,5.30622141370861,5.28356730852477,5.04642552875879,4.96752942182525,4.83019380942116,4.89390221942192,5.20018119727217,5.28207302405119,5.51910819887369,4.95642027796284,5.07214131902524,5.31048291853871,4.9654346516761,4.69985003180617,5.22206617785916,5.03231853414979,5.27093975160146,5.21392158240501,5.35132719650045,5.07072278107188,4.85235114249926
"67",4.86841112804614,4.51668609248392,4.46794480899875,4.89842362560541,4.71753313217496,4.85931137609549,4.50757577781868,4.55834395859571,4.65268580927167,5.00052571877325,5.27487798492681,4.67897540796763,4.81317915260502,4.99119186998379,5.27824445568146,4.57018639540938,4.73521933750479,5.22879562451025,4.77159471430208,4.97663694359036,4.88930443192764,5.10577463808328,4.84647183099499,4.73525096553856,4.78444133264345,4.98885252073562,4.7719339471426,4.31138970975814,4.86817000027533,5.24523065331593,4.69468016532151,4.52914679003267,4.69019618214319,4.91652480044049,4.88809305034528,4.73758002323332,4.89955450706065,4.61792859066502,4.40093580205922,4.74497096829681,5.02733255758722,5.03061871541663,5.02915850371055,4.63493004634804,4.75355019284454,4.82133372013481,4.86095339559276,5.24731776533015,4.84386694793443,4.96779194966985,5.008329918478,5.07704575765687,4.880256490335,4.92558261335053,4.51377027907104,4.87056747984704,4.66595569066925,4.59081472007817,4.87824617043088,4.94093068482142,4.5949572483593,5.02835656522732,4.65180639963228,5.10142426534202,4.93844572621008,4.68430450139795,4.7417142079016,4.94702723026335,4.86576233802825,5.11598069194204,4.50851676216303,4.6560305574543,4.61414866887487,5.00001763939153,4.71117475344821,4.78859557049544,4.54012377686914,5.14684369786963,4.68897925417268,5.12437241973048,5.19476083808184,4.6800643706723,4.65288839583367,4.47993196368088,4.73849568850991,4.90246609253682,5.0150363710484,5.45506119490523,4.77683034213569,5.00978214183631,5.10417263147309,4.71963339280023,4.52332896530144,5.05888468654488,4.94535923059713,5.02307795026232,4.98281385997746,5.20133167571319,4.9348200963421,4.95286314782956
"68",4.69586711335347,4.35131304950342,4.32882191285054,4.63925014662425,4.52375470924551,4.64891222995172,4.38154414923114,4.6180094046649,4.49040773140208,4.65206414408477,5.15571048333429,4.37382438117831,4.46440615976757,4.88200100670398,5.08936547223028,4.49092179737569,4.37698205585848,5.04344101862724,4.56260128589585,4.77698000307024,4.78388299041453,4.84104207502124,4.64899111119888,4.5768565303392,4.68310107403667,4.84563592329587,4.66565257217197,4.31122118279539,4.74074446900124,5.13806340072551,4.49139642318658,4.40815339455692,4.47784271035986,4.73648470404685,4.65662898393522,4.57166751156043,4.62823409521462,4.32530466918862,4.21763831701694,4.70065130457477,4.88331772828693,4.92412831062554,4.84653273971034,4.52618067462353,4.55052969260647,4.54238257590221,4.52795456047956,4.9200294873693,4.62615360833065,4.78502796953184,4.79455055248077,5.01159227770087,4.61151719086429,4.75603418841837,4.24763395091714,4.70803270692699,4.31776502465164,4.47285719887039,4.54816435872988,4.80982095863193,4.39390412444087,4.90480319531054,4.25284633603387,4.66840918264431,4.97286531327369,4.52718602860636,4.69348643538137,4.50153949706405,4.55251163441867,4.71884411424981,4.29885841647232,4.36180047102203,4.50258241462635,4.68002064705296,4.33343999286814,4.48261751080274,4.36986801494979,5.027465713162,4.55034549112528,4.9782301998703,5.04197976029624,4.39674121756232,4.34708180204257,4.24145183543405,4.39850332584408,4.66367956952268,4.83988172956131,5.24819969960731,4.55250203194736,4.82177206021586,4.88912584859798,4.46034080811916,4.2135029825891,5.07910684603125,4.70643630722153,4.88993452292443,4.82387594949401,5.06878527557394,4.68240013114561,4.89906068398839
"69",4.35283283219556,3.84481117507102,3.96793302508741,4.24254886354779,4.18440253612309,4.08693530745343,4.02529713259003,4.19197732840232,4.14294912457776,4.29383971885911,4.51305695093839,4.09021792391899,4.10747770303267,4.42971906294489,4.4299530595207,4.12192295175552,4.1841109556886,4.41553982001088,4.05470928495479,4.41594092140404,4.47195240602758,4.44883348069856,4.31681377570317,4.24313617749089,4.25780896173899,4.40207787868052,4.2983279586571,3.94365099976549,4.30830182887365,4.71885801683468,4.01698981652459,4.05294168713272,4.08760903414185,4.29989948816072,4.22035069946716,4.18414880878774,4.14339300839105,3.99063699946721,3.86132654756161,4.20409359659935,4.33223070123281,4.33390965860601,4.56867773480628,4.10557885176923,4.19507393122399,4.0937851949983,4.15813811975397,4.5861675248002,4.24881019640446,4.40331919677891,4.33721449675019,4.51843986718798,4.1855306708067,4.38714626545065,3.92882239969014,4.30869748418472,4.07143698056081,4.18488663999143,4.19337728731189,4.41004525898359,4.07557503402286,4.41984744202015,3.98397574823724,4.24036823177398,4.47531198325412,4.25735337629753,4.25015490002442,4.27970394345972,4.19485932048587,4.29480479619204,3.95462423938137,4.00900439565839,4.15282481731896,4.1637815757641,4.02306007563013,4.10927986328114,4.09271218072091,4.45215624324312,4.19949122506059,4.37931250654078,4.58777804773076,3.93030035856471,4.14601539259387,3.84978967567403,4.01540473795375,4.3060120695849,4.44115435412095,4.66791639002729,4.24496652077729,4.53246698684006,4.38863801130691,3.96893215128255,3.90392230559434,4.71282934307473,4.2437189076167,4.50543583444809,4.25116095950873,4.55155319822392,4.26274979747164,4.57936674762344
"70",3.7265469527133,3.31354705413712,3.48344888615643,3.87094723726848,3.66174816943333,3.54540806491906,3.41346364996823,3.72344870213405,3.75042250939361,3.62331263265506,3.78637557590553,3.63233870294088,3.83208290617841,3.93251590052533,3.92774535002609,3.68253880661178,3.67041674016015,3.97216375238106,3.72598358194784,3.75952986258856,3.87657665712258,3.96741720559505,3.74148662772126,3.63022346816919,3.6370113558915,3.80926355250731,3.74381170136173,3.38597813646117,3.73523038657976,4.02987626217884,3.74524749010787,3.67192022324685,3.579994041704,3.82056563613969,3.63246565466518,3.58347191687403,3.66321528571295,3.52364304516708,3.2876230351525,3.76135673931071,3.76162021702516,3.62635329278232,3.98951258821897,3.64770105435735,3.73726125574993,3.75521734906633,3.73821362871481,4.00463063730208,3.81637538887403,3.77789741378018,3.9558281872774,3.91190477196201,3.60643507422175,3.87649738781662,3.35636201429222,3.75271552705758,3.67448745100697,3.55358218523427,3.72699366556248,3.63694295406167,3.62610075337885,3.88850138283569,3.59376455822147,3.65591845327312,3.79584732679639,3.68273177915106,3.68735483835362,3.81070524640015,3.7095376079014,3.74641294244067,3.50762526333873,3.49074709367743,3.50470918688494,3.59609294881529,3.56387079668916,3.47788627817679,3.4514656053769,3.86355264367167,3.69534947137279,3.97216112145461,3.99525739469862,3.42403464628314,3.74222799681105,3.35870486835283,3.44428006987385,3.88681763051846,3.99861756969131,4.16293958633548,3.70622859520179,3.8741829885496,3.7441490091089,3.4482007236105,3.30831815960219,4.0224145059573,3.43493922114501,3.75366659204526,3.6212749541697,3.99783581596058,3.59266150768796,4.05450162325111
"71",3.23259408302626,2.87099181058989,3.16543808048024,3.43326655382733,3.22719221412676,3.22002521531781,3.01963838888347,3.38891981767266,3.19444028815421,3.14548949666429,3.47564742814777,3.15068701130393,3.4724628395589,3.50823254674076,3.37259391798477,3.26165718256194,3.31239884763247,3.45556388568305,3.24224251741404,3.22335931195428,3.47489590089238,3.60638402272218,3.34585533505787,3.10552078180959,3.23528366032967,3.43008641492334,3.40634824129415,2.96161971644421,3.25179456053785,3.45035954643695,3.20188037096249,3.30138672110857,3.28874962249331,3.37687493654804,3.20957941729068,3.2167643905098,3.20871990948203,3.0739438507746,2.92700249795569,3.37829347459059,3.26997808840105,3.22092588366625,3.52070268085517,3.31009195289939,3.27988753121011,3.30705525089201,3.29303855491199,3.59833000074559,3.50511491554638,3.27699887284769,3.42940244158398,3.41713892247275,3.14933179461342,3.48594203811099,2.87684974192417,3.37004865599429,3.18862291276699,3.18118710152054,3.41047280868013,3.12761652348732,3.21872773917718,3.56763529110556,3.08721850276305,3.33819040095925,3.40027849278638,3.23704054420775,3.18916688142586,3.3538846697341,3.22154579872016,3.26365799498945,3.07764135428691,3.02087952677404,3.17965606503183,3.22131716147157,3.10853446476343,3.25910388843002,3.09046080101367,3.37414219620076,3.21723953605264,3.54009927802479,3.45989924632453,2.99879041239815,3.20227049610181,2.92848628829263,3.10435133412865,3.44412903078434,3.54866203803136,3.71598179006514,3.3224580953794,3.28941405850736,3.32251699620867,3.0941555994481,2.90608594784523,3.65177833148888,3.13394651687314,3.42780720722773,3.32580814326402,3.4357332777433,3.16439288430599,3.62420888610453
"72",2.96392690959378,2.65441108472551,2.92955398629262,3.12606576644251,2.90769681746894,3.04237596442989,2.89149104657179,3.15966376672363,3.03714279808052,3.00540826933787,3.32424476770334,3.05491350291514,3.02965152716287,3.32826479415552,3.03932908780961,2.97379332038648,3.09427678215835,3.19722873294018,2.98021944725297,3.13995478327124,3.27169591620422,3.39988835638647,3.34328376292196,2.88822905304256,3.00737149030606,3.19961909701271,3.28564212170548,2.54387595806893,3.30400202737447,3.32228781165151,2.83393263118445,3.04988017428045,2.87490550264702,3.17092976539997,3.06337248593075,2.99031959585893,2.99820320818789,2.89408395253939,2.8272451968001,3.07920675394676,2.92976285803466,3.011220450683,3.41480173231587,3.14782906850982,3.04206023887,3.06034397624932,3.10630322541154,3.56171350364053,3.22241549062155,2.91962252803003,3.30468178402059,3.05927372772105,2.87700213637445,2.98899380927621,2.55132662148415,3.13448246082088,3.02526338450775,2.88963439432102,3.20636250082564,2.95161580197147,3.08886413638001,3.40266878674799,2.97728825739105,3.23897840765907,3.31906050298181,2.92188986393833,3.08329465511134,3.28245034952444,2.98696158416096,3.15808032996103,2.81325382965933,2.78330932407934,2.86402540242257,3.18621243510455,2.87244295179544,3.03516514528105,2.82314692846387,3.02230439835028,3.09204532169683,3.28854492503761,3.45803095256943,2.68962372026971,2.9979774055959,2.81360023659895,2.88566195656407,3.35325248110727,3.34965104774848,3.41776667126931,3.00783385962676,3.16275138482048,3.21613776019515,2.86332696158796,2.71701731976258,3.31292506624293,2.75514773547727,3.26452896051768,2.98903856014709,3.31187272217996,2.94697269450524,3.53435681551204
"73",2.52251964205385,2.39695295906934,2.95149857745569,2.88449715244419,2.56950297010638,2.72798982802941,2.72412437555548,3.24029072907212,2.87891805764466,2.7320887081446,3.22450896141862,3.00655476638139,2.79439278644904,3.08686937553473,2.65539397776801,2.70349300396315,2.92797817830607,2.83812768619246,2.78979401732806,2.9001372354189,3.03282338977181,3.20358081233491,2.87303170889268,2.5337526647191,2.8086829907014,3.06460439581707,3.21822193005879,2.18596465785163,3.06592641479584,3.05783703386547,2.72749089206624,2.89815065165365,2.44544036748339,2.96551607741406,3.140223691539,2.78341413181957,2.75226952943071,2.73016017083973,2.72924908108052,2.88463075006253,2.6004228819264,2.80739705278148,3.19622036143771,3.02504063707714,2.62999094997742,2.77717008166328,2.94027668956835,3.3140007860132,2.95323501340317,2.82145907028745,3.09517315429008,2.87159697163324,2.64474272390148,2.7109573871527,2.15041398187386,2.92280711065987,2.87890541714249,2.70031249065385,2.83204619848637,2.68934030356023,2.98533189710994,3.35365745208099,2.77948850991029,3.15400952182888,3.1025464534106,2.92524942762067,3.07332779791721,3.15255451465866,2.72686261422864,3.00152620878177,2.48182300458759,2.37664559042551,2.72217968056277,2.98802251612917,2.62696556433939,2.8896426448908,2.7238693234209,2.91392640160459,2.9811836325273,3.05786426841887,3.19079156933378,2.33342161256566,2.7642338112408,2.46775694927615,2.66476324955036,3.06257178643333,3.27884219726871,3.29312729873246,2.81048836161135,2.93063293522734,2.93472135277993,2.76540444300948,2.41794715355111,2.99804977563707,2.6324982206469,3.1352008252204,2.76231904723886,2.87922286025454,2.79019374281059,3.40010865242535
"74",2.41178073119403,2.37623746788391,2.55089782655093,2.72159261742704,2.36549117914571,2.54480516524074,2.50352535579893,3.15450858581322,2.54196938034712,2.41386701194592,2.94834773413639,2.86153338944839,2.5245655652103,3.0290389201068,2.38624846482209,2.44804212932217,2.79034846728483,2.35877489866338,2.47943307719923,2.63528511927727,2.91801785197276,2.98865979327409,2.7989955961475,2.28288160794748,2.66319355295595,2.83480130521381,2.87227856069944,2.05098867212823,2.80416840748557,2.89319808718518,2.6712192147829,2.7135280518545,2.25375880324025,2.75508321656364,3.03754489259702,2.68975379419035,2.42702960164014,2.57080470931016,2.37076191724155,2.78612136152712,2.40071901970578,2.58555580483464,2.95469196079853,2.94695480205689,2.46694053783838,2.63203560987215,2.86848034648862,3.13042373573526,2.74650361519202,2.58995085800414,2.78088928158767,2.7289127604746,2.38111428132909,2.68353226950856,1.92964136169243,2.88280755936201,2.62393422533846,2.46549094890726,2.53372045640477,2.64567712600611,2.86791865932791,3.31812225823873,2.59535202179718,3.08015709966323,2.75603669627445,2.80051691390176,3.07245289328105,2.97065512620409,2.62072840450866,2.71924769840321,2.11408216442524,2.05737551467836,2.44808234092067,3.02473691432359,2.29051936601507,2.64495601117005,2.5266218565245,2.59976191685946,2.72075846426935,2.80581273397902,2.94441243666712,2.09803736175416,2.37640372407677,2.37890086356728,2.44680382052356,2.89234656002108,2.97817433837506,3.17286371450658,2.51623939349976,2.73791956472875,2.88688889212291,2.59425858472911,2.08918792908197,2.74191317584567,2.30368388716537,2.84537414914754,2.61116483430352,2.75457488281982,2.5884360673451,3.36278448609202
"75",2.21387863554928,1.92145457850476,2.3538628489586,2.61158094225378,2.2164674050421,2.28220227612096,2.16435181928027,3.01488450448919,2.52877984265402,2.05016659412296,2.73081971278073,2.69640122928705,2.55726854744459,2.78773729709479,2.35125585046811,2.45114295112832,2.48961927884489,2.13658371712504,2.14107101014069,2.45726134697044,2.85106658024696,2.76661090827702,2.69047559580107,2.11779416091206,2.58724175705692,2.7438259159183,2.54153576360363,1.97240909607436,2.69493744086471,2.94259497617167,2.41128232033228,2.50229689655206,2.18484221149159,2.61867885335642,2.72895958676778,2.43895007041964,2.19794857073672,2.35021200758506,2.22758763644218,2.53188080912704,2.38586793172254,2.55887445366067,2.71810758289532,2.56687595660404,2.28967213959318,2.41016323518617,2.68104978297479,2.934549919216,2.64361793290796,2.49926292086036,2.61544631140536,2.5844373828481,2.26306933773579,2.52143574455363,1.78158421183443,2.69894654860301,2.62891337156907,2.1817563880409,2.34182016893148,2.45271872451676,2.62798244479475,3.06153803049051,2.5770045590574,2.84981677845966,2.6089403818626,2.48594712176911,2.82524617986035,2.86880830765441,2.40083292228461,2.56560652952712,1.93838307211575,1.77464965805223,2.27139587731799,3.030148259762,2.14410995015794,2.38051410952403,2.36028285251747,2.35562070821045,2.55629443396082,2.59790807630405,2.63429835070178,1.71634039664499,2.17327163424416,2.01197830766663,2.21125780312888,2.80697656034529,2.93078246076439,3.04170113483258,2.37175714543413,2.56141169049429,2.71347829080975,2.55025751544658,2.01922225197554,2.54190003780637,2.10878287427522,2.62055916646185,2.34865625832443,2.61124278445719,2.41873537358896,3.20459113198119
"76",1.97219760623078,1.74909654993208,2.31031728260755,2.50629876517397,1.9921475747062,1.99677910318222,1.98920297739969,2.94974676159955,2.55603763795731,1.70177907261646,2.48513243344739,2.65332805211089,2.42409003128333,2.26784107308731,2.15289103999274,2.15018307769349,2.30223027963625,1.9413664722119,2.05874768607115,2.2935613365469,2.69863800504121,2.57541410073532,2.57293829425838,1.84045347318484,2.39334718178662,2.45929211710017,2.28329673600239,1.62596324320187,2.59869991191149,2.76504091715083,2.20218217039139,2.31701872071026,2.021334569456,2.54110339557922,2.57487672485013,2.19776301501119,2.19058018285706,2.10085621430072,2.0265502501343,2.41395188790498,2.16499558525529,2.35689847114396,2.51784369525921,2.52822935193234,2.01621913658792,2.13814258125792,2.46768175930899,2.60269468720588,2.34372162688268,2.3641635069149,2.35729749920434,2.32626890248845,1.92874483672556,2.38212019852088,1.72398737731721,2.6339573518422,2.43514332769519,1.91496005098262,2.02474437046209,2.212458445376,2.51376128550269,2.93623834420635,2.33211163117661,2.79179899683445,2.21784369783833,2.31084916764962,2.57276549656612,2.77571941058427,2.19218461117134,2.54061701833811,1.66872090656041,1.60882589887334,2.08858835915612,2.88879502038516,1.8822487953486,2.14989968798646,1.98956565391939,2.25137754698261,2.30676023781365,2.52247984908852,2.47321926796578,1.58689340436913,2.11910128315047,1.88822028633187,2.17899588704943,2.61474393881713,2.6900279378802,2.92569361568261,2.27295312864741,2.44654752983842,2.56159796638743,2.28895961387235,1.72396300147424,2.28602958777113,1.96572103336965,2.55881379534948,2.14660777062939,2.43809488745212,2.21092949001621,3.01439533540721
"77",1.78933176057673,1.76253446874983,2.23621339863289,2.29784271965778,1.81891422277783,1.76890528012385,1.79014959429694,2.66068364267651,2.40245705087629,1.46956743792699,2.22614552315394,2.45027251749828,2.28505487092336,2.0353012272276,1.91735985705576,1.95303873546518,1.99119176769214,1.78571243815144,1.7421174885064,2.05161308103529,2.38793519463269,2.48133823396524,2.37073075509107,1.68819612693587,2.1045760274413,2.20765876189508,2.1557603147305,1.51354812191548,2.35275964950088,2.65254996915448,2.11894670916622,2.01577908936676,1.85189070770743,2.48727984233618,2.45634255041311,1.90696581236652,1.94817731622035,1.87339732218247,1.79322454888064,2.20900414165902,1.90467681802091,2.09923676306314,2.35514002748365,2.29153304121632,1.86620683166276,1.79398840301851,2.30130660505336,2.47903884438717,2.07265823830865,2.16647923276272,2.11839712039706,2.2779530627206,1.71105008240736,2.2686090205543,1.5430213039035,2.56458017026908,2.275528875777,1.68861537060371,2.13875991170049,2.10697252952802,2.18367861313866,2.67676564341067,2.21013816054746,2.58839293722426,2.1706089049082,2.26842429894056,2.45535005157837,2.49437428390012,2.02324536752046,2.36586044678366,1.47021874000744,1.61932233685361,1.93402190576134,2.64252738002506,1.74179974474271,2.08718275045709,1.70830758791597,2.18837180615743,2.20587100321613,2.32496093272588,2.53293301963099,1.51314971804884,1.93327086542013,1.57241033665138,1.99011065520319,2.34433785487917,2.60051950650138,2.68078924508598,2.09096278003929,2.33078415756204,2.55093098052254,2.08029198087559,1.59033025741052,2.14165032221811,1.68506262456877,2.36164196641248,1.80794405056948,2.27627438967382,1.96330674201753,2.97986183355598
"78",1.60369511375573,1.61608525184895,1.99931471272541,2.14083790623025,1.61505518393994,1.56960273415073,1.67366709312167,2.47400353001074,2.13186060724315,1.50283069046361,1.97570766372952,2.33795451404828,2.18709140399292,1.91037618836323,1.71669208675007,1.7580023467321,1.83063714977726,1.56728057506188,1.34106266988569,1.90919570335228,2.12349007154687,2.28374891401226,2.12540353287694,1.5199019252715,1.82183416348258,1.86465664991421,1.92394559084187,1.49522618858294,2.15422578212818,2.55834285496511,1.97152689702996,1.90581804426712,1.56591209683774,2.34238804000688,2.2128219828047,1.70165124030494,1.6975885198947,1.80734707948449,1.62359188151645,2.06930954153311,1.67767276200714,1.94974658005402,2.31137297546313,2.10905612823304,1.68828718567765,1.58003256987912,2.23079584972606,2.24024178200173,1.7977471185997,1.88292044289581,1.76481209081305,1.97894385495141,1.63692005877325,2.00622096340454,1.30863926589668,2.37173925488412,2.03582904190626,1.53479798841617,2.06702851860313,2.05072688698094,1.98617410564817,2.5369828911932,2.15321531348803,2.48444549711086,2.02556763096347,2.13267677929205,2.19216012186958,2.53681727724638,1.79243136329657,2.09434276455418,1.39911104068593,1.32273647211362,1.81729655853984,2.54039753939228,1.47098876919846,1.945343221625,1.5237328271751,2.15637874710054,1.89547472896937,2.06705240554814,2.35262730186569,1.4211221251845,1.7115666022454,1.25796752760655,1.58240336053961,2.15513978682108,2.36531981158683,2.59621532289139,1.83948642916304,2.06221343351054,2.56257515863177,1.77479278582222,1.60055967612019,1.98462902945,1.4285491118146,2.21170210743559,1.57963340950566,2.05831543200766,1.71339828552097,2.97776097433435
"79",2.22666393363614,2.24604385449856,2.53195305694465,2.18650405624712,2.21193478187883,2.19281424182168,2.00221313879577,2.55058323023047,2.17976222669343,2.17559469893417,2.3930360243558,2.72626010695499,2.46062498930677,2.06232303733467,2.39626209714989,2.29095669183616,2.06183458976778,2.13993634420558,2.02282797287881,2.24972005445783,2.32681613400409,2.84340009693608,2.22391834745385,1.57123951395033,1.99143341901788,2.17462303213418,2.12826267209003,1.87290912418144,3.16380240596517,2.61587863344787,2.50718763244104,2.34111476357403,2.36600137623979,2.52203478830737,2.14797984975217,1.87520379173841,2.34973539258727,2.10243564236618,2.48496389610812,2.72133997444499,2.56739180475737,2.28964620966738,2.67207661457699,3.04728078251479,2.56128332697149,2.15022362861167,2.82031928298281,2.23074319603185,2.61292482209242,2.2295850607237,2.31241723943384,2.57903393785422,2.23566206542502,2.16297964387322,1.75025023570227,3.36506383382519,2.50666801183689,1.67555377130388,2.05971998913655,3.09254112919872,2.86705549817375,3.26896774761939,2.38933252461312,2.7498072689694,2.47509218028456,2.64766329883582,2.45725655950773,3.16916687732216,1.94124852998824,2.5692946006981,1.42229431035164,1.62869778504496,2.52067482490777,3.26692125726162,2.20370149833588,2.37154625561236,1.84821750846606,2.76164615975264,2.07603035131412,2.99901503240212,3.20528426954215,1.82619776286305,2.58520349199816,2.02470832877767,1.97045656097,2.7639547425345,2.69842038484553,2.88167804567812,2.25741084972884,2.53672285404737,3.33287917509897,2.54226480837564,2.13101974723491,2.18821995398058,2.21673766826315,2.51049252769933,1.79778511257572,2.22279906719762,1.94141847401172,2.98088926679173
"80",2.3229533418497,2.8165760084467,3.0077312114519,2.63530545226405,2.6128047648016,2.57255254706843,2.1677324992345,3.02450470093259,2.51480468624734,2.5554216919604,2.49208655128263,3.6211935360455,2.6857571626013,2.5636838728764,3.21195153124756,2.98113137439701,1.98636074629723,1.92379725360386,2.73808107757567,2.4002361911084,3.15848907307493,2.9126482248695,3.06474619992596,1.92071714254456,2.44601954581916,2.48539226899163,2.38128544431031,2.13233058046978,3.6887634011193,2.90204605429327,3.12135447139043,2.71967560995026,2.90167892931573,2.94129051269153,2.97300041052215,2.28459961969228,2.79627165418647,2.82911764212435,3.52538962783426,2.95162322071858,2.77677776607886,2.58141116959741,2.40416286437582,3.04374802682539,2.96585123248266,2.52717035482055,3.58535381732293,2.82953291833236,3.366435308494,2.57411600836459,2.92272902485386,2.42339174504977,2.47454422483043,2.10219791950316,2.15723450991409,3.60865414721004,2.9292156599268,2.16604415451165,2.82405803890814,3.93779021344601,3.09143482486727,3.66909540039248,2.60709529332672,3.20269933580792,2.78299737859081,2.92570065697017,3.16032782492276,3.33114677843224,2.58482225634113,3.04232452718285,1.28425661409968,2.35722308207292,3.07438821395558,3.38987589797631,2.35026179948694,2.73516041946719,2.33444642028659,3.48349595528378,2.32737534646811,3.38696254488517,3.87079848562962,2.31407626265409,2.48468274163942,2.48322059987234,2.28590162725588,3.11513405682149,2.8960380503765,3.4801226016043,2.79817423191352,2.64108315732356,3.94866249128024,2.73169992438391,3.07078639148511,2.14226565374006,2.53385316122484,3.31163681211705,2.48456813366239,2.94392749010414,2.24445426692169,3.1370361582406
"81",2.5719553379369,3.2342725123746,3.30947450282881,3.3372169948838,3.34526427406683,3.28154424419273,2.49627451067579,3.29891552592457,2.48350606833275,2.54223402161293,2.97042373553574,3.9192822398201,2.68615202941285,2.58392909450742,3.48199562566248,3.72723232421362,2.35493761360366,2.03108133541376,3.36456517035722,2.56363801272485,3.31036842365796,3.10923250575121,3.65876518739988,2.53540593893584,2.87997189382251,2.93983392372028,3.09618950372082,2.46911848557928,4.48066976820867,3.57020110542578,3.32310390745574,3.59716661040247,3.64920742496746,3.53517506362017,3.35632661072755,2.41769755641303,3.16491721674494,3.16163298538875,4.21539204059101,3.90196234631178,3.56540548205681,3.04695744965941,3.06511358190242,3.40837306916036,3.63591588679049,3.05882708255634,4.34597972096743,3.08159127587113,3.94959376069796,2.98061017846326,3.61326398819787,2.88682529438878,3.02121962195076,2.5686360737543,2.11428349848263,4.33155090967093,3.599318729836,3.40447978118311,3.36076105658403,4.17071987690501,3.59051819277753,4.13988529810049,2.77110456816742,4.10030630738087,2.47979504009616,3.32779051470954,3.58449598815329,3.54213708305373,2.78717264704258,2.96468008847197,1.87997293539939,3.24568760403188,2.85429789848756,3.90333596032044,2.69632824515027,3.24262616651896,2.75193420066151,3.90729914182514,2.64351448773281,3.74161454175763,4.24040422874884,2.77007068331349,3.02407288772871,2.82272148032721,2.57073550717972,3.46269421498999,3.4297210473198,3.89090371273454,2.75472477125233,2.71378741206518,4.43325994368991,3.060624443488,3.74446808923076,2.18816748710057,2.98903974905691,3.65212876789004,2.82451455278594,3.00941812160042,2.45253246630067,3.54195577521026
"82",3.14101433264853,3.57527828643188,3.64832728543538,3.54359576173758,3.96274365822626,3.7683998380218,3.03141035543175,3.55993074317005,2.94276983837701,3.01793791154382,3.46246362815608,4.28273640602347,2.74528552188839,2.73389517781733,3.83022267629701,4.69476872466741,2.97952793476344,2.25865273664521,3.63952344561692,3.32335724096896,3.65697643292991,3.23883032167762,3.10058019954018,2.85730222452104,3.21941432549547,3.00781502021817,3.36206951934073,2.77317658567715,4.71515560767096,3.53259405042368,3.01820475630775,3.89249812000499,4.13897066182908,3.75104176256361,3.4700261796965,3.45429446483773,3.60551365099117,3.39220721403852,4.40698856342584,3.88084940923343,3.66828913683671,3.33397272453319,3.35631817273868,3.36247493887308,3.91460006945807,3.27181296556319,4.77633711767649,3.43648770854958,3.86800697930233,3.28191007239087,3.74474433852056,3.94178847137807,3.38041752319433,2.91479569875287,1.84336711418308,4.77052542453843,4.01553876127719,3.7954190998042,3.53458964299996,4.67317818479196,4.19584141144773,4.71048964767687,2.95386600346329,4.76680409627471,2.78145231268201,3.71941839597662,4.27569151852164,3.90252452359607,3.1362418206151,3.80558928358289,2.26240428373696,3.2618421700671,3.37638803651703,4.50122176383118,2.95128538154452,3.73493265540446,3.36320470590135,3.92470810942244,2.85310500161836,4.30239958735898,4.40878353412077,2.83285385312977,3.77972049624006,3.09990472303143,2.85551041254497,3.7525999603866,3.61364959044112,3.9872341193109,3.54179701187992,3.46222098028887,4.41235193468342,3.50036509045952,3.67638847733425,2.58610903526062,3.58221339636454,3.6852873517033,2.836948195965,3.34778470431841,2.5829302857373,3.27847759847642
"83",3.46322292691046,3.59425555030867,3.64620283921847,4.10606672345381,4.69992059004623,4.42876879659109,3.20205671159719,4.07403023932369,3.48138202704252,3.47829813988457,3.66193564607329,4.87590210426386,3.17952859700566,2.47165788864934,4.21930854234517,5.24154093981194,3.50605609721427,2.69493495383059,3.94817323804623,3.67561758090694,3.95090051102661,3.44983205203898,3.78324349436846,3.46948372167406,3.38534330803479,3.04545283534337,3.84233563996994,3.4938702743737,4.74849340470284,3.99640557522889,3.44760560017101,4.1994568911869,4.24862491787833,4.11943743819135,3.64559750063848,3.94723685200936,4.10560321433605,3.76057759271513,4.86183676684065,3.71619518846879,4.04279392670612,3.56475961237794,3.53280371079388,3.92866616654798,4.56265487910807,3.49521884154147,5.15795838622159,3.59702381069257,4.5869414779178,3.11570709125721,3.93217340388046,4.61085042066408,4.51263843636126,2.99161602205552,2.54679963852766,4.71907428570816,4.20153639694759,4.31889133784285,3.96151428024062,4.90942490271605,4.63457185514283,4.89927539808582,3.74938578763143,5.33342944628693,3.03490437538534,3.99829112546368,4.62839728996507,4.12710579213536,3.45093971132949,4.02878753420894,2.66596402800861,3.61258828999792,3.91459794807546,4.68152259692121,3.44283266248596,3.73007223449423,3.55708242366035,4.34124051007648,3.31255842944923,4.40789483611902,4.78312678841351,2.90563467116039,4.63041258789575,3.3678038048171,3.02056650507501,3.89485365533179,3.83844546553847,3.60737880451232,3.99851922454422,4.01116992522889,4.95425427564748,3.77456481916521,4.23611183774467,3.30263543682805,4.2462004729996,4.25607612213849,3.30931679520984,3.24301216415247,3.23830774697223,3.35437539554102
"84",4.05893838992546,4.06627455279438,3.77307764078152,4.75579561417588,5.03530760365707,4.81942271182903,3.89133185861269,4.72306192708057,3.85820469894254,4.28251607240714,3.65365530278803,4.92461255493375,3.37018265313319,2.60233438952976,4.72292409217417,5.37340508885404,3.5990727490387,3.02988561376553,4.08997926118548,4.00215297423216,4.23608973255839,3.74994285393719,4.01709414866584,3.67955512349649,3.82000659692068,3.48784101331836,4.20045598470991,3.6742446102796,5.10836331169788,3.39107992829641,3.68062881892324,4.38780740186671,4.90904009318651,4.54440240847701,4.16656061215088,4.06710342528771,5.04971819628854,4.00985218113179,5.1358556804664,3.91684975257661,4.72478819659185,4.20695741350676,3.84198339500128,4.12864043666626,4.82517322841138,3.5117258305517,5.79354347231733,3.93487014173075,4.94208419544952,3.31597068149216,4.18597858022488,4.63074005366863,4.2457633039141,3.58067431015055,2.56872129553558,5.51926813600865,4.34922826392172,4.39943264426953,4.16091272926635,5.29109396141946,4.5908754923879,5.4024711651266,4.1616345476148,5.62414217780505,3.92431953274919,3.77334411785946,4.73014397485965,4.16325993544073,4.11179596563224,4.59585816372611,2.92753412252432,3.815291742026,3.88126283146476,5.18291915144798,3.8003357766736,4.20010324826268,4.2497057576331,4.7556885283956,3.71733221436858,5.04792925930552,4.42362848718053,2.86918772329394,5.24333591280655,3.70943769629833,3.2629825569945,4.07494889226708,4.17679428150613,3.67958936235017,4.43939336597207,4.05647260014395,4.63424063992787,4.12724697079434,4.67652874392516,3.22162525257458,4.57170593887194,4.33235266286691,3.50026045743577,3.64737145622135,3.9967659961653,3.55881995763264
"85",4.11185132766984,3.94476616126562,3.76646486646712,5.58458747066991,5.48460644132293,4.65176088523992,4.59634000213324,5.24123171168647,3.95343666881018,4.67956526650054,4.11528002070428,5.06996730731259,3.77566681335101,2.81807450087624,4.62429014363757,5.54204640529636,3.68812223617391,3.19624228457314,4.52521988465865,4.00046891711677,4.39187582101211,4.08143763720994,4.54050651263042,3.98154694222217,3.81606060006482,3.21949137928618,4.69215237289274,3.61262290921789,5.32012180014923,3.6277623778739,3.8734442399071,4.35230064780299,5.03646384060956,5.23816190175826,4.69973753654298,4.49487260496117,5.25803309437903,4.47675520192074,5.52467356741059,4.33242895648011,4.84591816286808,4.52631598565078,4.05684352163813,4.48103737189896,4.88688747440508,3.96288712405543,6.22219752402344,4.05316270367319,5.25134696465657,3.31394871867922,4.47817040676324,4.95474525062903,4.33721590472775,4.2925215625708,2.88287443504248,5.4833459742672,4.42383934988167,4.93937820755813,4.13761801946945,5.67964457050096,5.01878676383738,5.51743821183524,4.49401883190751,6.52687284023185,4.61766048997855,3.78905072023489,5.00106007398828,4.76804061211199,3.84534766827501,4.62286323394257,3.20772283325464,4.15052878793865,4.15607361713993,5.42144583258922,3.65109325589949,4.77657167668017,4.09615386892901,5.04550649150085,3.82451419936639,5.14363144718085,5.03276579301295,3.03481420104318,5.20901298163642,4.05225104227187,3.24817049255821,4.35268060103799,4.55668563650455,3.84228569346776,5.02422809282944,4.47354866522108,4.6346424482318,4.97622573711757,4.96290078117762,3.75364303459879,4.79475481007824,4.65544163006286,3.10334665331146,3.88842140544064,4.1804021885186,4.34939326552118
