"","V1","V2","V3","V4","V5","V6","V7","V8","V9","V10","V11","V12","V13","V14","V15","V16","V17","V18","V19","V20","V21","V22","V23","V24","V25","V26","V27","V28","V29","V30","V31","V32","V33","V34","V35","V36","V37","V38","V39","V40","V41","V42","V43","V44","V45","V46","V47","V48","V49","V50","V51","V52","V53","V54","V55","V56","V57","V58","V59","V60","V61","V62","V63","V64","V65","V66","V67","V68","V69","V70","V71","V72","V73","V74","V75","V76","V77","V78","V79","V80","V81","V82","V83","V84","V85","V86","V87","V88","V89","V90","V91","V92","V93","V94","V95","V96","V97","V98","V99","V100"
"1",7.34992163798664,8.01978340415537,7.88648137051342,7.37357557464784,7.21736939174749,6.80835436000594,7.71041837875912,6.95725180247262,8.11085923043179,7.70247062608903,7.79639856081091,7.97410907503973,7.41822227089871,7.62669103952585,8.43936777933881,7.78820153982887,7.28517319995895,8.55476939775736,8.08561757348755,7.13881340904639,8.69668975115595,8.10094285920404,7.81657565735719,6.97608046424713,7.32791101194135,8.31362024819015,7.17828202147758,7.43694138017559,8.31356006484277,5.90160590898502,7.256101519943,7.97455625977446,6.97357912557077,7.49152175178527,8.23520245372381,7.49492397428783,7.36051718304517,8.05389803894009,8.44689551095948,8.09486481023357,7.46263010806696,7.25194456769245,8.65092472593913,8.13357876856252,7.61205745935996,7.81967745152445,7.645206849775,7.06916403445266,6.90812658650711,7.86102883819095,8.6247436082886,7.99464118131959,7.60192614913298,8.22719058994799,7.26130942918818,7.39663361274398,8.51824063639196,7.35767171414956,7.55252552861121,8.47934216921015,8.12445549845475,8.38830437418413,7.7831979204031,7.54964977562428,6.85861699123781,7.72908221928612,7.71486789228467,5.91392330523914,8.25513075844047,8.44310615199491,7.95504724224994,8.31613482545953,7.38888999059641,7.11821701857977,7.29929456720285,8.15808030539779,9.10192408504033,8.29519709018583,7.74672798278439,8.48991834655743,7.12343636705224,6.88708156489161,7.86130227066296,8.73563954090483,7.23014301641031,7.37158065846005,6.91636302748406,7.57868633656713,7.39771795877496,7.84111404733132,8.45589380032634,7.5679195372974,7.62724082771929,7.71542325299747,7.78213807406715,8.16743253149242,7.44029448553981,7.32513436265603,7.73742883943453,7.79412383585675
"2",7.31511557257625,8.12990125598288,7.8394483045864,7.46705172806171,6.70748582200442,7.08397777875517,7.69493443885286,7.03466002955565,8.26064215785123,7.21325910724735,7.92615655114667,7.76512516281314,7.12666529253639,7.62716589610374,8.33165061156581,7.66114781464588,7.39623128130588,8.60477774825837,8.06302278768804,6.94836409258665,8.64097044552702,7.81531376633228,7.69806319133631,7.30627700494835,7.76351583921552,8.03130935410626,6.95943876446162,7.6141133965113,8.29614985888443,6.21240036648132,7.15046485297989,8.07798336243139,6.99281491397216,7.66444967829695,8.33452957082238,7.79075411795703,7.22621183303778,8.0835715084904,8.86049225445624,7.76663618579074,7.9138507969817,7.36795695115028,8.55771751295046,8.15694355930885,7.36952950202517,7.77996302001568,7.5974829144095,7.25595147253038,7.0168953101518,7.33364993935642,8.69387731208865,7.82798701031131,7.48882606171808,8.60264700339134,7.37964841456697,7.49217782848855,8.66423542826522,7.43018747736092,7.71957474164561,8.85029068531765,8.09018456672076,7.86221887685073,7.58764257789391,7.54269556784204,6.72950244012332,7.39932691726756,7.7754895912296,6.25112507100786,8.31374769241251,8.36347610390003,8.12632324032952,8.21017890479259,7.00252176325906,7.36420285761235,6.91346760873743,8.15941283834639,9.07795703174024,8.35630902449572,7.69508390057344,8.59986162387162,7.21134522865348,7.33870231497917,7.83773732022584,8.72967834690456,7.10491628295306,7.25959122153103,6.82185523306025,7.22902317615056,7.1064394482078,8.10070117623387,8.75826537583337,7.74041516868765,7.43417047087431,7.63897466339709,7.96435449806049,8.21261279740254,7.53025791081537,7.81854670751932,7.20587168481257,7.91492481138141
"3",6.91901729051963,8.15080264367583,7.75353569752684,7.3508821626625,6.57838855204362,7.4611639146366,8.07747414460635,7.03100475267066,8.58789009132717,7.06147446337262,8.10763500133021,7.52567744765749,7.1071283517307,7.79653104920044,7.84522964180329,7.67262620672378,7.44330474809399,8.37032331757044,8.27901781579343,6.94482356414056,8.80571120742407,7.80713308018941,7.66096994149701,7.62799631465892,7.77379956164732,7.89525427806693,6.84247317297615,7.723055453333,8.24957693672581,6.21760764983293,7.24698551923892,8.15352832874616,7.06091504441734,8.00933906615798,8.25709475293126,7.80788807043751,7.18613092956504,7.8761114638601,8.88520289706113,7.69665666301583,8.23871863462134,7.52133392935743,8.72830307065646,8.25865796988192,7.44726215604156,7.76031814811385,7.41858045883873,7.31694203223821,6.95240977797587,7.39725711030214,8.53616643685385,7.76911313601031,7.45216071098873,8.93692214972088,7.44600431217656,7.22877334736754,8.75516810063447,7.75068013123841,7.88418434323701,8.73932488482268,8.20054816006977,7.39614002780249,7.46163002299032,7.14756711670316,6.4435394685467,7.112752575285,7.6853340323043,6.43882604553661,8.5753884442542,8.54772987690318,8.23701308783416,7.87073394874195,6.97014545939223,7.35717054667992,6.91417967277642,8.39282205613785,8.88913140181643,8.33507621809911,7.79571024600771,8.62384720561819,7.5770444711865,7.33872867099433,8.02306528491397,8.70226711586603,6.89246007366465,7.03404810424641,6.63008915265212,7.35518423694826,7.08792066259835,8.37575762734987,8.80625794429323,7.60499575683267,7.17718455785407,8.02316527280415,7.97703909743771,8.52868124988719,7.30424515794449,8.03164788931877,7.25578946184205,8.08514058757477
"4",7.44631611078332,8.0628550578119,7.92340786456234,7.78141914891241,7.32273439080443,7.70245195162084,8.06587411532376,7.58250007946929,8.26510359287492,7.48291402863624,8.06964788221231,7.87412954445031,7.70523532597064,7.92034432529984,7.81733042797019,7.7882520212176,7.76343325497261,7.99674164190085,8.13453806176168,7.53586543048132,8.31197480316811,7.89839138296468,7.92585354826037,7.93599077545915,8.0232912193201,7.75769770867401,7.53730695812946,7.94323865712035,8.11362008887599,7.2255135545832,7.67044334029524,8.12376823936118,7.52641301624844,7.92521317823233,8.00023821454194,7.97121670221761,7.60419295021576,8.03063081018919,8.43176449634896,7.73532398310628,8.0486478060872,7.68117375180072,8.31001977104776,8.26904467328212,7.71429253178829,8.08009148614381,7.70436770555524,7.77306430497267,7.46831986064386,7.68559937192691,8.22530985311181,7.96403908124086,7.80791138680479,8.5185524138725,7.68228542284706,7.72856516032836,8.38932984530482,7.95220716694323,8.00577057172553,8.44425781315324,8.03574216566813,7.8212818088649,7.69399932085304,7.54211443831748,7.44273179883521,7.52903321227336,7.84364664400429,7.34236628848537,8.31923400892471,8.36009922655805,8.02789231586295,7.88287281364422,7.60479543898479,7.67613617456206,7.51690565751032,8.07883358874737,8.39440891325344,8.09924451646004,7.95194234604323,8.35787414639036,7.86130058268266,7.7585153255379,8.05731155047997,8.21356766889554,7.56387421651215,7.52324747282119,7.54340370820354,7.64254432273808,7.75337297943365,8.22366631339546,8.25544587624237,7.81582453397557,7.7605691791276,8.01304707606451,7.90858841429429,8.27243189117504,7.75426260565212,8.09169571977107,7.66566189069606,7.88392966141372
"5",7.48595716113092,8.19149006020489,7.95549374556777,7.92793973890042,7.71086992543458,7.81191359798153,8.17666188157022,7.7456744431551,8.39712843544679,7.46173431675477,8.3761601854464,8.03994086032757,7.89587128676294,8.04433545072772,7.77296391081491,7.91799831303561,7.51335515818525,7.80889928321454,7.95850494562887,7.73218106055756,8.12832704960104,7.68604751334486,7.65446152901443,8.42751314354758,8.11110239756455,7.76813889756156,7.54302596886315,8.00327506471802,8.05441991051718,7.32483447588277,8.14170148201553,8.09377840888042,7.66627363812195,7.98431198065648,8.07706733768138,8.26950512915054,7.40945414572713,7.98859112116113,8.6393819995582,7.22948578095961,7.90251592025403,7.82586448763835,8.28128270570494,7.92331353893937,7.62991986031891,7.69849417894528,7.73342533031198,7.90235958827697,7.63403602235509,7.48201145425769,7.93719258394629,7.72243775063614,7.8222237187627,8.57818467720784,7.78297024947583,7.71356367224596,8.53039484856663,8.23382851596537,7.73131712313949,8.71052832312484,7.75356130336132,7.69359917678523,7.86397984630936,7.49976577791333,7.31664708013498,7.36905324416813,7.23358999547521,7.66506013974747,8.45260072551403,8.26148380810199,7.79355472824309,8.04162142487407,7.78736594904511,7.47485171421124,7.36227083857779,8.03651049134572,8.45516326888067,8.39203651045447,7.93258733364926,8.10595771562879,7.96325469417111,7.85068665654263,8.44032802228489,8.25754463196279,7.71149437181443,7.35097035974595,7.75510517680392,7.54292019566552,7.45857233172772,8.33795873676744,8.39599550366082,7.77636985751119,7.85999543262543,8.12249700806064,7.8640622685232,8.32964498844174,8.03974367001468,8.21167297947298,7.34551024366571,7.86348653366615
"6",7.25195635929208,8.06864858591127,7.89433576928715,7.79885003088136,7.47674818503053,8.0494948055231,8.36547237269826,7.65966213806642,8.58700017073725,7.53051250396414,8.42270654791285,8.03687135765989,7.3596867602767,7.98932395936983,8.45547852207563,7.59553640602397,7.36976027992816,7.91425001407691,8.0682946402721,7.86295390198241,7.7858084037263,7.92725685873122,7.51544207599259,8.30283198801148,8.35636544824232,7.39009296079536,7.6072855588088,7.5452642710609,8.07688639678853,7.50561395583399,8.1681365919908,8.409730967697,7.50312393734491,8.05180118164593,7.74336798309901,8.65082706856707,7.03300408399368,8.0801173991039,8.77176600381053,7.02265054058153,7.70214911369671,7.79394097034814,8.45806282211384,7.93294518495382,7.27885360668575,7.67331558548834,7.67053152029698,7.73739094872402,7.50673394433807,7.58150916257795,8.1672176406416,7.72068247746045,7.91301572124967,8.92050139674011,7.4086561978136,7.70355153815404,8.78024525324192,8.72974942192379,7.35623375978661,8.81336346866014,7.76175945285818,7.61066187655714,7.64444594386175,7.43503886274781,7.1883610992546,7.22408957323967,7.12536153215125,8.14339919789341,8.91807562131396,8.13673797641476,7.57478181161331,7.82031213585983,7.89349601204873,7.06718932213747,7.42960001423292,8.08898881818231,8.27883890637779,8.13424210893153,8.07081394578734,8.28606861219977,7.89855780086657,7.90708067148725,8.49465788902663,8.19204154636666,7.72227884952363,7.17555736325273,7.77129867897446,7.56543361401981,7.65613766245935,8.32572183109673,8.384675263007,7.82398211838137,7.92996272096069,7.82501066044843,8.14331395730229,8.4616339477267,8.23643405094203,8.49491926029591,7.09531642781495,7.93153845298698
"7",7.20724322560254,7.87108098849468,7.51392128147689,7.69701508363387,7.22337134700734,8.09546250309152,8.31604381325805,7.64304687601635,8.62692044400581,7.73496035630866,8.58777321663914,8.04132572151499,7.1395326418823,8.12812773889245,8.55501864820301,7.41416747704299,7.30924150048656,7.68012305529944,8.34885195710694,7.5862508854328,7.91500402618612,7.87402682010382,7.41739897194364,8.40422224593258,8.66923561310265,7.57613907489752,7.75417384738791,7.56133761403688,8.1967464826048,8.1685130167325,8.43406510290089,8.42532518056502,7.49175155058884,8.31419992676129,7.4411819544792,8.55535526757458,7.21296192488039,7.84386742374439,9.01679649850469,6.70254778201307,7.59574870197797,7.56220200164058,8.30868215825639,7.78879722434954,7.31638511613241,7.95665758222849,7.5439848810328,7.4711061127271,7.39445805149581,7.86347550572049,8.20303732913936,7.94106718316106,8.23063267796353,9.15175244535204,7.05613432578153,7.70577295746285,8.52120901824785,8.76903090254166,7.41754770909587,8.72988204961539,7.72450681116438,7.24099039287159,7.54719168066971,7.42740679122135,7.42459767987871,7.01536705795415,7.09662697049121,8.45033692329633,8.67884754464719,8.16698142693673,7.73625872050456,8.01695156618899,7.92740898929197,7.13476290523987,7.32223139852056,8.16587541039686,8.17095548122851,8.24036706770737,8.0592436036653,8.32011851646973,7.62197848454922,8.06757866938169,8.62520481368563,8.3678395200805,7.32797428448591,7.07935885583099,7.86610429300225,7.46074519085025,7.37173666591622,8.41179700713991,8.48479223784916,7.55915845137285,8.08745361072136,7.97056615675273,8.13683594248189,8.42935010279204,8.40794363826681,8.39057430887472,7.10980531706926,8.16429593865192
"8",7.45552902262155,7.87824929507518,7.70457084422156,7.85557956435171,7.44728976309,8.10775558027267,8.17193450624748,7.68285433807196,8.2571790331249,7.87811681051608,8.22213975741835,8.07837638219268,7.44856767014103,8.01991787947118,8.19823552153417,7.66108787487054,7.50925224072429,7.80555334181471,8.18029856244304,7.62462927616575,7.91293891394769,7.85394041335413,7.45222838164342,8.12404813557791,8.25602800978795,7.66947627474479,7.61717631962856,7.770775741223,8.04659307399591,7.9832705064486,7.94187877998749,8.28648104748021,7.77602078015349,8.08222129402805,7.69875973080852,8.2574489142596,7.50994865646536,7.79090004895411,8.49137284303661,7.22959890562911,7.6248049612641,7.7495366478395,8.14976215364391,7.67712308386699,7.49418720236209,8.14317153136184,7.74813206344334,7.93066417447078,7.65973401872896,8.02427368761928,7.99466036662771,8.09724823856059,8.08990363520202,8.65495773554361,7.47984310255951,7.74998395688842,8.12982849599699,8.43186758615265,7.71405258679935,8.38636685887671,7.73909861681936,7.48696565596035,7.8020126952611,7.83971659094464,7.58181119133031,7.57106321929355,7.58564109910505,8.30435805116163,8.52261243901268,7.97665348250156,7.83202891424019,7.92870459403153,7.83492448507617,7.54246977857252,7.54483989994487,7.96715543721461,7.97814298700129,7.9455814733117,8.08320555369501,8.09194598334721,7.63879878236207,7.90847072058647,8.25580782190968,8.0982771738539,7.46798755216872,7.5532844912104,7.97544983336053,7.7933691108658,7.66685225460834,8.11555619294993,8.0803751753137,7.8382294715992,7.88894857539486,7.93007376139949,8.07631440700569,8.15018112286281,8.17621632167374,8.04604860994471,7.32626335581821,8.02372358044986
"9",7.36272334404882,7.44014197256574,7.71107799921291,7.67241120561599,7.04332319496715,8.14729118875169,8.37262966668699,7.74351980382122,8.5278288485486,7.80657674087074,8.11441946899017,8.31994213986346,7.45157028413272,8.14722188927926,8.19896716892278,7.73997129392951,7.2892092171249,7.38702195341566,8.14916343510019,7.74701671022304,7.762323694096,7.77722217562175,7.44845824228102,7.98457638624655,8.54361649099931,7.47252516987513,7.41214184102256,7.39381014383166,7.85666592362733,8.07216015627849,7.82541624738685,8.06824739908128,7.91583724252964,8.2570771752692,8.02313867481011,8.44671587548932,7.53582041679961,7.74721481788062,8.69833959545029,7.517175334639,7.76057718493196,7.57076305807223,8.02540645943432,7.73962412387977,7.50595174094143,7.97350771941374,7.61626262042627,7.94476430126037,7.7378468594013,8.14039022522878,7.67712466494335,8.2417028230507,8.39131826488343,8.70255851608543,7.6094447830157,7.39720276862308,8.11083904396652,8.41505780864579,7.6058626493944,8.49512976118976,7.35152868473127,7.05983555368015,7.77678502680564,7.62001797244931,7.59688870132889,7.26631841697462,7.65264379264123,8.66368613041353,8.41031003251493,7.94245575025172,7.41227126736674,7.77322882343515,7.81941773593408,7.37579619083102,7.48243630661547,7.69424721582155,7.4091171314998,7.93232164189995,8.13157305521321,7.91244321628277,8.05453047278005,8.28510602881389,8.37717809649971,8.23013172920192,7.40918699130234,7.75820247549112,7.96976102647288,7.74721017887723,7.96764932954475,8.17287659956185,7.77906380227808,7.85853011778472,7.93803630281389,7.85293317899206,8.17069993825333,8.06219831301697,8.18234758694565,8.10251642430145,7.3516599024578,7.84190130739109
"10",7.27339517860778,7.11108014978184,7.66622346920229,7.76697156230814,7.13668989972586,8.46208205726338,8.15723738122212,7.6803191399205,8.43387061539169,7.40868676275267,7.84486591629292,8.11215773122817,7.35107400661093,7.99150542798558,8.09060799703231,7.3170490761836,7.17638029793228,7.31948266365134,8.04005346225937,7.43671729216912,7.49872721043915,7.5429861088295,7.09315138439611,8.5000984862508,8.6976080766736,6.96192697879499,7.55844123090589,7.2894085402295,7.85789064761085,8.38147104994374,7.68285390538816,8.2180092807263,7.96818088681893,8.13047552050836,8.02358420539622,8.41216444190125,7.34763112363129,7.83788617002202,8.61428837129978,7.51263361218268,7.74164358017603,7.41790225146892,8.03097407538221,7.57332192664317,7.66843228159185,7.86173108522108,7.45911548778372,8.3886141922976,7.40535056659956,7.83812867361171,7.79332109638085,8.11051112652042,8.38931498332359,8.75739073387533,7.77074327026442,7.3666958853067,7.9303067591892,8.56108470543781,7.27024499441056,8.5915376656912,7.18360830937372,6.92666502804359,7.54078346888345,7.91988178429727,7.43825427060531,7.09798745387687,7.49606774466822,8.99080632557859,8.22485898053158,7.82456500277218,7.54982432956948,7.78910248220983,7.83521938437903,6.86653964679823,7.14638188786397,7.66559042511253,7.50569571690952,7.74612887532964,8.40102235284196,7.58629573849763,7.93465255870493,8.22009141042096,8.36561888729824,8.19934798842034,7.33808939883162,7.8779917381069,8.17955690667446,7.5835743178792,7.86815750464644,8.16252774191877,7.84213395725102,7.78441149814724,7.64589272429168,8.22631502390021,8.35718613781006,8.06222326116359,8.00232791983594,8.27690231229483,7.70194839209794,7.69529540730017
"11",7.62363800157179,7.40052516129046,7.74314862477439,7.75268732339534,7.40235873360079,8.18523130315445,8.03116462590815,8.00492678932463,8.08545293481799,7.71239499702109,7.97492155613333,7.98635409967059,7.64914075623159,8.06355113052668,8.03016169723239,7.70208722047427,7.61337121981928,7.51639975939328,8.07073957243177,7.56464421215089,7.63431744249442,7.5941760058466,7.47490932112747,8.15470315087708,8.39976471241104,7.27425575083805,7.68736645143766,7.53099563135458,7.91796113232432,8.29286763922532,7.8481724147357,8.14037041104616,7.94611273678068,8.00644788046388,8.1156568126149,8.22247074540108,7.56401494091362,7.55399208661517,8.3944206716354,7.66452672215307,7.87415996315986,7.63273633802249,7.76881030284731,7.8493957207847,7.6380450469478,8.02926625720641,7.62094669997626,8.11111223972363,7.7698645351016,7.80025118441142,7.80343171203821,8.02546618057878,8.29985392661289,8.37512947796943,7.75986959721917,7.38738773315989,7.91031616018321,8.30518329549827,7.46869380374889,8.38287990848362,7.46162636428943,7.29705991447974,7.59129788341254,7.92259219217951,7.7382010510402,7.41216425271561,7.61980377203876,8.50677513032887,8.1646650907696,7.74744164729462,7.54478575563102,7.82592273832983,7.80222249270637,7.21488983517667,7.35473919513824,7.58287924423738,7.79660780541432,7.87257635065057,8.24577563689318,7.66251260938943,7.96723222539035,8.19254730296756,8.15445738388629,8.09361311492751,7.69867130251623,7.90800647152407,7.89855387776813,7.70227641216497,7.95457422817409,8.00411432439065,7.7403004491363,7.79321728255565,7.68814763177495,8.13167402572978,8.20637813110711,7.98940777045206,7.97880675294795,7.99677231524819,7.52374584944119,7.91360438153404
"12",7.49308112222773,6.98215154471095,7.71415188591506,7.88914561705348,7.33316404010703,8.09961721728062,8.23295507485315,8.0783803782144,8.01446336205011,7.50023690236142,8.08656679223108,8.0974125536663,7.43901704992793,7.90205061904739,7.8304058708435,7.55228482353502,7.56772897276414,7.53050749974903,7.77268576154046,7.15125253459233,7.4993685864937,7.63953709003359,7.53685127599978,8.1202174893815,8.59919977780142,7.27229786692738,7.6688943644467,7.57826974607759,7.93703265930838,8.55722872241644,7.9566472902939,8.18165037742941,8.41471145430096,8.01065823872678,8.19118746787047,8.31517865970164,7.52276901485108,7.49823744614991,8.36429857720677,7.88363898301253,8.02914644938561,7.65591658419802,7.59804726446193,7.90801906081023,7.89015448489397,8.08787521716791,7.42085111097522,8.2948011847715,7.65349731233859,7.64572750465438,7.96888708285911,8.00724608139602,8.37870941528897,8.71757714191279,7.48456376353229,7.2763676916347,7.77210250125225,8.72352986854313,7.30001772764499,8.29487995078788,7.28713655864734,7.44421891367755,7.1855736129877,7.96960087812577,7.7342857289252,7.42443708924146,7.7406611505248,8.43153334182156,8.34384655629806,7.56991853365588,7.93733181349453,7.53582007823665,7.45086117809583,7.11485373923367,7.3230872308151,7.55270893143215,8.02608010318787,8.02683517189818,8.20524868316327,7.31001080675382,8.23339006956355,8.11257362044751,8.22947078042196,7.94175266586157,7.35879797146503,7.92357152556937,7.74326475289981,7.67484822330058,7.87120484723739,8.05010988200742,7.95547451605781,7.81094915087726,7.96140723590929,8.14560703731534,8.24111440492219,8.28074424367555,8.02488968689908,7.82468218160486,7.13951057279328,7.92364622766181
"13",7.59783105022241,7.14309149313214,7.66013704314535,7.91965355199261,7.42593402331028,8.22813512689545,7.97690314528782,8.0028758568926,8.21382770913374,7.35664745692689,8.08758645677182,8.14965832531055,7.33398641740975,7.74948052823531,7.68931272766071,7.87578683792597,7.7439619842867,7.13807644433823,7.65209966676982,6.92253969325787,7.54353790064593,7.8879404612514,7.49928820613241,7.80759450377004,8.71690116979624,7.33110313456398,7.81461974598318,7.62209806659564,7.95156635987121,8.66961343665658,8.09243082464834,8.47530854848478,8.12606379169772,8.03001715095151,8.28487591259773,8.59156395655917,7.37403609031693,7.15580241378293,8.31291323429979,8.10294202450695,7.97897262982645,7.71507234341979,7.31046126657072,8.12362605989574,7.70768633660001,8.28376615510811,7.12917162966642,8.5629283948332,7.78516063796084,7.78753218553889,7.87230557088195,7.87269643780271,8.60282747021935,8.74478205168234,7.12257170243309,7.19196329627333,8.03709718991708,8.51445112118123,7.12285403482195,8.64726690742682,7.08194284297431,7.30400042878959,7.28826710919268,7.71153878325533,7.58048771183103,7.32204759950791,7.78890743705501,8.13221796346465,8.45578276042441,7.9139555535519,7.69162786803936,7.37710422152683,7.55377090720619,7.47656440849485,7.28523102050094,7.3685620359857,8.03340445398102,7.79021753179691,8.03374524677436,7.2988694182455,8.03993984958066,8.39338252323106,8.27297940188972,7.48946548246078,7.41682815129671,8.05471291406592,7.82038081529233,7.81890533042129,8.040509642266,7.8307881912552,7.92736503195973,7.75945575258308,7.5784390844724,8.30306885478612,8.25506124961516,8.39827659815416,7.96986009092159,7.7726467214596,7.07042224149345,7.82595201834682
"14",7.28030197601695,7.2165255159805,7.44582039317827,7.67950178690256,7.22208125572957,8.36520452897224,7.71010516486734,7.86432418492331,8.18826026396181,7.33661535420202,8.20872878187115,8.19454613073767,7.24700106400425,7.83483798089661,7.49612191622473,7.80178198715802,7.75153997336537,6.98150304458619,7.70738986724052,6.56526569388041,7.3497260189445,8.16728568716051,7.77453583743016,7.34909023352525,8.64575876744035,7.41789754701129,7.81559805141787,7.54043895521051,7.8601044333287,9.02058283778698,7.90196383580039,8.33880091143381,8.38063252973622,8.17281962766972,8.15879355671908,8.70787481771462,7.26340674827093,6.9881610866449,8.2519754175212,7.69399699142276,7.9885320169614,7.8902397540427,7.53013913493672,8.00483941215974,7.86231513460167,8.3531122591583,7.40489223986782,8.45476587523144,7.638739608205,7.59373379178897,7.82919385388992,7.7878701909445,8.631925035214,8.53562849818689,6.9061630563363,7.10620604031849,7.70268853119912,8.65543514793417,7.23222750764365,8.48076638147856,7.1284277678524,7.45606790552244,7.45963132273014,7.88091615386698,7.71515844342414,7.2788080670115,7.44587343834462,8.0329955021185,8.32953547921581,7.97986893578359,7.4888601643157,7.01843704937435,7.63630826070722,7.83250728226767,7.50661654242243,7.40992486803492,8.15803606535349,7.67639921874719,8.12649527301043,7.57358829746205,7.7931819372725,8.40072801308614,8.48094529439688,7.28168236643038,7.4577909602456,8.00926489179125,7.74628636679661,7.85383661761374,7.94829883861273,7.91430401850786,7.8967985717635,7.61836301413974,7.73384284977114,8.44338750123084,8.19694218573126,8.38666683028605,8.01443793427641,7.57916346124744,7.23993073701797,7.91231717198827
"15",7.46031402966158,7.61653670824322,7.5862802455051,7.74222422858695,7.75485006120478,8.38396409175201,7.71041987400907,7.99082681036815,8.16177500907163,7.52118462179181,7.95671298700863,8.06332802241163,7.41304923050126,7.98118371423719,7.87502472188191,7.67518181661748,8.04158195844712,7.35640971918317,8.04313701167816,6.97735194855962,7.68760907023274,8.09081967860839,7.82624034943113,7.72456560023064,8.35078067454901,7.47819714741448,7.81526787147832,7.77845650206326,7.93429718322634,8.73697122592973,7.85666832657167,8.12569250987452,8.26802568211944,8.07126355561136,8.0753045439939,8.35140253436401,7.55686066238255,7.54909353900793,8.05347528089028,7.73524202345178,8.06359204692154,7.94200846278577,7.82086842162821,7.80962375619381,7.8701637145142,8.32427575452452,7.60084706343507,8.4432956357954,7.8459363880411,7.49577077201003,7.91942329845414,7.86950401728767,8.31452331079647,8.32708076606251,7.61770442687381,7.41676521769511,7.85245338591165,8.43944770340018,7.72268601743882,8.16600134318733,7.59571005666086,7.89650431706144,7.65626099149764,7.96679410389601,7.77997982239152,7.58507513468353,7.77124578089182,7.96923647552423,8.25863928669389,7.91866505749071,7.72685488250442,7.39305867065924,7.81680964559699,7.94389854504565,7.78530618198713,7.62330435437946,7.90668815937252,7.76995615191349,8.14642270278976,7.80393083365615,7.89782624340837,8.22492041576794,8.40727847722322,7.76560267433833,7.72700853648075,8.13059234956311,7.77303095024572,7.94732612478618,7.85346540247979,7.93534763552505,7.87095709607928,7.82097612682947,7.84532164787,8.13857425301737,8.06604354821215,8.30568575637187,8.07113475500657,7.94711056795734,7.45531054814825,7.87453051034814
"16",7.47214635140848,7.69644470408611,7.45860062416458,7.60364534640305,7.69733642825554,8.11315283510857,7.9232545976843,7.90390105257575,8.11085309745182,7.28057413986927,7.79146952294448,8.07503446167206,7.2074969591728,8.19450417080063,7.32171445006738,7.57013374931907,7.97867536885935,7.32744464928878,8.08024417046379,6.50745282501291,7.41292629016046,8.09480554767579,7.95612432322893,7.66891162172137,8.43195105084123,7.33440508121784,8.22470918742916,7.61529804916268,7.88376048834306,8.72832443475227,7.79225598820038,8.33289330114626,8.1835223305326,8.05644187831536,8.33236791508062,8.09160948324906,7.39280150208488,7.31287468840279,8.07011297686832,7.66437615966585,7.81645463922334,8.00289454998778,7.55197350785441,7.85070825138988,7.92113872285143,8.26705104575113,7.41868341183036,8.38377030849617,7.83808933722056,7.31558191305092,7.47694885153968,8.00340475394487,8.4817184084609,8.52067712628345,7.54243119414502,7.59258966037673,7.6226481591007,8.64085008025533,7.83261807513657,8.0916161964087,7.35914037349134,7.59732297876168,7.38892911549863,7.89292834895831,7.8774180457324,7.85758310332278,7.91211335092368,8.10919869358017,8.28649254047626,7.77987900611792,7.81278026986209,7.35141132815256,7.67374955445279,7.92887454714722,7.86297084370906,7.11199728460885,8.03039323434522,7.82326914536296,8.1509729441973,7.65822432615639,7.98276840312524,7.94300482213092,8.17184533166576,7.43129124195296,7.2387719041606,8.29423233158559,7.764751860291,8.07729068879571,7.96587972982307,8.01865456831322,8.04412687690659,7.90350353146072,7.94420895400087,8.3781162697168,7.74670232537622,8.35852831418747,7.88646340950388,7.89988292739492,7.73907194284241,7.91709585754192
"17",7.34408516115181,7.81235701030116,7.52138902040536,7.12117215107678,7.66195670511264,8.01771336713045,7.91000946893412,7.94327094543858,8.32755196620642,7.49251928512643,7.85841414939334,8.22229515424507,6.96901896614375,8.05276585199561,7.36004938863082,7.55996654223021,8.14685249213267,6.99504791608669,7.89780304613176,6.4728169130118,7.53658731531715,8.29956906180538,7.94539414677561,7.85766156128594,8.40738402378558,7.0837897154178,8.20679584775785,7.63326506673211,7.57987223085816,8.68644158358704,7.72874222213187,8.54639179179883,8.03372936940789,8.0324330151744,8.42256421943663,8.13811372611485,7.43239903455367,7.3006257381305,7.94988536898053,7.91359742789533,7.97561431487954,7.97256025220042,7.37633473693782,7.72306782335328,7.99269674340203,8.43121437679567,7.72545855589201,8.63793164023646,7.92966335799541,6.91305030873205,7.47147664689123,7.87666112841261,8.57227494763803,8.54861071560312,7.31090105089059,7.75470246129148,7.41367057080628,8.70197414854595,8.10430901039862,8.22302700409006,6.96186497343619,7.78108223782336,7.36576480076456,8.10126564243023,7.9198466404027,8.05722397071448,7.81288147865353,8.10965369283596,8.48670954373316,7.91416760391211,8.05904745745757,7.38583974111277,7.59859822070505,7.89962588688994,8.20351190111148,6.7628313163918,8.07988791159928,8.00779572533175,8.26097094825365,7.43011995967693,8.14188762430076,8.21081675500078,8.40350242025657,7.3045474483196,7.07494273208838,8.6031973458526,7.72378263544119,8.27718317937764,8.1104096688778,7.86832119010828,7.67289852476284,7.75258273003146,8.33968566443805,8.61701698450597,7.7587206760986,8.30465308698314,8.03716486875084,7.83629544980079,7.62626888437024,7.93174806986627
"18",7.38809001174984,7.84665262481163,7.26034053813091,6.90722581355014,7.67201957828844,7.85086046758652,7.86415279502598,7.80136935554744,8.04905986840962,7.3519148585336,7.7365796516307,8.24944420982666,7.02663193581936,8.03183757761813,6.82420225760929,7.62104446241241,8.3185176509909,6.81561394725165,8.04142885848503,6.41087431831673,7.6197327762941,8.25860974615185,8.08052862153021,7.71809616176261,8.44408971627847,7.29437160471316,8.37905587027875,7.96272808620933,7.52611209076806,8.71456158836176,7.62787557379754,8.44664589046813,7.85771400210058,7.69287082362546,8.39221966400766,7.94252660214842,7.83463510586355,7.15525981343366,8.25773872633647,7.62273576514229,7.79264075078164,7.8524451666369,7.13270635521294,7.58434512357701,8.05040948433457,8.46644319636942,8.050004850813,8.58849585908595,7.77583531818952,7.04639255968665,7.5453613158663,7.71558525993262,8.70466899249524,8.78377020548986,7.36989939649217,7.83777245570318,7.17860130034297,8.93092427064195,8.12170978676166,8.06689375021104,6.66791465732593,7.67966290674119,7.16466458289254,8.18689884799426,8.07536389582161,8.03151345678053,7.98406885507571,8.04640808733849,8.94085293530658,7.73236067768649,8.26025609178977,7.22965818952152,7.58175250952709,8.29415703453927,8.28941332127348,6.57464339181237,8.2586783439855,8.15406677243031,8.32730941014119,7.55474560653659,8.15087364540426,8.498745990054,8.35627004648169,7.09298173637549,6.64056731404162,8.39396427849218,7.69241229869085,8.22375398602118,8.31477052845752,8.03648955285269,7.54043322931051,7.91931155008132,8.25277838487306,9.06470651630043,7.72608628226275,8.32578633037666,8.22452236429446,7.81823521251403,7.43723952140313,8.00207525553489
"19",7.72841205051029,7.8533461919578,7.29346833321984,6.73514665682391,7.82291087150425,8.01207581274075,8.1506645272018,7.76667755165964,8.10121751778019,7.3970549143108,8.0016712301921,7.96850152184055,6.78359806588451,7.74843184278398,6.31731228857184,7.40182352772672,8.24556693222353,6.6088682345065,7.71687907089111,6.57381220499184,7.5572148200095,8.17664475021536,8.19658557381954,8.00043919633922,8.54420986846873,7.06192978119523,8.59964031294942,7.80126656055423,7.60727066218262,8.83360993742431,7.71117627110565,8.66613686813147,7.74910853676143,7.34931447757753,8.01721417578353,7.89688710024871,7.77156920637283,6.86398457812913,8.45876175310536,7.56656899259932,7.82326100418801,8.13953170838288,7.03366097997782,7.27776566475098,7.92008863464136,8.35442277764376,7.83326439604814,8.80855609148726,7.74023498710922,6.83076063789305,7.50460536782255,7.66060323211734,8.37045231456115,8.76387023765418,7.41610745642539,7.69530902238665,7.20364708263605,8.81578877821123,7.79338598925327,8.11736319218982,6.72379338381774,7.39660870490461,6.71415352453927,8.62240715322025,8.21910105126486,7.85863122310205,7.98502485298012,7.97693215472695,8.96592677965046,8.04068800703329,8.39996882449304,7.26374817293142,7.51937087757126,7.98359092617612,8.2743202383993,6.27359439855531,7.98119756557452,8.1904091481766,8.05535747781989,7.2112895686229,8.22238933407757,8.55547854115749,8.66266050522955,7.17614993089791,6.75818828471487,7.90008601817406,7.7329282708389,8.17012903858784,8.63056921035712,8.15217763503409,7.46616916893102,7.80663854492609,8.2548392363218,9.06835551223553,7.8006438958973,8.09725444909144,8.18439299219184,7.77862202364459,7.24422635823742,7.88396936650912
"20",7.77627558968478,7.79552006670844,7.28250926129166,6.79971848239909,7.68213523235202,8.21513146085112,8.49153083156485,7.83527646459041,7.88712947746026,7.26739090735367,8.27415302438859,7.59557843397247,6.56408125955784,7.7796362170325,6.44679562570808,7.2387973622946,8.37852328700353,6.64897646635794,7.70977562443474,6.25959270603906,7.65305783446377,8.0985191291238,8.27904494389606,8.27596920257997,8.59939350066211,7.30625617199267,8.52078919168616,7.96485507162192,7.5658157691745,8.96396273213067,7.87170849418569,9.00855478080397,8.03660188840759,7.31060884809543,7.98472297363741,7.83506246028036,7.82045107541852,6.69114441497425,8.4835244226968,7.27644576238154,7.74334862965355,7.94769716528812,6.55025327675287,7.33120222859159,7.73236314194537,8.44003338409918,8.2122175414336,8.80921472239057,7.72759505158096,6.7862559076686,7.30041409782317,7.90271329357744,8.29495645831076,8.25565810308425,6.91590473615153,8.07715940640475,6.95062790486278,8.81857922902097,7.83330141311763,7.87415559866392,6.46167810439331,7.46398393846369,6.60762398422501,8.5718230063028,8.47234059489685,7.76902525854936,8.03672828426389,8.00731644073845,8.93813024126312,7.91677840209853,8.41309860120163,7.2717785651797,7.13020833941259,7.9598240792043,8.34547354285063,6.30000993369407,7.87196310734329,8.03771148719526,7.76567331166556,6.89434573912718,8.33057139181346,8.58984505546555,8.96661195993541,7.23769280358573,6.72250950999483,7.96610665528565,7.57151581116883,8.07061758404759,8.85373809754478,8.3380319176377,7.3711441259717,7.70093873433001,8.44854726582123,9.4117859282492,7.48705734683388,8.00135404150474,8.07910125323886,7.95827441234089,7.33100216877111,7.974289123528
"21",7.61233828402059,7.77231348525039,7.1302784699392,6.69719507211491,7.74302111177384,8.35302175282697,8.47743992718932,8.09125483736037,8.02180569691159,7.04990964860542,8.41107595645793,7.59482790825314,6.50921616618303,7.57321555535647,6.34840063153006,7.33903224236905,8.38956429009673,6.51580386867853,8.04004824321363,5.98437533303612,7.51186837065696,7.78082137926048,8.04257511310771,8.26257679238644,8.42589074792135,7.17694630425783,8.72273140937099,7.6382175182735,7.622385192073,8.93825139721402,8.12449343602006,9.06681598645099,8.22160705592675,7.41433724166418,7.84810262731292,7.76464256265064,7.97146057958771,6.3550309150193,8.34134083513879,7.19011509498081,7.97439826626771,8.11098443114375,6.29475067649059,7.11065083173192,7.51476517610547,8.44253609477398,8.45370569142389,8.76065658210342,7.74056933343879,6.59869125774664,7.16381442921694,7.70057871086506,7.8389211294656,8.01302712504253,6.51452067956292,7.88973558791302,6.80438128922431,8.66914007768494,8.04001125025766,7.66846858743763,6.68598007157188,7.7050415063603,6.65740958088786,8.63953663799533,8.84624456112256,7.67994921204285,7.86419976946817,7.55615976236651,8.77714443620815,7.89721740131005,8.37966241670167,7.15367978710923,7.47383149575245,8.17197720961919,8.03082922563649,6.2438180651998,7.90251109550037,7.87113689680998,7.6358530861881,6.65736582549636,8.10969059880239,8.53286374339427,8.78248087215132,7.15032723247797,6.45843280768869,8.03850460055828,7.58394268706893,7.81935594773708,8.62483048026627,8.4928194225667,7.12588430527139,7.66981143202833,8.48892446532391,9.36396208502926,7.15244329157944,8.05865310683796,7.87386002013868,8.17559938663084,7.45738006342357,7.84794042436967
"22",7.71039112929228,7.77227049863753,7.56069893162631,7.37779663890083,7.61675404886525,8.08615780329863,8.1141523652625,7.95888968273794,7.86401628530924,7.51731073386437,8.0342215358387,7.68895283817201,7.40647911730826,7.72464978279908,7.34881990310337,7.65676080998293,8.22326895886843,7.36412716743042,7.92600439442106,7.29266571275653,7.55197731282522,7.6982552930175,7.93148953923976,7.88879705364363,8.08444773787554,7.59521082846915,8.08601910735486,7.65759998237156,7.75489964735835,8.31841943759015,7.97514737221052,8.34595350924452,8.03015833880124,7.6632046289043,7.78700172496658,7.71091264857677,7.78031112075881,7.23508351514558,8.11957183383849,7.61357216402962,7.9231713047591,7.90176062201441,7.27902777973538,7.64153949534312,7.60161165995168,7.9919928263946,8.22228799272509,8.17808173660943,7.89461581663704,7.18139366836225,7.58385948017443,7.6361482044291,7.79121423449321,7.86247856040616,7.35732635373389,7.88538019187151,7.53397501543644,8.17308903076116,7.88138039839918,7.80386845560106,7.48880599268694,7.8068348928236,7.40256178984227,8.17813047782303,8.19153016673566,7.72593756886151,7.89522225959375,7.75365813249871,8.08064646201134,7.86346027500636,8.01792894341678,7.57768845761176,7.64113343884875,7.97084926610384,7.98861147973162,7.30704084522497,7.82358312215726,7.88898192304962,7.95685785401223,7.35537901670586,7.97455937006319,8.15638730329222,8.20594863495758,7.34315693373595,7.40610484736912,7.9265223536335,7.6470488121101,7.88715233981537,8.06373493054748,8.01858188228082,7.62349602470971,7.84753894647527,8.07142929297129,8.41039810367738,7.58251268505612,7.92417586516994,7.91667749238668,7.94788703464648,7.72017539701822,7.75103949759069
"23",7.99694084137275,7.60990031539136,7.28454478111587,7.51681723467358,7.49930366627194,8.45082601568403,8.49469500236808,7.97349104912144,7.44976326828167,7.01574503798541,7.81976186549744,7.87376371961721,7.05331082731763,7.44213137264412,7.24988607271341,7.39676937216673,8.31197082071175,7.44343120370475,7.76521225527957,7.56057786992344,7.2335322669343,7.60012172790217,8.05575069151103,7.86839114427685,8.08563158545498,7.40533192505804,7.95784102271422,7.86011760068698,7.74318973289088,8.63038109953529,7.75442865429171,8.33988238280533,8.1688801488292,7.84540139194028,7.8042880683013,7.3090148486224,7.74270216546223,6.8407518052288,8.15628509664235,7.53817137660661,8.05730304361421,7.82610951068936,7.15401286957051,7.60277190279312,7.52939517127134,8.14880864577973,8.32432278911528,7.95568056636259,7.96939404730798,7.04465993688739,7.55555681324529,7.56322759067464,7.62354297678997,7.91498628728061,7.22606507380936,7.96679278060893,7.74905442648581,8.31657478341176,7.44759806650077,7.91001036585992,7.43114354417853,7.74359154179915,7.27114122756977,8.60216536243599,8.32774766399672,7.94402913819861,7.82034525887721,7.58123171692019,8.04289990765095,8.10334862901419,8.07311630606574,7.64864197843274,7.71419316038418,8.12890150439198,8.22345675081243,7.21563916252371,7.98815208684726,7.96348327842083,8.02446785926417,7.58595449249269,7.97869001807472,8.26204592595435,8.39934483020777,7.14514943527304,7.36429350391135,7.73091296666802,7.8481580793709,8.1760208746208,8.12111443393857,7.78903478775368,7.65449911121718,7.87853234006679,7.96727121585509,8.34448864667615,7.51534433532272,8.1942036450956,7.60749891430505,7.87329378268306,7.49815088393549,7.65766079453679
"24",7.97953575347729,7.745077825234,7.44260053931103,7.51775093404422,7.25401037506927,8.48189092229721,8.6761646265793,8.29142415359635,7.11834795574384,7.21024575176188,8.14029275354175,7.80082260430078,6.78169304528793,7.65852065827668,7.55081400734358,7.34744448182885,8.15074824024043,7.50315875800723,7.75074979345762,7.5030323733838,7.05590411477352,7.46458029201038,7.82217514526724,7.81970740923863,8.40456758773768,7.48962206146336,7.96866712040558,7.9907848779918,7.79781024980459,8.71423336296468,8.05140233995792,8.15272163164612,7.77880865267509,7.8895539260113,7.87381282673857,7.12110475564219,7.89033999541158,6.72393613467927,8.47318328602994,7.31057385630676,7.56819083503604,7.87489544155721,7.05407718771304,7.80266212392868,7.22130091425651,7.81450069961967,8.75054898693851,7.87067233474437,7.71668348847563,6.98711507500576,7.78112452864854,7.59489687247863,7.63232804525866,8.10904839299031,7.45055451723893,7.83623469017667,7.78717983456947,8.15143331192417,7.24001771747508,7.75950303816676,7.4308383051954,7.79129940443972,7.1104543726618,8.47549186234471,8.47672171274564,8.02893951669481,8.13565890129673,7.64018525491144,8.03765677832745,7.78618924025018,7.79034760782503,7.30514878758933,7.81721202005755,8.22065690908106,7.84978328791212,6.9596453628915,7.61420973934756,7.75368946161719,7.97458074337749,7.47203746105149,7.7840465422659,8.59388398626654,8.28409400585077,7.43096453170823,7.22265266592464,7.65930330353305,7.9613147991771,8.23250983543133,7.96499853415248,7.80665840869982,7.42360234997016,7.77312985560197,7.88565434511156,7.93638205911276,7.33445736300433,8.41306314383776,7.27460824204054,7.69010202196942,7.63666812999825,7.53038958580109
"25",7.96974514119894,7.83412248495307,7.34456423370421,7.59650782418481,7.33238776322391,8.70414643899594,8.52128285124678,8.26012302183995,6.84756542921577,6.99474010047449,8.16289380729702,7.68609543849397,6.61405995317042,7.5526149659127,7.42049796232221,6.93337455135973,7.92145361112958,7.54301689521421,7.4462358194172,7.35859379918623,7.23520655280664,7.31783802180914,7.82499586298047,7.73308709672363,8.50573887213725,7.1810577094031,8.10399725454415,8.12316623705301,7.69674923908302,8.93121636224454,7.88325922448734,7.98337806054723,7.77641436266027,7.99499572713663,7.82596730004667,7.2572739857914,7.90132905647945,6.80032062793692,8.44473191104796,6.83710797409958,7.28238073992338,7.95212583103433,7.08361997206012,7.43779961192646,7.10657764742256,7.8277148051917,8.68483663719668,7.78173292771805,7.50711337192454,7.10699647973521,7.66701503149144,7.54961627676564,7.47155603678492,8.03720765659848,7.41099984393674,8.1204751037723,7.39075190408109,8.08810098525539,6.99417241772987,7.59140119335231,7.79252472138158,7.97278598338345,7.09236209536162,8.40287093226666,8.53319527879006,8.1097649255133,8.29727583072344,7.59383401583383,8.25679713391401,7.92031681814255,7.86508972866145,6.996736796659,7.76656816236133,8.41729092556141,7.8112173635783,6.92968757752659,7.30652661340905,7.66675649943945,8.02175399781418,7.28101928931656,7.87707751551599,8.53496280274426,8.26878483353879,7.27819213903611,6.92658621293232,7.59424536826539,7.9980910344755,8.11236098018865,7.66175904950649,7.85162848231759,7.59886534275647,7.75728033297658,8.09951382117117,7.9470407248115,7.55332493535318,8.36439983626158,7.17509010539268,7.68251881406237,7.68597237696422,7.62358753010543
"26",8.15773916810115,7.64246297488383,7.43403761427749,7.98879740431914,7.32064922490574,8.53480076265203,8.21374376372479,8.35134387997895,7.15951219273823,6.67114745189398,8.20088359719515,7.77765360346086,6.66991545841586,7.55241168707751,7.28630287234351,7.04844994796484,7.50727647283028,7.53730115817964,7.25082745837532,7.04733622251804,7.11316949840462,7.27950202450446,7.84635931772813,7.75950617277474,8.29291848669656,7.52119589690844,8.11522838159948,7.74502887488215,7.44778229499416,8.97265884908879,8.09620570422139,7.83330658044897,7.9174433138926,8.05155527350133,8.07532252744746,7.28297449798527,7.83678912979268,6.98762624177289,8.27250835203077,6.5277821763075,7.51430452042267,8.01325919599238,7.07024564692624,7.5506114602877,7.03332112072552,7.74222867129561,8.45963263764619,7.95295051700699,7.35606711610364,6.95177808630113,7.31476593779238,7.6504612952735,7.33615436148708,7.77122912981218,7.54335026296004,8.21610504661378,7.46296824636946,7.97522208185867,7.2453785290866,7.37335322249196,7.87250776654153,7.88231588410245,7.21984843002001,8.57284030346875,8.76493290644109,8.08544217674287,8.31418641187929,7.8130296858449,8.07530567571702,7.60588447435719,7.79680050763734,6.76319973289423,7.45973700958541,8.18051854527532,7.98314684918989,7.16992828377583,6.96377647393504,7.61257549530598,7.88432617167793,7.02648075097233,7.61875077723422,8.30462367764187,8.49267719935215,7.36799278997481,7.00748874610649,7.54732656762338,8.29365369043249,8.12695494990362,7.83887869259701,7.70340035597174,7.73025922201896,7.76944425541331,8.03789221311021,8.28940562426533,7.46864924738836,8.33684375487104,6.96063481264915,7.75480138631007,7.79887722681289,7.8114153654693
"27",7.97689746337241,7.67575194144202,7.36943657887525,8.04318233497932,7.3627263735426,8.62915411602356,8.29119064275919,8.27404322966925,7.17330443990229,6.60872389646461,8.1495903711967,7.92618331812188,6.56777488354615,7.65165814950021,7.18516346464468,7.14312244797104,7.38041578707274,7.71400918434645,7.2516792229343,6.9517791106806,6.88273126514064,7.60170411428978,7.73464800256879,8.10439077031486,8.57870338412337,7.51745229041414,7.98522290520227,7.77987083549965,7.20917411829405,9.22998244517961,7.92484184406222,8.14887677032762,7.96866187749044,7.64157439303507,8.08795583661546,7.42006377685266,8.02524708126643,7.03595971031587,8.30428970125477,6.34001728224995,7.00562375558122,7.90336224677409,6.82786753653898,7.55448654427424,7.18760958925558,7.28896660872356,8.62645089099332,8.01769378828346,7.26713477363126,6.96365923076516,7.18749416312043,7.37628036374219,7.17554748370993,7.82968265141023,7.32520214499336,8.12037959751884,7.4258135639573,7.71403538740247,7.28879852444343,7.10124577804204,7.37157238063033,8.03494142232852,7.33326326790705,8.96046222128503,8.8138399876002,8.16592163654521,8.27505630841524,7.62277000225942,7.9916861211113,7.43418583782764,8.00118497510012,6.97612122818934,7.10978277008036,8.35255961814815,7.83767873935146,7.21572464624715,6.66026749811873,7.68408057125003,7.94122572267827,6.58262732624196,7.80118625855578,8.23643261353761,8.78370491326833,7.11295150851119,6.87856243886918,7.78660435717608,8.50594403885154,7.97219954254446,7.25787563106574,8.14672273284703,7.69506045680197,7.8641413043562,7.78616032356664,8.49595171278053,7.55827852767343,8.18689778517038,7.09213297585879,7.58428234366411,7.89225886540429,7.34256480281393
"28",8.1136965880361,7.1361044774581,7.4444111849474,7.77968423142718,7.34702920412058,8.8599491434987,8.44470170357976,8.06814690808274,7.41232992984853,6.72985621566844,7.85009430253211,8.23970316274289,6.5525829337074,7.74080027682572,7.29874062903125,7.32936888852506,7.08155732220648,7.59565855581875,6.97557454388005,6.78432559530203,6.83008232325179,7.33611231693906,7.52680474675362,8.06130586497525,8.59526454669664,7.59747089657087,7.59405925575946,7.79970911037292,7.12543245371149,9.29245625673827,8.00227397842069,8.3573463503702,8.17847533056278,7.79253047934426,7.95787989762793,7.44263145695814,8.09832485280367,7.04116302174339,8.31135512576189,5.96766074390668,6.75762383688236,7.59976032285351,7.14673862498967,7.6115353686843,7.18622727082863,6.90474125553893,8.3602414501879,8.40100683096976,7.25730962880667,7.14742149324744,6.91916668137723,7.27606034683116,6.98451633534189,7.62290152485355,7.27271466492485,8.2351860428615,7.3788147537286,7.76904820972836,7.60802992795299,6.7768447115708,7.11506697805007,7.81301894501427,7.31637963388845,8.82741452685958,8.59401190529776,7.97170821906958,8.22721805973926,7.73564921257939,7.92233060582067,7.39100781213913,7.9141347526848,7.08486984233715,6.92818414949367,8.76665056661034,7.52125917666637,6.72067275814891,6.30010101057151,7.863763206951,7.70378698872606,6.64537985200635,7.80481074817086,8.43987188262209,8.6833538220193,6.75019383596631,6.67805748354929,7.88820614152207,8.81516890004383,7.96966841825438,7.45592928728391,8.00909597950895,7.681965470376,7.72148806511007,7.83238443230613,8.40102229713064,7.67600406283884,8.22561467833955,6.8021578120463,7.74477388214126,7.66465956729713,7.27490517849877
"29",7.79900549513909,7.50447048087635,7.54054792831743,7.70953906602233,7.64193058763803,8.09079483818931,8.00049296617997,7.71776277063544,7.52001331502946,7.14259151875377,7.86069392988799,7.88611490671838,7.09544091150507,7.59022453884876,7.4056981172543,7.52403762804497,7.44687124580538,7.51916872732711,7.28415246910608,7.2660441370007,7.23274714834491,7.50852820517161,7.59188431628462,7.77522948805448,8.17803015851993,7.56173684563339,7.5719885451939,7.7721589478565,7.32180304394659,8.33614383329977,7.92687934342009,7.99406773697769,7.99390567339579,7.72620610719072,7.75450609281715,7.52707659438979,7.95935359314097,7.31025056136094,8.01152504491775,6.95388945921916,7.30660791868543,7.53085986728076,7.46595122883942,7.66993105787813,7.4426380796827,7.46373983517043,7.86710685681612,8.0440895710644,7.49713889920833,7.44674584945746,7.21571780552472,7.41875150554167,7.39847743102911,7.75333908493831,7.53601813196051,7.82886643980021,7.5942236137151,7.73655746613878,7.64949411701804,7.31638545668017,7.32212133955584,7.68603164102994,7.57069731192072,8.26492828869124,8.12489312576123,7.7891513748529,7.98868361534273,7.57419536233177,7.71511626133637,7.53977545241043,7.71131956357679,7.33675466235755,7.42082317565545,8.15932026531785,7.46573720192401,7.32718178406614,7.20561358691902,7.82160321543632,7.78835739184515,7.16575187910407,7.61419505413265,8.039338313806,8.00344355412918,7.22970453621021,7.25082239327492,7.73904978260198,8.20646180540518,7.82261791199751,7.55791365202094,7.76049583401197,7.54923340845864,7.68812665421854,7.73166592309962,8.02280767926819,7.63220497440727,7.8543665315209,7.25003516174006,7.64945780905561,7.76675547149037,7.40505816575765
"30",7.6086651628895,7.92057085776212,7.76198868106669,7.60776940549389,7.58226793216321,7.94607018097686,7.76014024549943,7.5473066363232,7.41234074778448,7.11198909611778,8.0721670380832,7.82035509670281,7.0603435056684,7.76630766054906,7.54238846966866,7.72914555820852,7.49947718603323,7.02101324088254,7.15809414756349,7.033139802541,6.97846074391279,7.84009333540791,7.63145625443491,7.63420311971151,8.41556096416213,7.59244551626393,7.28557712415408,7.91389676512273,7.04422102398173,8.16370726036172,7.99536295432643,7.95266525550436,7.99398882837976,7.80496282844429,8.07766345051637,7.16432093560643,7.72751182505424,7.17978201700556,8.10932476072683,7.01874006302354,7.20285115440627,7.62945104695288,7.84769506582434,7.63028500081638,7.0862109397377,7.36703084596543,7.59927277832668,8.06264157792956,7.55296060610334,7.12015496524835,7.25441724943097,7.20968220085919,7.48677222797623,7.63354541109808,7.29330474066671,7.91397133235848,7.60703928310325,7.69677319363409,7.77590762234436,7.57356526211837,7.17195931161279,7.84945934147846,7.68949557653903,8.1762993192001,8.1651523810178,7.65253942263571,7.86911040700097,7.37816526287948,7.62413365849075,6.99135031920457,7.73701657861816,7.22113544474498,7.33297724866616,8.03079952743837,7.38718046311067,7.42992675237904,6.73410262431684,7.55164623987054,7.8737530337465,7.34441607886785,7.81677747431391,8.22392994654426,7.89116654578729,6.64635495987114,7.49618279422001,7.83461393502956,8.07635805127955,7.59842734871091,7.53603401802694,8.08396412706822,7.5392366075101,7.99214899945541,7.74657951337044,8.13597861320479,7.63636895283712,7.72596754375573,7.23478617755,7.86333742521545,7.96546033405959,6.95600058895683
"31",7.63062556405089,7.70584633042197,8.02041628290655,7.52688851415973,7.80456757923907,8.27952595909441,8.10980057177601,7.78324055707521,7.61833599168621,6.90643584167536,7.99583418252444,7.87119602013315,6.54928590968989,7.66378734875108,7.0998382921974,7.57791547648455,7.48267649163065,6.82704990175142,7.01241324232741,7.30478078236986,7.12462468813714,7.82133227759265,7.60457457216629,7.66039602772537,8.73584528762554,7.40410179617106,7.27555626450208,8.26469111020989,6.82008481189571,8.11802655937068,7.77066986671052,8.28274261919748,7.76294909955185,7.69605636073088,8.15937334685045,7.2648548299932,7.57752708609076,7.03999431215241,8.07068965724476,7.02282188925457,7.27859280314086,7.80064934491345,7.66746613497091,7.99003053596296,7.43314509817843,7.58877852949757,7.32446285603152,8.01425517469469,7.44696042670677,7.24118118245148,7.56617759435148,6.99817623573036,7.25800562182151,7.23351507413352,7.0980583943256,7.77729289938113,7.69657861265907,7.60079580622591,7.53105127354376,7.40767594110748,7.13435339371237,7.96082556228469,7.78918401315884,8.09420261069312,8.27963506766909,7.5516145548793,7.97475935046352,7.09728703855689,7.5280217889624,6.6748385826722,7.60830966210068,7.24113341290965,7.53983116071596,7.91365066808138,6.77428158882724,7.57983362578826,6.70558291283004,7.81643322276101,7.55510849312975,7.15207213100587,7.62642619231529,8.14877857381923,7.88981364181724,6.60631828785705,7.57506229075248,8.01581817359769,7.85545752575567,7.63951992540819,7.52249963620794,8.31738262626956,7.65501657783806,7.78807822632625,7.56490761132705,8.24627302192786,7.4763176747641,7.73381340910435,7.12011748069065,7.70039809259284,7.62178480666688,6.66181133549448
"32",7.56163185637035,7.67482753346307,7.89582338433848,7.57288390387453,7.80828113839406,8.0332390849445,8.04063176427522,7.67303813340126,7.69345158411633,7.0621780385011,7.87535371549847,7.8304160168922,6.83289765027549,7.57821630984937,7.17972068011026,7.56643261440862,7.55612548996276,7.03212826770531,7.38093845615429,7.70290218497086,7.3277543896372,7.56311217753818,7.57945707177058,7.64394871249234,8.36653850717637,7.49214822415128,7.30515890464623,7.90247050232415,7.10317767749602,7.93385698191686,7.65359162243765,8.13608955462184,7.72288271638353,7.83195728192262,7.82862669979619,7.50858948130995,7.41080228434153,7.57226032953852,7.74642337274703,7.10701361693542,7.37462785587472,7.87123959108775,7.69878441175382,7.8986358821682,7.36759021264114,7.74653975305236,7.47200216217735,7.72614729709967,7.59866691883234,7.47542768222788,7.50696895746987,7.12247055446666,7.47719131308857,7.42084371165811,7.3097370024041,7.75150544318083,7.64846300229913,7.81334818890288,7.42620198246055,7.54025764774819,7.33508136062086,8.04811280631307,7.61703639135543,7.81491133175101,8.07295683622777,7.55154312235651,7.65575551595234,7.3502756092561,7.54038936783587,6.89062058849732,7.67867429155239,7.22103976032318,7.55010053322306,7.70806694903938,7.30218640336839,7.40223209880935,7.17383789969179,7.64816580170688,7.51150935310326,7.24516440610002,7.75415334387321,7.68809436911223,7.85003689191881,7.02176746963954,7.66260242894499,7.88813168090046,7.71036408264239,7.48031621773277,7.58483706499487,8.10344083892394,7.53291529468776,7.64577222717495,7.37419044711558,7.90802341780696,7.48308593229901,7.66015842453212,7.35749242909579,7.6937350941641,7.67589850289794,7.02474698893408
"33",7.07135735243976,7.66577073565297,7.90759078800239,7.72608619037477,7.90307844404209,8.18047291253471,8.23509098882102,7.61330714726167,7.27042597964415,7.02519148752188,7.71906111667422,7.27166137829115,6.75494814287415,7.47350304371555,7.07503424700831,6.9678578550202,7.53809208720946,7.00757619534378,7.49305432034495,7.70920689504002,7.13560773100765,7.56088594328687,7.77041278841465,7.65510400103312,8.33590302485135,7.22060545333491,7.16813054837421,8.1612577426358,7.15051843312054,7.83980885709259,7.74091625482959,7.82997533866572,7.77011731020809,7.59250445437385,7.58350047320814,7.61554509842986,7.08991113482867,7.7951059787808,7.64046861664821,7.19026818193494,7.56827046610678,7.92734203491467,7.4766308740984,7.76707073084625,7.2957468523287,7.51933526043069,7.47402128793857,7.62286120934703,7.71952121020597,7.3180569054463,7.53487718816472,7.02107155063348,7.86934716890884,7.24794547212185,7.30622379134011,7.79597821311893,7.49730208190543,7.53991131031824,7.0113877997849,7.61372330849807,7.37619016977242,7.80427707668473,7.67050354061943,7.45415033049272,7.77616556886779,7.77133020623957,7.82347471876838,7.26799061548464,7.26152767844672,6.82223018231165,7.62958998065274,7.24958206301436,7.82432567267256,7.65306534528617,7.19281962412777,7.20741455818361,7.20713186123249,7.61503089086201,7.64971619577762,7.02481432535446,7.88948206738245,7.65061120866842,8.01583839929991,6.37930574922458,7.85893491619119,7.96185158355476,7.62026228817807,7.43668024851726,7.38724501668008,7.7341582756777,7.6496281672797,7.64827061865957,7.29366875336763,7.7753513973119,7.3196143623503,7.66870531942296,7.37027296540444,7.76219182586891,7.95134724801474,6.8830078432135
"34",6.62101516587421,7.31859562151479,7.9312794847614,7.32489438373064,7.88454849827787,8.27417615717861,8.17947221754554,7.61289974755047,7.41594334397706,6.88308451575664,7.6244987612409,7.44446945518806,6.44937859829478,7.55058259748304,7.27189775946565,6.98710221914801,7.05911416785484,7.03164928990093,7.43553713799105,8.00625212356466,7.2834762248351,7.59644153911394,7.86325512482352,7.78506702407964,8.45221400374531,7.28397073893438,7.42046082136829,8.22175462406079,7.57196357125299,7.75137328558272,7.4253831283175,7.76291017085369,8.33633725971546,7.1559637264316,7.69354418420615,7.56929290418068,6.84069600299455,7.68336489752163,7.5734130232387,7.19376017005938,7.55633693411334,7.88595039881467,7.065663605704,7.59506655249239,7.5310099992524,7.67970137905751,7.41506887597659,7.2145004703822,7.73308628581479,7.03256345572458,6.98905081014506,6.83544959112673,7.76608676369484,7.50820366541188,7.18585960854614,7.75621678988398,7.85558398186668,7.79461619952352,6.80835642194517,7.51054606195208,7.64556999388858,8.09402046173999,7.54724296480859,7.21982819301784,7.76483652451125,7.71940083227004,7.9130587279154,7.28846683607703,7.23792058722799,6.68269936053781,7.70299578578813,7.31336136036275,7.66893725748621,7.57271216027064,7.12423385685143,7.17819691505415,7.2001107889183,7.39699912920885,7.75154324654092,7.15238441124263,7.58536287396492,7.75125735446379,7.74735581103015,6.09093129243909,7.4356361665503,7.92081975291926,7.50577807507772,7.40512269730908,7.42441290451811,7.86576121717446,7.58474928931146,7.70857783423255,7.00996966870835,7.68977587246893,7.4062851727645,7.45770990644512,7.45730826852209,7.60323134287336,8.14232447729215,7.07297106008939
"35",6.10695270395594,6.90054069632603,7.67565363186108,7.61669522692871,8.14758023900783,8.55819005709723,7.89329846956169,7.35304561457947,7.16889595984812,6.68283506944523,7.50258591203047,7.3136665958698,6.28585361198835,7.47905598086752,6.91469986231949,6.82751458822619,6.92590447390225,7.18629462203835,7.6344769932364,8.02620494333307,7.34368996862158,7.23856838577576,8.00923587877631,7.91677131064993,8.61583642115102,7.05152720548724,7.18591228934056,8.38668925478273,7.45142988021115,8.01854741549885,7.36677616896168,7.91845027226991,8.65498634334886,7.06390076489761,7.7995715159409,7.62482777709737,6.84067431574474,7.94851611143943,7.4589554458863,7.24553106291749,7.43469183331335,7.75017703711132,6.96886501613395,7.4314763307184,7.45899410562566,7.37258575092167,7.09467181582931,6.9569584400919,7.76179570627804,6.44209907287769,6.93229211839081,6.71347119956397,7.82406983901247,7.72959355470641,7.02094103145767,7.84077935672469,7.68814246354341,7.73333558291625,6.5222699114232,7.61964872122303,8.04268816138159,8.14970077655032,7.49307536073855,7.05442224512974,7.51267711503904,7.65368903433307,7.98029923810195,7.37010543159817,7.20383952029002,6.7006210034383,7.83758678297391,7.20747018090979,7.771478079056,7.43331785899925,7.21317517555847,7.26584410621642,6.82005226539291,7.38445789815677,7.63718251432815,7.0909798877053,7.75467827487637,7.70359886892691,7.90961154709763,6.15051930523064,7.31534799103464,7.57762322024274,7.54480819550318,7.5275108381477,7.37949257391558,7.9712961374597,7.63873693530718,7.55891532317994,7.21675507384321,7.6562893476463,7.49793082876033,7.26063927647551,7.43065114320808,7.44952093131647,8.01191032625136,7.10832094686444
"36",6.68119313014563,7.11123427028565,7.57922500210113,7.44045135947856,7.62465724957309,8.04306317618232,7.70222951080714,7.42184954686525,7.33436440739443,7.16833521726591,7.32423913943022,7.31164956932623,6.81374608682693,7.4327076242229,7.21928780575858,7.04723293390095,7.27144751433035,7.32057075537986,7.34703659971517,7.76978304650135,7.53824700549783,7.25256013430678,7.88370500335561,7.80999749902382,8.06282750142333,7.28685816819123,7.27494340129555,7.94874864880586,7.4813131185205,7.86914108922796,7.4217968590409,7.78455967291903,8.14957698416236,7.35372400146361,7.62718912442048,7.37077424171379,7.27531380978931,7.81023603997473,7.57648144092703,7.3517896215944,7.28829421225769,7.50152598478698,7.02722450438416,7.39192340226291,7.44320041648025,6.9656772482068,7.23265299214519,7.08910362191314,7.46139814990119,6.92862747662293,7.1842685598068,6.95294420032382,7.72471137282296,7.67322650058713,7.18176506761622,7.53013396437495,7.52845470836301,7.52344323650965,6.97986461327892,7.52603449753982,7.74671076533605,8.01862467457684,7.62293267777242,6.98849310288558,7.43588617095824,7.41684517406192,7.73617628208858,7.45161377134167,7.22654800899914,7.21309163402598,7.5821445275505,7.31817916419162,7.72491228710619,7.32942735193723,7.39936527184505,7.29542912136665,7.164609511421,7.38406567417583,7.71254637016248,7.19717534110019,7.55499311392361,7.51820895927435,7.68411014324647,6.68344328827199,7.24184050806744,7.47700858630216,7.37412473450187,7.44253092766618,7.42106215635518,7.77003612309312,7.61064536851326,7.51357124271254,7.23857524217757,7.54335803932392,7.49295062243516,7.3721121847869,7.56497444602844,7.59766581104955,7.67224735051466,7.09129815553624
"37",6.52923867163216,7.47626244338941,7.39232337569436,7.51567793936118,7.46920856910646,7.97394105542875,8.12634108103003,7.44376333740029,6.95420382675944,7.27945463607995,6.99868642365194,7.19419002327944,6.89794425728251,7.46706318572429,7.2091059919948,6.83592613124626,7.08314753750755,7.08915298638136,7.27364407234178,7.73523992965024,7.58627152092468,7.10399075420636,7.79183345643564,7.9229731393112,7.86882252872331,6.89151160172101,7.60677317687234,7.97459115350345,7.57731968990197,8.0095733112263,7.25860776598912,7.60560857438074,7.6909095671368,6.99897760893357,7.36522740153484,7.51491157048803,7.11582420661874,7.73966448479582,7.42508613588101,7.438328337173,7.01153285756215,7.36951100366288,6.93734788544099,7.00992244756269,7.54369266133794,6.87295423374939,7.4305695844948,7.31327174432948,7.33021823048503,6.86914341386526,7.16495471804767,6.77248530670022,7.76368633657703,7.46435787828631,6.96122055471694,7.54290781870164,7.50541614216027,7.19575562177892,6.84111108205125,7.28294455768022,7.45234579166514,8.1056695590678,8.05468574677984,7.11743856588469,7.62356475414335,7.59530472455014,7.42095845855899,7.57711216239077,7.12905356834669,7.06746931721418,7.52319546148722,7.37540642794929,7.67640823556965,7.09868877501963,7.20144627058279,7.35909376465407,7.17792151249324,7.24291224745546,7.7077018501513,7.13707684999774,7.3047000323148,7.15209548251441,7.33410877797718,6.62720291142477,7.1258164213248,7.60510599553268,7.1175764296251,7.17403879614863,7.37498140540765,7.68302454098133,7.61482998610199,7.58854191745393,6.92033420071484,7.43195930825431,7.34728824468827,6.9473151158565,7.71624151057539,7.73576051755238,7.66518191175216,6.69546349228454
"38",6.32462943467067,7.64521475494501,7.35574844175791,7.78637066905955,7.99225364008535,7.85435787790403,8.28195791589471,7.04275081485229,7.27167428575385,7.08837062708523,6.8588883828389,7.08352939818555,6.28840432598888,7.3928411733727,7.15147918631901,6.76737282223067,6.89151792663601,7.04843324342758,7.08608925219216,7.82696789725762,7.40955326529936,7.07539571385314,8.08547578010677,8.12586777974173,7.69454779534894,6.99173576876638,7.83623231623555,8.12407440314168,7.73693744211195,7.85543407623674,7.07039284350724,7.52690092727031,7.58507809881769,6.9889990966708,7.35977868328895,7.46012689128806,7.16882240886881,7.44758307913801,7.10554289743048,7.41880868321212,6.8481800294608,7.51682299680119,6.87280695165154,7.17924929327125,7.39930795858549,6.90018282991947,7.59934412122415,7.24250167936061,7.26365793775994,6.33994355576817,6.99363609996429,6.70720886182594,7.92774768015739,7.56618130416332,6.94983512218718,7.53517409116106,7.47936851674797,7.00386923483061,6.93821060512696,7.45353757307235,7.3501001763215,8.19630475190902,7.87940372929558,7.13839736734987,7.78102093673769,7.44128395918096,7.37203761394936,7.56713974208177,7.0728109374465,7.04523982579558,7.39819549263271,7.34578455388788,7.6402143991391,7.31220016678649,7.11501611806004,6.93757930725896,6.94540416021835,6.89760671739421,7.60669020214652,6.95801399078151,7.52413593277742,7.02149357407397,7.23028940656113,6.36629148954777,7.02866664737278,7.50843956192217,7.21829765601673,7.4521460898977,7.43287178526073,7.81648270587065,7.48954995381286,6.88369391390631,7.03053381818695,7.44478989542177,6.95612577414478,6.87061809021049,7.46150721209232,7.8285237462774,7.47022448005205,6.39934960933884
"39",6.28361732299721,7.90291912198335,7.68576515121307,7.78013413256107,7.73076377784007,7.97841752205577,8.60833864684381,6.86794627083456,7.55312155502739,6.89695694840802,6.45098644350851,6.71904728551379,6.50206745598468,7.30830640602613,7.1465720336958,6.36104478865919,6.69443844831913,7.07845533624358,7.07144449321909,7.85731309668825,7.37485832184561,7.33661915663056,8.05873888072758,7.91423036671667,7.46050497590737,7.01259685487194,7.61848975411909,8.16432600010185,7.41132896551633,7.61730609073526,7.21186289663359,7.40699032341488,7.69552843044808,7.32439343173154,7.10381740370539,7.12280847229069,6.94267699658154,7.35713763021893,7.22515444225489,7.23284002669671,6.77672020562612,7.23110330919835,6.81916514664925,7.1545629409987,7.46516116814178,7.08241288087385,7.41371906711736,7.45595297285153,7.36511530205257,6.35231894587498,6.76578891012884,6.59896049769092,7.75036587915673,7.42323608576881,6.55010174372879,7.32059646045283,7.26810657823892,7.25544997740576,6.82293702133696,6.89543146691418,7.05731054994503,7.93365404002751,7.84308061906866,7.07243327758731,7.91770628294189,7.21628281970315,7.31025852748957,7.2994794185427,6.99782529389367,7.11451971859763,7.44403669017236,7.33847985775042,7.55817627956086,7.24041273558193,7.27618307880877,7.04755653090025,6.90945020422296,6.80357199133609,7.60846841441073,6.92202989188212,7.32455331929036,6.93240157108272,7.41118000023875,6.30632321711483,6.72224145645288,7.54044238658835,7.24492016086261,7.27041749394139,7.49439357796762,7.8697681899843,7.10131535685201,6.58636615281541,7.42354962370153,7.38205294099929,6.96971350005811,6.69513020693972,7.43195905701654,8.00711025204731,7.49671549383243,6.39957005411876
"40",6.14462362759889,7.91568042078257,7.35484075248055,7.57442085350981,7.42785863245729,8.05940313699195,8.53002533099547,6.77450352845415,7.23392973808988,7.15947027672052,5.94015028968509,6.85472198405549,6.20511941311069,7.20212583259659,6.68364514198105,6.06552868947793,6.55202704313643,7.27916242383745,7.26062624451518,7.72062841609845,7.5665702250597,7.52411923493943,8.02725423607381,7.33543718447366,7.68632822517189,6.96253613007061,7.36701481269385,8.05886200173594,7.53668475392743,7.72601239303469,7.53311379761046,7.23211936123671,7.81306948162645,7.05390236835255,6.99297408237566,7.03218544303684,6.55360499615163,7.31068602284021,6.67995681250699,7.22604301719925,6.69993661283318,7.17380882189903,6.74959812870709,6.86609273314151,7.22759368091308,7.12756117772208,7.32553422379925,7.31925567549529,7.64167956115969,6.58927653547796,6.79588500213887,6.58268089508852,7.86270649178338,7.4065662860662,6.40059694371037,7.09718391156616,7.00332423078838,7.35161129825741,6.59944924062775,6.89123395208219,6.76179586733624,7.96734052068947,7.31600585607919,6.80894977566162,8.22318337604242,7.11588539002123,7.27899110213887,7.26881662782044,7.0389827036181,6.98457057963493,7.40822860717113,7.35850021659389,7.26348709565678,7.08943982915068,7.28401765533384,6.92085430794998,6.72741502123189,6.66787057371946,7.87482221977289,6.88603903743315,7.22873552510925,6.77678976439557,7.39147151600196,6.38824274188187,6.94772414985983,7.42381439654431,7.45604087806531,7.68856568298064,7.54411601130772,7.60223051746103,6.67719078652606,6.31915804551531,7.46692196256841,7.16123474886086,7.23085532599443,6.57184862870669,7.24133408142713,8.07412005639799,7.110789035368,6.27170020858735
"41",5.50620924940913,7.87498074628372,7.22126285626692,7.65869931428435,7.31667853147339,7.73855914103813,8.21431955811027,6.63095157883662,7.12050475153658,7.02193368135868,5.82165472182366,7.15270717267988,6.3922749523788,6.98887959935,6.59680112390321,6.36015520713613,6.52627156066361,6.94876708702561,7.01381028482117,7.69851243062242,7.71021217382395,7.46777352030698,7.99153921315807,7.17757318004919,7.99450535005089,6.98531013201409,7.60913266324106,8.01759040498355,7.63332806235002,7.57194282250136,7.69229865255038,7.03183160206249,7.74905353704322,6.50727097062727,6.9625008538216,6.84048564243321,6.29710647106599,7.02772862937342,6.35950207275596,7.02272918199245,6.85589763817328,7.24173829091262,6.77260011315991,6.69404808332215,6.92303568877052,7.20400806984951,7.66964421742375,7.39510935714392,7.72330321684771,6.4707981025158,6.60618038109198,6.65771959196847,7.60339891980073,7.11871273030651,6.28256941499288,7.08766208958826,6.90586932979094,7.31033809229737,6.40739219215074,6.55587602920103,6.99492913536123,7.73884113383748,7.20443648026153,6.72257785559347,8.01859523927492,6.87573907210557,7.07681047647157,7.09540503933535,6.84699901028881,6.96146271894695,7.30195277818437,7.37802666883285,7.4180870956931,7.27613260128147,7.36718823339928,6.68116639267157,6.69424974766967,6.71786193396001,7.90961388511364,6.71293495445572,7.10490194917875,6.65548077728906,7.30996737913948,6.37558110856178,6.71148015680875,7.18427803953905,7.3229647051941,7.61253130838097,7.63045692653635,7.66252465637586,6.66922004442166,6.35008535996638,7.53335636770026,7.28250402013144,7.11982712908106,6.51838728780462,6.7965022501602,8.09313078688094,6.93092662024962,6.23057255449923
"42",5.56595095690455,7.77468655609513,7.03131577522089,7.83242421497006,7.25912044045765,7.88874533366909,8.00336734251968,6.67860726836185,7.24383016912001,7.32734006941374,5.86798108866495,7.22152846646128,6.70624388044152,6.67416866477005,6.20520573440572,6.30957671806853,6.63535941251008,6.63419827004892,6.85794837208077,7.50403571709991,7.60002296272368,7.26841174191123,8.1456736767606,7.32570290452966,7.74086804916629,6.95121261714509,7.48284905843549,7.73259304578246,7.61626710689989,7.28591873295017,7.61064242586109,7.15040735884307,7.88399212696766,6.37826546490102,7.06693232498332,7.12846507778825,6.10293400211737,6.9406553026879,6.41553027423078,6.54621109958078,6.90486256846436,7.10130487929336,6.56925530499507,6.19753395715509,6.64484847301695,7.12406833537382,7.49057805207051,7.44923704848313,7.51292823568148,6.34130176158191,6.35776709379627,6.41540506012942,7.71911442756125,7.03053851246379,6.14458771661354,6.71250998510585,6.36620586387743,7.34030423094589,6.35286169597756,6.93838654867206,7.14588761139524,7.75694248383411,6.85615154674262,6.47865539991458,8.15476186678931,6.83397695135449,6.86183525861157,7.19453406328803,6.43364356594581,6.81993768527047,7.41461617615499,7.63380674939443,7.3113420035605,7.26166734347705,7.33793486418883,6.84854144606265,6.73793576491293,6.65895781502973,8.15509204936103,6.87088591169253,7.45851136272706,6.36871185667292,7.46348098460899,6.12709506431309,6.85221898784139,6.95039869597735,7.35225044661378,7.8936982359306,7.41662333640392,7.70023572795306,6.53045468864052,6.45013647315888,7.42260019796563,7.17280888310148,6.75143416158567,6.33501578468804,6.40757752151304,8.02162791131106,6.97295986115249,6.18399216861892
"43",6.41299573434416,7.61148273199969,7.14819416719915,7.45773375175348,7.29595121382759,7.49782953804249,7.6479798254697,7.05477924976953,7.39329855554603,7.36539815200133,6.72084376270202,7.3007890744737,7.03247239709089,6.93919722960037,6.70718547538479,6.89481936242314,6.84854649895035,6.91559571498114,7.13362078991515,7.55091028841311,7.55021261263871,7.11137718314496,7.81241559650492,7.16436525088418,7.48779657735793,7.09905262855139,7.50111015360735,7.65099922887519,7.41525833310602,7.34293255225651,7.59294025669622,7.16806839877988,7.70993349744836,6.83775082434042,7.11018025328045,7.3404292099331,6.76708548883634,7.09007477045407,6.83440495297523,6.95612652689816,7.02197917039612,7.18759570628999,6.90094614674292,6.79289671560561,6.99185981592555,7.22794836477091,7.18356142349578,7.33982506074542,7.33415596110004,6.78149240901578,6.7534177845359,6.89302028437409,7.51637117928907,7.20509690344515,6.81825440129671,7.01598992438048,6.92720403838238,7.43077284669038,6.7645925098099,7.11223653847436,7.1444766375476,7.5280680206411,7.32474831357155,6.92330863353147,7.6711367478473,7.09580842738482,7.08450084629341,7.25803568545809,7.00417588196975,7.04240853123234,7.30981771757526,7.50162997649697,7.1229887438728,7.23534959930234,7.2454418772132,7.05754008188826,7.16474337506466,7.16272651365782,7.76618576271368,7.0559869991489,7.384186598783,6.81464701601088,7.40548780364715,6.75456943884067,7.16784462432215,7.04386884734452,7.32493315198932,7.59361673488038,7.40104832054217,7.59656044674426,6.93344518372262,7.04835518866864,7.28061672014902,7.2043335955579,6.92781886677889,6.82736151598252,6.93450552814845,7.47812584824245,7.11235742656212,6.78789474482607
"44",6.26639265687247,7.45873114027402,7.05254647730663,7.35301670063208,7.22766970116803,7.78777663431164,7.67102090611801,6.71260277252068,7.82848894878214,7.32838404316619,6.52539342629956,6.9884059332374,7.17165961579443,6.3340216828534,6.26700412498818,6.94635704319982,6.87752085506363,6.80088411263954,7.1598221115014,7.46146384242999,7.54736177854979,6.93877493938369,7.88264798032882,7.09540748865914,7.28256261689538,7.07449221877869,7.41045081734284,7.86118750927626,7.31091516571051,7.01282813905069,7.71140178896771,7.20882938982308,7.44331219707177,6.81683993295528,7.51561697846595,7.26842996694944,6.66298343718801,7.04568786523363,6.78835537335633,6.93528247891292,7.13971498353182,6.9683325652936,6.96417724980467,6.79992276521444,7.11590832161176,7.00656891112927,7.41378052772091,7.67008680947847,7.71907371210622,6.71667448610024,6.60073830445086,6.86123190759851,7.84819352146393,7.04095379561537,6.83381014221852,6.63252996602209,7.11963021401341,7.25430981901195,6.74828144072568,7.03281628236369,7.05560586166521,7.49489695703017,7.50877874288552,6.51465110992846,7.82114500195096,6.97114110061584,7.01735834810711,7.40365977831311,6.53914098806392,7.34477078803295,7.01281963801888,7.30565637471523,6.98950780200581,7.23942300950478,7.27248428537286,7.35365061106877,6.84806074436046,7.23428180829842,7.89719532038153,6.77592130476507,7.23039402499498,6.9337600174026,7.22356354909279,6.64648539958607,6.8825299742188,6.54262886924252,7.26607561566527,7.79200524510626,7.0355330867428,7.80308695653421,6.98434583714364,6.98777477313262,7.46825372219992,6.61545014744638,6.653844371441,6.74943041125997,7.01935535015564,7.67601035561038,7.21149192053122,6.59239174197916
"45",6.46306781708509,7.57512705283644,6.75936480493673,7.24533064977909,7.37834158255451,7.67110729615292,7.3317934825545,6.50609870504186,8.18419158753413,7.22711074299514,6.14508682885593,7.13668507920808,7.34978938097171,6.29718832357635,6.18994937657796,6.88648681892601,6.80129605885783,6.67558917562617,6.85422971138649,7.47823320582667,7.3559494997842,6.71063495721063,7.98387737714024,6.93894128420371,7.64519396927715,6.96959446011562,7.48162848674817,7.65684776334575,6.77566670747278,6.60542410574642,7.63125996118035,7.01399304669743,7.19715582777885,6.57951976875013,7.68719765615484,7.16688880993219,6.64580095923087,7.02263265697713,7.09301323011026,6.55625904996808,6.63444490086993,6.73021101584152,6.6186630271637,6.64592770235481,7.04024980349475,6.87664906601989,7.41861189840531,7.3359666148154,7.57697921281074,6.42616960084577,6.46457241329481,6.77092972939639,7.92020340116716,7.27524761205107,7.04653752692212,6.61977703357531,7.0417952300483,7.51457011875802,6.48693557239014,6.80098259807456,7.09475705547616,7.54078196721197,7.03209807422016,6.53477226724885,7.83740477206621,7.03320605170426,7.03732311513581,7.58030064280158,6.45005632327497,7.17480614670384,7.09183130753062,7.29656131586218,7.11742936926911,7.36303414054015,7.07189257775414,7.43907297531668,6.88467537065973,7.15895924349891,8.0001662734743,6.41268521224527,7.34732940507108,7.44515795397908,7.02691945674037,6.53562967663621,6.82929315065904,6.6117483787026,7.49570062486044,7.77422130388505,6.77953733931501,7.62065691395921,6.90656646815629,6.76626314386432,7.85573733577221,6.74047788689928,6.54290844189854,6.54100320243898,7.0222935151341,7.68514712798809,6.69081682196097,6.46561825576185
"46",6.69318915206511,7.23984312452596,7.02602606748872,7.25291690688361,7.63671595238018,7.55094788133706,7.13949541631059,6.739128990837,7.7657146360069,7.12486612223017,6.57067430594369,6.91174852248416,7.38805975603794,6.64396325377452,6.44404723776624,7.35699330642004,7.20125580572685,6.95951388578361,6.95182528755683,7.10932341925122,7.06638052713445,7.0756839280449,7.74639844960129,7.11144159354219,7.50327295898119,7.17157932329918,7.3068695262116,7.53790868899926,7.13650389577404,6.86161504087231,7.50977237052861,7.04881024909861,7.33484258303699,6.89987508645967,7.36497958922388,7.13788758428316,6.91171132823092,6.92228016574294,7.29785972129606,6.92533077480383,7.01526174105816,7.05251696594111,7.17883769882598,7.10313042485552,6.95146044071843,6.8861084215049,7.29498280271153,7.31591668377094,7.45702688840976,6.7925435736493,6.9276992961431,6.86947135163022,7.64109727556812,7.29509595244222,7.12948238637189,6.96707419778367,6.8541373715221,7.49846003458839,6.75242476655094,7.06060386190211,7.13296569741555,7.41518743591724,7.11223372101753,6.73502574378951,7.75818451877315,7.13354256539623,7.10448383177205,7.31777242260086,6.66809604340508,7.15389270999156,7.15801415210038,7.2163934874872,7.10249139577494,7.09608348100683,7.23367793779136,7.16796412915269,6.86624279938013,7.18179042768778,7.75064101681287,6.69906114660173,7.42515314301737,7.28391513180223,6.99829129027616,6.77095823393286,6.81350342755807,7.06828820362786,7.55231353626637,7.36327368314351,7.09062636027794,7.49699408717047,6.85981648988709,6.87687943778413,7.41997991778941,6.98091591322718,6.84871193804875,6.76955882108683,6.95738059731582,7.39902060372952,6.88107922729865,6.90478559172122
"47",7.11850328166961,7.58591313277629,7.25853365032758,7.05492328159542,7.99250342177108,7.80531363721391,7.11725625994716,7.06076382520254,7.82682626125855,7.59604999716437,6.71164048459665,6.84845952540788,7.70275475442223,6.75272639636562,6.76498974538153,7.75804436506012,7.58206725081002,6.93218671080866,6.99662218962953,7.15706764231781,7.43404431809029,7.12974190343958,7.76600036918289,7.01929509003326,7.70908640883694,7.55958483132247,7.32130812357951,7.72381263130246,7.06844828452984,6.92274405442814,7.51382138548993,7.15902482853729,7.34338340191154,6.75908875453969,7.36968545310942,7.2062871062102,7.07712575297078,6.96854088394346,7.35747669537364,7.31967332623744,7.72650603120523,7.2527562523863,7.06889337965266,7.11235423536318,7.29925812061078,6.97081396337674,7.47576208641387,7.40459764401871,7.83965234307243,7.00727520523948,7.33369590177774,6.85785137082508,7.7139257200831,7.9719482552981,7.15716895576052,7.14037219289982,6.8307350510008,7.783892289807,6.70657659947048,7.5659237912615,7.19817002740832,7.29172397008725,7.37110422936232,6.49360971845562,8.04636798516959,7.16851689278572,7.33062703800503,7.7197752055173,6.63579008580088,6.84653585169411,7.46790003244359,7.74071637977379,6.81985930308405,7.33539340497041,7.18251495359998,7.30765448031016,7.18152577848437,7.63306969011305,7.93898845932925,6.61123648768556,7.94047277719851,7.44047904231303,7.42165515633273,7.22727061191886,6.60900184053748,6.75593167587694,7.67347601787959,7.67913719169875,7.45718226488905,7.74518007101458,7.19860659760659,6.98031788479145,7.48199839865144,7.53308911157208,7.13624378439847,6.45290232290189,7.01548694386739,7.60512163648873,6.79416455228373,7.11886554392161
"48",6.86960468439094,7.28696844942165,7.21067500389765,6.82532265238341,7.87860357326488,7.56631949463415,6.71366842377506,6.86146655314174,7.46282984740983,7.24019930140637,6.57637909226027,6.51806740646064,7.57312861051687,6.45980347971166,6.50708570420312,7.49486543677081,7.12204092786626,6.67053696515668,6.73025673600542,6.91094372020363,7.03925040693212,6.92613198064346,7.52305836654039,6.79505648166786,7.6405841585916,7.2476090390437,7.09732154096968,7.54907169073582,6.90229974858576,6.79119173830015,7.04853080027718,7.02059838443157,6.88047127963388,6.39348513886745,7.32744951182166,6.83119832335147,6.86786566955692,6.91530549750072,7.20617570660591,7.08571513762296,7.4103238888082,6.9377843256813,6.84530110690253,6.7114332210138,7.04027771689982,6.76138709936511,7.24833479949933,6.99666925400312,7.63284981651717,6.9392242685623,7.10512388557754,6.55159091931199,7.58056963366371,7.77350609005187,6.81744287472742,6.92755266590199,6.42825542270444,7.7065564866018,6.4991432761087,7.3181123036659,6.97846432966524,7.18238719877549,6.96839454105933,6.22985299726257,7.79922016024512,6.78269383789695,7.005725977115,7.3181168429959,6.44004445149711,6.73038181913996,7.25235721823704,7.33304170329339,6.53768467493562,7.03825115823768,6.86647603986653,6.90010771409335,6.98161501564591,7.46120334830775,7.61210450838181,6.36067202001085,7.69944383352311,7.22326873594607,7.17286376774681,7.0508971102705,6.48503280056972,6.33994856154329,7.61745341797072,7.46124033923708,7.1605140652083,7.53117397419586,7.12582817697138,6.59840589886919,7.21382752281632,7.20333664608837,6.7851079791175,6.29806489818029,6.78375955539142,7.30909029616015,6.6290893702016,6.77181046113825
"49",6.6494001157967,7.14684125060405,7.06544697027306,6.51625895558136,7.62333782805447,7.28393684768878,6.4235491326586,6.74677840142461,7.16556737378742,6.9942518873883,6.214205028371,6.50681382540439,7.26574034719532,6.35665357991057,6.41209644681202,7.4531779095194,6.83189132861192,6.51154818016593,6.54747002014908,6.74699569044195,6.79236164578473,6.78399094081193,7.22752211685984,6.61330541337743,7.23865581811747,6.90921002428567,6.91710483789985,7.19726474570328,6.52334806589092,6.60445511221447,6.83631910557858,6.7144256276409,6.60794584518303,6.11977031488336,7.05566325777333,6.60633119850595,6.65771247142025,6.64743001791133,7.23368320090961,6.97618313047542,7.21921430537656,6.61816936062723,6.54002678008667,6.48103914101596,6.68112653785597,6.51481795462458,7.16725270312897,6.7602594141467,7.32734716017308,6.82359559558792,6.88667051895409,6.25464538291487,7.20309007614139,7.56442228481222,6.58361970101457,6.61662464424909,6.18029809302379,7.52299196566107,6.26098370342893,7.22260969401471,6.64701483338559,6.87721191529077,6.66953755557159,5.86788255700148,7.55521972562824,6.55213945953635,6.72792192146382,7.17732648726765,6.26816681783273,6.58523901638506,7.24264321240473,7.05995209285109,6.2292264515135,6.75900334928056,6.5459295563496,6.6285562456959,6.72097537837602,7.27391993562797,7.46915661339703,6.18647678571702,7.33773592219559,6.81066366262318,6.95762287895883,6.6700294052526,6.28995406327321,6.04730145444428,7.34785293693806,7.07030171089108,6.8848862636952,7.21765543894952,7.01307779524033,6.26939180117519,6.99621975898618,7.06980187602783,6.42415682644075,6.25312205638387,6.30863485874781,6.79626289599227,6.40035033646821,6.54837953082266
"50",6.55880291060339,6.8447146264207,6.88857089255793,6.27501204224595,7.43261709678555,7.00940686127118,6.02128950799583,6.35562287954821,6.89780369152893,6.75429459103355,6.03898209398831,6.17048627979066,7.13497675619929,6.11894510353521,6.06732627150449,7.10319028100277,6.73357041658078,6.12493250369212,6.12949377394762,6.59919204789192,6.60107389855435,6.61287948170895,7.14445228011158,6.44514505278126,6.90291906414656,6.65918676611707,6.83656785590312,6.89594154335095,6.35139873144967,6.33431784997438,6.58486986037083,6.27556750220292,6.28137324159122,6.01300788425255,6.92899201633504,6.34825074543983,6.34934514200332,6.35984137410292,7.01826245149876,6.70948890660879,7.15190076811206,6.34901570568918,6.14927686766176,6.38236086941466,6.52183318829234,6.13673465799964,6.94769649753853,6.2293870872079,7.13348976449551,6.66383764918077,6.66851803555481,6.16299073038887,7.06083545517396,7.30870413457384,6.29690890584236,6.33852603885329,5.90694139716587,7.26718489454076,6.03387408101755,7.01977549805467,6.34468696817371,6.43561117780758,6.51214796477717,5.68022888599536,7.26383940838418,6.3810735750064,6.48004921576885,6.96810134930855,5.90135812904224,6.58945605480873,6.99496265769416,6.73902844037733,5.94550457166822,6.39178736046873,6.40251052428287,6.43423760345323,6.60875078527739,7.02623109954642,7.25104266703588,5.99793430822711,7.34871174390174,6.39289788196592,6.70380053097477,6.38200846573733,6.09996792862032,5.89022738613287,7.13371635501687,6.86547865181884,6.81976898600652,6.90200912585988,6.82622247701629,6.18556938385368,6.89889185046282,6.66296954280552,5.92769965894729,5.92340328298559,6.01911804193068,6.58319646762698,6.27037432849495,6.26077151467233
"51",6.36038929710695,6.74196320811669,6.85459034088544,6.03447367687622,7.25074397103772,6.7835066525174,5.83939758959027,6.06339458336621,6.6559351460143,6.4904091256322,5.772906842744,5.88038818105466,6.96894730606102,5.75975240300119,5.84619405135754,6.7090266701715,6.56487075008416,5.81815202636137,5.90491685622727,6.34054273125508,6.12297066721956,6.48933256994352,6.92559511244093,6.10259418073475,6.62746483882659,6.46116522331906,6.60786758852776,6.53614934926498,5.9404433481986,5.93988770752174,6.20664521843006,6.02667553972738,5.8594489780249,5.68255422957399,6.68336645590147,6.09127977060245,6.00437057226742,6.09867113305439,6.82401997644982,6.3177165752677,7.00065856036581,5.99535536420186,5.78430106011292,6.16615897425129,6.27695421788242,5.92896748679168,6.6755516875227,5.84925423786155,7.11747878527367,6.47435472888005,6.49316259247925,5.85918965110154,6.69387457994528,7.02581917876252,5.89155885435815,6.13418201521165,5.79169591097317,6.9267537200334,5.90476535242411,6.75605796818114,5.97847359123264,6.26581685981903,6.2647196810363,5.34319080063054,6.97697600534309,6.17955103109199,6.26667465224238,6.71732583618837,5.76797161374297,6.07132264929999,6.76510507831999,6.49700518063081,5.58344789209885,6.25940592476615,6.05133595700353,6.24476541663034,6.2576367923288,6.73600934765151,6.96705058877698,5.69438440951462,7.05498235118681,6.17704581096751,6.15440480039259,6.18618143009032,5.88577779234979,5.76361944200186,6.95836361999459,6.70765821970372,6.66911344069458,6.6000291721535,6.4382347020938,5.806563867549,6.83757670775582,6.23448933163007,5.54750433918625,5.73560521863103,5.68087673233208,6.2573700479659,5.9206781481249,6.05893965559591
"52",6.02254649580549,6.61962319614299,6.55794301625059,5.83330014309954,7.08581153055032,6.48581672240117,5.50015645027413,5.71074955196431,6.57457223119899,6.23972371160899,5.68388389094656,5.5790649646429,6.48676127635471,5.53512736132193,5.44469340088938,6.4052552603653,6.35739445090407,5.41179557935542,5.66219591182486,6.33775928501609,6.07027800612169,6.36104862125797,6.77018457263507,5.88151442431932,6.37079635784164,6.13116114844474,6.28592779174216,6.15154759655749,5.52869656953976,5.61513249370734,5.97494514542093,5.67629119085573,5.67164251315948,5.59347906621458,6.65978205194537,5.9988385979524,5.87772629457071,5.73359749552206,6.6083901313612,6.18574753166587,6.96908929647869,5.67291835730474,5.63298553212108,5.91715354889463,5.90838458064099,5.57013681707971,6.48399278666585,5.46157232790653,7.0047082422924,6.23152087667462,6.14509773635284,5.80702578925255,6.50784155149879,6.79997932733795,5.66079053647231,5.88880292830172,5.73093046318004,6.65699123892749,5.46484510305172,6.56027210567134,5.67171637113622,6.07282506838381,6.16603252230639,5.26041598585859,6.69503061467336,5.9702585539962,6.07287160166435,6.31511029424438,5.33718047272558,5.69738431522645,6.55399949408213,6.34381870383244,5.39677528303765,6.07504606973013,5.55152112614388,6.1817428889683,5.9670057610019,6.53568346232172,6.79962242093018,5.34220984678991,6.88662012595781,5.99253465029063,5.8891112824773,6.01809484624694,5.61554000642684,5.6115794277566,6.65803572959351,6.50926227023152,6.32086064237712,6.39772473090517,6.27542221884676,5.79892626791649,6.37406643075998,6.14968621928484,5.05658390451319,5.46741546097331,5.51183575792127,5.96894832560003,5.82157314624243,5.72087291344883
"53",5.23962008400532,5.4788342471674,5.45621698348643,4.96373155018701,5.71420322536809,5.3957611273381,4.71901866677642,4.97084786295848,5.39822540277524,5.16070736184617,4.93567440565915,4.84392186843115,5.39181031862937,4.8435350398969,4.77012478645171,5.28006223205425,5.3327396407639,4.80626339780149,4.85199371481631,5.34019575347531,5.03836139122788,5.2935700734267,5.58515789415348,5.10018611072739,5.33472205119345,5.12279302350884,5.26711202082651,5.30047280010242,4.77357973568162,4.89691328157364,5.10917224798323,4.87748393458571,4.78113170184264,4.91466038245533,5.47271064291039,5.17264064223293,5.00738261514699,4.90546154163642,5.55254122576879,5.16363116857919,5.67530006252529,4.85283797992838,4.96090309735919,5.10156925240665,5.08206299797658,4.78906985819836,5.40143530905285,4.76165535929116,5.69357664161962,5.17849064523709,5.26328606367588,5.07687111446346,5.40991435700906,5.58285772723834,4.95481210264767,5.11556679412331,4.94553544316164,5.54379324429044,4.80845827190844,5.42222381800057,4.87868305726396,5.15333277498174,5.27616616254152,4.54634436986422,5.42048765201179,5.1450834966334,5.22846003842976,5.26090021984684,4.73478820662068,4.96537464587171,5.49305231448687,5.30694215416008,4.72569772601985,5.23384583335435,4.79561303000795,5.08529471500545,5.14692625953557,5.46137545355824,5.54068091244568,4.65261500172379,5.6568119133939,5.03340370200573,5.03315668817791,5.05684018516076,4.80663417880317,4.89698155933235,5.36331223789307,5.39597483025548,5.32573824586691,5.42209726756818,5.28298049330741,4.94673195691218,5.32638804154876,5.14945823990589,4.43666012568082,4.71935485740231,4.79906243286694,4.9906232582029,5.10051733265917,4.84266325577028
"54",4.99637676314242,5.28773647852692,5.41380446478255,4.94729087801897,5.51931772459881,5.01058435770533,4.43838471857349,4.79683188169844,5.15139418476645,4.98618269336406,4.76451808912394,4.52009375297172,5.18201270525726,4.4837494595683,4.54630630354821,4.98620511297663,5.05061035770956,4.39364921386761,4.41975049922746,5.19366479520897,4.67684467808733,4.94953975936542,5.43025967977193,4.92295456106447,4.94193249841625,4.78590314504605,5.03245964541801,5.10300309218069,4.50591240895752,4.68201880407649,4.83765854011695,4.61808566321451,4.50220518771566,4.65847414179245,5.20189173793597,4.96042165235793,4.62972949267575,4.66207208928103,5.38817142109027,4.95122987377876,5.41234972856458,4.52801977784202,4.67418149462503,4.80752245222989,4.81137533667794,4.72285191776103,5.10905185493312,4.62922351197072,5.43911915227818,4.77300085394673,4.9078619565345,4.92791527717035,5.14894550734714,5.30867726819911,4.73976152006655,4.84767578904113,4.66798630054621,5.3781634773042,4.51281649610407,5.09941744386976,4.68048156548373,4.77760379336019,5.16279242895876,4.21800976785757,5.2165196712867,4.96526479284379,5.04546989151138,5.05008560504859,4.61866551063451,4.76900942406441,5.28790109496086,5.07483845178407,4.41685570514632,4.92056290044489,4.55278582423401,4.66610618338696,4.8759597858281,5.11475973329682,5.25765496603902,4.28143631049491,5.33585518127744,4.76950111429757,4.88996384057331,4.8208757491598,4.66481419909731,4.90461558733739,5.19084632012396,5.25955123300956,5.11988766920866,5.0708869125974,5.10204315955323,4.63757521905489,5.1018040892031,5.07196380401827,4.05457821003417,4.29429744896112,4.55048264165399,4.59244695201347,4.78817920041571,4.52576668171783
"55",4.57865224889571,5.03237578243858,5.28821304945306,4.75572996078994,5.17426083183631,4.61101688228148,3.85926430134677,4.59900951967277,4.92772796184649,4.6437362644234,4.39903316021574,4.18966715086997,4.7995986096618,4.11159847213856,4.54648155086882,4.77886386202617,4.73348490441972,4.17729095057176,4.27022153608411,5.06522510893684,4.38692054967564,4.57242907399895,5.09542468909847,4.7565261933131,4.70834779990214,4.36239115833656,4.60227790220375,4.90378541474816,4.3081542782761,4.54579753147001,4.81387870302642,4.34778015291865,4.28424206579933,4.37322799542223,4.71961430963377,4.74152554626004,4.26666601997126,4.40170526207389,5.06638032253225,4.55767975179818,5.18538359242405,4.19728904115773,4.50961844668536,4.66679293071269,4.67779334241069,4.50260272692768,4.86282328055386,4.4814896062539,5.2774295733604,4.2692498262142,4.8826048066393,4.71251391944852,4.68358878643626,5.04081884986929,4.41824146137874,4.5007466572216,4.31767566955651,5.19446110674669,4.28799033610919,4.87735106410378,4.23816299655354,4.33111751039237,4.85511354290577,3.98179369835184,5.13755956567041,4.7493649370806,5.00172211820311,4.84683656035762,4.36260435273769,4.48215340868866,4.91943112282773,4.94823181895824,4.13166830969195,4.54564401473829,4.41345257085596,4.40872850609423,4.66690805058037,4.80752981873544,5.17397380131116,3.89077701548914,5.07079548847547,4.68733236919847,4.48861942179222,4.62433629399881,4.41604166165521,4.65208479987667,4.92637756531349,4.79115657765392,4.87836570967274,4.75797305456417,4.79927190368289,4.2446289954467,5.0251919344143,4.91048020673644,3.6058750029731,4.11012949302756,4.37239937303345,4.3243158674484,4.59593818015872,4.21163896038606
"56",4.29204889955007,4.80276839247299,5.06687369738798,4.61979589413875,4.75083578325811,4.52428857005237,3.4710922562246,4.35373269783195,4.75039016450711,4.32506161256126,3.98840960222657,3.99951054978593,4.42213788299776,3.99051101178861,4.44515764312333,4.36211470030571,4.4194995696875,3.75741538366535,4.07604240284257,5.12938871324953,4.14224010524808,4.29400297306597,4.82133994063935,4.45732480152534,4.57782315529727,3.98878943582298,4.35811110309775,4.75153910805689,3.97754004759716,4.38836685583995,4.54091813867496,4.06678667680268,4.10072132504758,4.03506037586426,4.39224112355853,4.44259699202808,3.9797189160203,4.05168026454313,4.74636642531916,4.3972972711808,4.79954939303856,3.88822346415352,4.30501722168608,4.46700232240449,4.57363700277467,4.20277881440665,4.58137795858742,4.31120009226365,5.21998438695468,3.91588945705185,4.76647857443917,4.42857223460418,4.32322945352384,4.91386105969261,4.1645319375464,4.32487769111921,3.96255727711565,4.96545141417222,4.1418732143776,4.71687018542392,4.02331993630186,4.10029989477735,4.6950112045448,3.76202980989392,4.89847186355922,4.74687799152855,4.86082557013945,4.76930794180504,4.03033688454495,4.4442284105856,4.87459436003416,4.62362981855777,3.87997971531999,4.2953492159627,4.00885549679222,4.08444634180312,4.56797213945191,4.26448645109729,5.07053760595884,3.63878531504252,4.86416195931669,4.48341450882688,4.11496086888647,4.42730390867109,4.18638542638933,4.39729401432458,4.52483352725827,4.51022649470617,4.40495493959626,4.52272666220795,4.42599764204423,4.08046417777555,4.90235502244692,4.56568619593236,3.42043106633951,3.78825189630314,4.26560543831578,3.97575117882538,4.3240384677114,3.88690545653327
"57",3.64653824253136,4.0683023700836,4.11789270223293,3.89625745620867,3.96662857645396,3.87064648777944,3.26606542598747,3.90078973317112,4.06652434588446,3.79010052469276,3.54035534235729,3.53373370475582,3.70888022567625,3.51260081204419,3.80764347133282,3.71471459728396,3.85641163814972,3.4031568427565,3.58774826852718,4.40400472118923,3.68705095671954,3.75027448135094,4.05073728504506,3.92266017894952,4.00718768971535,3.48328352045011,3.91524718202587,4.01886659926469,3.61983400391664,3.93396656089832,3.78006643684637,3.58271398451444,3.64419133607252,3.52331039305045,3.80857179358314,4.01273602451067,3.46925746656016,3.64845331444098,4.08931695848099,3.84784909326066,4.07532143146636,3.53402266975236,3.72441003053471,3.78717958277366,3.88612155856705,3.70578425525962,3.96464584778097,3.63308120583627,4.34679485663251,3.56886636557217,4.01180024141591,3.90776689832629,3.72766861684275,4.3018236083888,3.68482986125451,3.74287992437626,3.47406377220371,4.26077804596109,3.74403262332268,4.069359478699,3.46829574805311,3.51578255350738,3.9155161483142,3.43513015829845,4.28161110713702,4.01886709883437,4.1707908966754,4.04568819776898,3.46763447279013,3.65074081574956,4.05597447817337,3.98626630658608,3.44175805995336,3.7142312444976,3.562839583351,3.55374464175941,3.8797113031356,3.60670147179373,4.21963168323675,3.23848457526409,4.15458108513221,3.97427332298835,3.54372820624462,3.82709338267091,3.63908723634849,3.82321352517881,3.95883570311591,3.85781436793054,3.78531023744291,4.01049200887811,3.89995389486831,3.47549477615193,4.24366486255857,3.87347886307831,3.10986910430757,3.34622411890309,3.90985016686561,3.47266455293397,3.75985582231576,3.46849382720011
"58",3.44269516597352,3.88893319957828,3.8676704699441,3.77150836488439,3.58875110891007,3.69480553719194,3.14159338939006,3.65243395401495,3.87795835517693,3.48695582709502,3.19847903129769,3.30534608212229,3.48674899325225,3.24688764746634,3.59356024984129,3.27543939205365,3.31435164120971,3.02415168786729,3.37337373492884,4.2959185797346,3.5157116205345,3.52223217313447,3.72324174127113,3.65326024909524,3.7010828266997,3.16191134404894,3.67133741849981,3.83888906612561,3.223207687829,3.77262004086132,3.57975150171569,3.11700065266263,3.43005965452417,3.42625465590839,3.50826117365161,3.61124628682047,3.15560913758263,3.37151865054536,3.82300598478102,3.57052387391556,3.86991294400841,3.18027679198658,3.3115425702454,3.57187793163039,3.69465072234415,3.26768110334931,3.75425855442791,3.31244770414656,4.11815553316794,3.3295998866119,3.89830493813489,3.63011693401646,3.49609859327847,4.12299382003014,3.42726380140105,3.23043969847804,3.26898676788658,3.87019434956554,3.46531393980313,3.83937013702191,2.98951635517618,3.16994100771678,3.80742123193773,3.22731432801791,3.89904664376091,3.81279772387223,3.89992335311183,3.96849971917797,3.10979299807779,3.51973483956288,3.63198689952002,3.83869819159575,3.05629876819665,3.22277623142391,3.37858072764869,3.12629525603665,3.75445910957526,3.29114393302067,4.09844646406929,2.96158184440529,3.74409829810356,3.5274285929897,3.32068685129649,3.68816634281735,3.48511472125924,3.49163141338527,3.6714037512367,3.65247166834372,3.4898050130448,3.71280017250594,3.83187645575977,3.16097159302913,3.98174029345832,3.43482772933295,2.59917050490717,3.11636676356563,3.51700567544786,3.16657029400657,3.44600758078889,3.35742840641914
"59",3.15894502833769,3.71278248352805,3.81027624630678,3.66874785571924,3.39605553946536,3.34000463475016,2.91921723139915,3.23666786152229,3.85216525771172,3.51771479881639,2.92141112076373,3.14021613353528,3.30331445017425,3.03256059952935,3.60069855443236,3.04826538518054,3.02651774983004,2.86906937365526,3.04006852204549,4.06752859830975,3.27696421693629,3.43076649698236,3.40990672093595,3.43161187449319,3.28924700387281,2.95579764468378,3.37864457353739,3.7754418802922,2.89861713070628,3.40447586303197,3.25072303706259,2.94943072596369,3.07255500616073,3.08240691447989,3.234965261456,3.37348285794329,2.74886539490943,3.02146992355355,3.83707170137734,3.2974652850152,3.78508234498113,3.04938847601801,2.96787470255048,3.31460643118948,3.37815225271405,3.05735804128222,3.40786281386485,3.00914232427371,3.88677748663535,3.08533198061498,3.52983906330294,3.22046157457003,3.35037402260531,3.7485143305656,3.32082160122086,3.06487831140264,3.02057370246359,3.80243756169006,3.20636295848761,3.57365919893407,2.58066620567221,2.94490697169949,3.49670106808701,3.01018644152195,3.49721396290822,3.48284973602562,3.57750451153732,3.71316263544943,2.72767324513708,3.40332258445159,3.3168465542807,3.44950124381967,2.84373484598739,2.92799524044275,3.08392090808352,2.73789842765478,3.4514676535972,3.09242214516824,3.89673942569366,2.65341598399459,3.42687880372456,3.41395292854613,3.10193676113556,3.25263434511409,3.17839204695256,3.20601512931939,3.50655186471157,3.47966564016345,3.30759316646691,3.42530789647538,3.44424828437946,2.6353307689742,3.81244043697267,3.0754856096974,2.23276016126077,2.7011488553701,3.25065042388379,2.99673852490113,3.15306074759022,2.97134794938171
"60",2.66085862639684,3.23020872062964,3.23463817644166,3.11819870423857,2.96694993534612,2.93775495019109,2.58881225650673,2.76839697070803,3.34463069769717,3.09226970017126,2.62459991284098,2.5489877892621,2.79441701153144,2.5519704676051,3.1032140166608,2.67617991375285,2.75505381527587,2.58391396680248,2.73591604495449,3.39230556607573,2.9197320300216,2.85173470552508,3.00431938279121,3.03251244044277,2.80504092021854,2.56393630479761,2.91047144489085,3.28022514690429,2.61712438196919,3.09409895769787,2.90776417967132,2.61870927771842,2.61011682140779,2.7324457960923,2.81448344849082,2.85979807706012,2.36200349736202,2.6441210197591,3.23945037333382,3.06092316310448,3.29602548793092,2.61252233058223,2.71772461523809,2.89636245020667,2.97266623431104,2.7287867391914,3.02223163973732,2.68021162016068,3.27710763575606,2.60208663567857,3.22663980409989,2.71096974031382,2.86410535304182,3.26277407281718,2.91820582245977,2.75406140799904,2.7395212564224,3.22326098670186,2.78383393943943,2.98539939395944,2.36929922550005,2.45640916110583,2.91758036465786,2.66070137466175,3.01507745633027,2.82919898069254,3.10539494588606,3.11320256148785,2.42179310030133,3.02621292548928,2.86620267060449,2.97867398367284,2.58660911099032,2.67223044884124,2.7925952482907,2.46307275559091,3.01229819513129,2.83346056548404,3.33158294344088,2.5710015457779,2.96123838336909,2.91725564805819,2.72709276361661,2.85326175245471,2.76545455737045,2.88052239454644,3.17408512968548,3.08709968888454,2.97831109857527,3.02424762431874,2.93635755520104,2.40377718657372,3.23518371251719,2.61167312413324,2.07392124599494,2.46164772187939,2.92700377275189,2.74334084940565,2.70355080928154,2.54150028629498
"61",2.3266022285749,3.08412175220404,2.87624992013792,2.99553122041509,2.81743343259822,2.58080890434184,2.32603681980621,2.46781347954605,2.9119698318443,2.78380061949469,2.47498089063714,2.34888363728915,2.46969790679417,2.40983055454753,2.7747260913025,2.4680288800407,2.58943460847912,2.34938465404566,2.37957505412304,3.16447577177932,2.67400460846473,2.66027059761809,2.82728491083035,3.07598495711608,2.32012986196014,2.36766722802489,2.68902410401186,3.04580897939221,2.27435931427201,2.8340980741784,2.59912000534718,2.3874362082513,2.21338349719947,2.61122768471634,2.61640679355113,2.79315242098188,2.23529169352884,2.43198113319828,3.08130082123115,2.62417570774568,2.91166663030078,2.44269976926489,2.55022180267311,2.77373261214692,2.61606000590658,2.44015785618465,2.46543487732341,2.3626092183724,2.93465485182282,2.33513575469675,2.79245740108006,2.48312814071525,2.31283263196267,3.10262596253105,2.74936767169806,2.84294689479787,2.4870683280233,2.79827366892846,2.51493931555333,2.70927125055988,2.0696219721324,2.14116761448343,2.66215761556737,2.47035801462689,2.83491688229823,2.55001467193958,2.9331662653946,2.55749149191718,2.06567481507898,2.650556971001,2.47714809495048,2.67369208962495,2.52473425066598,2.41318215742727,2.61681726934737,2.06533417324284,2.91879654478158,2.31715698936209,3.08010964155191,2.25544291287102,2.61846766087909,2.65903124391665,2.48236520326169,2.46607620620335,2.67883901304206,2.77617328484247,2.84103659728106,2.84915049708216,2.75239533472042,2.81981418025147,2.72232003583361,2.24984099899182,2.97486659782171,2.27222072468049,1.66141352105751,2.30369387771288,2.53515743480061,2.41023557001901,2.51490051276366,2.32079572360537
"62",1.97073905377463,2.65095871278158,2.4852166720056,2.72507777099957,2.45370250850128,2.32045892056391,2.09778456011338,2.2738440299888,2.65806289693616,2.49474259427776,2.27933887948166,1.80137274454966,1.95056233086134,2.0107698818038,2.49038668250047,2.27969321420041,2.05452803573273,2.13615691492827,2.05758865238614,3.21966372237455,2.42170796387717,2.35176304268827,2.58439951940647,2.9698980150323,1.92069016048298,1.97760492875698,2.52218777582335,2.82719461279465,2.16577777286574,2.7490476564668,2.27024052620025,2.20763945783654,2.02842501231781,2.16790448479402,2.29200231942841,2.48342168487119,2.19218201443144,2.1320243092561,2.67575177809681,2.44959410994873,2.65883628300456,2.2841489196398,2.13828128212963,2.32405847529699,2.45935459635335,2.18642908757993,2.35202239784593,2.07872465093055,2.64233428689768,2.20921152593504,2.42956340870952,2.39501105321666,2.06846796215291,2.97264981384702,2.50833494233626,2.57850324517544,2.03304968121469,2.71764949443679,2.32535717153636,2.30876500383863,1.7897322393587,1.8166096539973,2.32234678161661,2.37860742358901,2.6322959031886,2.29011974062353,2.72637449363073,2.20198787829461,1.84385343022275,2.47272700550572,2.33780224986587,2.56085400982035,2.17715001083068,2.2654340555451,2.48942947066135,1.65808185890732,2.76342087025484,1.89952568194075,2.90812194841742,1.90491541008011,2.34570039515377,2.43740778855929,2.43834021118512,2.1865980339068,2.43875751883878,2.42976127525861,2.4962344002075,2.4475716961051,2.62839156889878,2.60800953069247,2.29578191165929,1.98485119887427,2.59386247227094,2.09087690748278,1.46092185087597,1.98018317983235,2.49539967690794,2.22224328910152,2.22348725836877,1.91262866241724
"63",1.50084352477524,2.40252561110895,2.36581280938034,2.75085783794484,2.41843309093203,2.0408928701107,1.62897578951277,2.10356903696566,2.24597555826658,2.06649607978583,2.01573335601017,1.46900077504444,1.62415919212733,1.74362210647935,2.17956101091238,2.07111303537214,1.68491290524504,1.70118914362046,1.83179980093599,2.8907106179217,2.1006579467051,1.98445055348843,2.42029151353918,2.73343539014406,1.59419579461658,1.69795437905086,2.43174839779014,2.59035205782479,1.91358095966636,2.4602721700068,2.07526548886015,1.8618920021377,1.8422830390239,1.91419814346042,2.13776374840858,2.08851771248232,1.93367581229395,1.82160722187548,2.49105922880178,2.2977667964893,2.36073925268055,2.03849858047972,1.98528204820787,2.17032341839435,2.29892468381612,1.92543989697405,2.11144802570364,1.83596949669653,2.20855865298856,1.93720280948516,2.22305077093026,2.09312229444056,1.7918923310931,2.6989641567741,2.31134844439775,2.45464688350359,1.81731317892869,2.31859657863,2.16561171897123,2.13446177791845,1.60008866368577,1.49439164823933,2.07475280461022,2.04734936880795,2.57870304558532,2.18853374534031,2.47872833855822,1.8152446237013,1.6332493717786,2.37144366128628,2.08629028397203,2.16693523374827,1.99409289000335,2.01529480400886,2.17044196790775,1.41534490639271,2.6306594789269,1.66602254292401,2.68951017111771,1.78077099841038,2.04948162434017,2.13641388443163,2.11068932963425,2.07220348280766,2.19108260960438,2.29227897913228,2.32478205604491,2.14753065872337,2.1896586930118,2.31811071588914,2.12125262584662,1.74023126257937,2.36455402369646,1.81928663882359,1.44440782022762,1.6480264700798,2.25813629874009,1.86426435165573,1.87900696654734,1.49808905551962
"64",1.18257307972652,1.95825322628073,1.8708811078878,2.28305356323389,1.87608183320607,1.79152222877251,1.37481077699465,1.65852139428673,1.65473227558742,1.76959166541881,1.62274791434176,1.20730065513704,1.49356779613365,1.34226426150199,1.78581675033574,1.73734363567595,1.34228135352983,1.44787920565228,1.57344468284435,2.35895409672434,1.73939462242973,1.38684881862092,1.92294709554819,1.99804250209342,1.42432286975224,1.48740469216082,1.92615087186283,2.00427202034383,1.43483853011024,1.95175247913215,1.80089977460768,1.4789139123745,1.40855553907299,1.61452406432437,1.57901006275829,1.61840869732128,1.63506453312811,1.46132749624926,2.00711393411082,1.73140134791925,1.86443505588541,1.73111275115798,1.54925267615644,1.75109692442892,1.76766757522369,1.5889867932636,1.63722565285469,1.49087613843853,1.84338540638249,1.43284974030594,1.95094655118254,1.66678596811126,1.33026899551706,2.04795046349402,1.73044248881957,1.83905502416518,1.41469002246574,1.94821202102201,1.85003872701578,1.77027996842211,1.15381643344019,1.38451027287808,1.86184694567272,1.66035772698971,2.01969061322651,1.92964965409065,2.00318178565915,1.36651927242089,1.39192169886511,1.8685951413142,1.76538399803755,1.71119014634761,1.61707246150448,1.7682626913331,1.67349736242378,1.19135127252088,2.06199654622094,1.25826830295799,2.02475226468071,1.56590010977081,1.66634303427026,1.9004100587088,1.73665539107003,1.54841095956764,1.72821887155642,1.73098212925604,1.95216219358498,1.72612768460112,1.74731452045684,1.98851540484606,1.61345097617438,1.49894241527878,1.98872300556077,1.49545618163633,1.2871735054385,1.36883838397467,1.88944791072923,1.47096501086712,1.51700839876207,1.35069527630871
"65",0.889357015940516,1.60174262509204,1.67726114619029,2.01373175801711,1.73745057018147,1.56782147822901,1.23199355071283,1.44920593864255,1.33187390277837,1.4962708578938,1.30091828953553,0.885074675926416,1.248459026271,1.17921844688222,1.38837072365091,1.48440978753055,1.01842639480023,1.31074224590591,1.43822549574737,2.07394203468448,1.45970328031237,1.19469683594559,1.64388842049158,1.86236843155004,1.19731534554697,1.27115692532771,1.76021364351422,1.80649596497998,1.34719134296447,1.77489680595072,1.72860543941789,1.33473441270657,1.1235645939791,1.21196862881202,1.50656993371293,1.17634686032268,1.44816504454639,1.17874683614379,1.78132432291632,1.54080800632929,1.64367890642842,1.68571042714208,1.21759602369622,1.59221693341608,1.5142638202681,1.25499395515266,1.30110093835243,1.27031276007703,1.74799980681344,1.22475880032126,1.7862205305963,1.25796202242006,1.07232294979096,1.84028620298061,1.58354093830137,1.63944405832725,0.982606564687705,1.72940705502727,1.64088654450122,1.58454446614602,0.812209512035959,1.33624842806661,1.64127357895014,1.31246164456743,1.76947146564807,1.73969393514905,1.52436864384864,1.24274537000962,1.27580155997554,1.66484647065907,1.47328145360873,1.64968894665391,1.44392568633053,1.46142476249062,1.47969801427743,1.17243974632919,1.77476012646067,1.02808204820832,1.81876080632262,1.488581652587,1.44573601691192,1.88246712545844,1.56299943712387,1.24487057751472,1.24857292207093,1.54865354277049,1.67555765741725,1.42954518392967,1.6262147321631,1.86922937535608,1.29298871723953,1.29846281770197,1.78320395337829,1.29718275139448,1.15114060783829,1.14989809816862,1.62490462615613,1.37196129381387,1.39239854821599,1.05723558264465
"66",0.600414622605685,1.33866427370661,1.38739793727534,1.8155405079293,1.43693461301134,1.51955509228992,0.832970358318182,1.08408958063489,1.32456706146079,1.37997046624294,0.984727782223179,0.746874860302803,1.17368085327005,1.0095699691766,1.09174366273598,1.34786103489853,0.887033010068366,1.06379771955572,1.21277910683266,2.00607853613766,1.27551826307626,0.842121566338073,1.59618442140743,1.73800804410657,0.863624512700987,0.989377264825126,1.64011422600859,1.68081261663098,1.16298680151621,1.65637826263444,1.70976728030078,1.12867498282712,0.846742325962847,1.04800767866381,1.09581556621798,0.874354931194166,1.24263270427619,0.821819967255965,1.61686803665064,1.30732713885421,1.71579549839357,1.50114155285837,0.885289856476274,1.27470775863519,1.36004418815707,1.15665314842516,1.0651576812675,1.02072710216401,1.5294544409684,0.929336540334968,1.62650131599963,0.988007436334608,0.887349984887103,1.57274727286995,1.62590903366022,1.47781680447871,0.751562199918176,1.62021402975665,1.32441369530109,1.36440037481489,0.715307056214335,1.07537427198784,1.44415658709183,1.17977609263922,1.44850910579386,1.48896547751496,1.26074975983056,1.10687961635547,1.25840300295457,1.2997088942514,1.19099419623194,1.35393389929164,1.18782082163039,1.32710955246838,1.22066947024747,0.980644758585803,1.63354445541931,0.841742125458642,1.5098514456737,1.23885630034454,1.33112198956991,1.45331598077751,1.34416296880222,1.01095856303559,1.06489813711186,1.23512415605324,1.46804954775612,1.37066268090582,1.32313389809013,1.69759975402234,1.09268517311616,1.0690317021719,1.54955289636405,1.02540441492849,1.04733177846353,0.894609659846459,1.41024496807337,0.99363450893505,1.27431057591366,0.954864427242226
"67",0.510657066423087,1.17209195414355,1.31909988156299,1.76410403544975,1.0412118070931,1.43138795833081,0.735287423798143,0.827192238379745,0.916549412107829,1.16635271909706,0.887378676316391,0.395498743669194,0.875563902306979,0.771609734243573,0.915072072647795,0.990695958782974,0.821531119069138,0.607617357203987,0.995022059256464,1.84951991872613,1.17702899614166,0.482346897056491,1.29636108414925,1.63219145571501,0.677607686176395,0.794620793976893,1.29510113250132,1.52292638885404,0.904928489313997,1.35698307895045,1.50425943751061,0.984916896509855,0.497624080354679,0.977368003008655,0.898370663530615,0.600938434273546,1.03202678827061,0.653088357039448,1.41977307798474,1.07620150238837,1.34412040850466,1.23226947722177,0.693084795757381,0.926845425316004,1.11036450133468,0.980281684178421,0.994265622334226,0.804941594688349,1.29336209539317,0.604525102801388,1.34099167630501,0.90530345506686,0.73627383201664,1.1741441486768,1.41200978110942,1.02599828512061,0.458017008582734,1.52089659974835,1.17423832456025,1.11694627295237,0.486298923915139,0.786128148065883,1.27541514526297,1.09201086369391,1.26195848151477,1.16286246210915,1.05362508440433,1.12215779654612,1.19112983133003,0.965394698173118,0.972353153772757,1.17732885398149,0.933552775285316,1.01286005622729,1.14671636217009,0.555823235484024,1.29539345288909,0.590441121147021,1.24735492496722,0.988300403773617,0.869129016041395,1.12490216468167,1.13699212699664,0.714141583905885,0.879781620376038,1.03981780169066,1.27287253027527,1.21883216587151,1.00201704277494,1.38179087621161,0.918271788493141,0.822006568876435,1.29029162415564,0.916391726402467,0.764404577154575,0.67957383668679,1.03354500328253,0.805987268501,0.881506688796226,0.76142918397298
"68",0.328377408991534,0.90874904682835,0.779529898004099,1.33448045568262,0.572363664266839,0.934929961044975,0.310462716799234,0.364963807917639,0.53675132507673,0.799154545933387,0.722152823312964,0.109939494161247,0.674851497440849,0.644399075855481,0.717700378500824,0.835346755471327,0.667289483625815,0.468862381211774,0.834511091542421,1.64800725108068,0.726257993278078,0.442761139089329,0.810199548990987,1.19501346058293,0.442980513801331,0.714334486392823,0.808156297959207,1.29590832781139,0.719761015981383,0.984896905591905,0.867357617599963,0.709451579106263,0.400745288146714,0.759818562789173,0.52027646312217,0.345021152836949,0.633099671311611,0.439064569519571,0.736699827178946,0.645017914421544,1.07870516649048,1.08372718304993,0.539162256489607,0.653140353941625,0.715489465480666,0.439584894807385,0.729372140503634,0.374754930456677,0.685859706625131,0.524006307642847,0.989369976467499,0.877446279048915,0.348703056207908,0.941704469123488,0.96438533655834,0.565392357327483,0.376709317445882,1.04484095123122,0.60361627512251,0.515514814577455,0.208521166463904,0.534352438009207,0.676891831901864,0.706476582010954,0.830585420790763,0.713920334222405,0.976489594821932,0.938328059570587,0.799615574645374,0.597325478535985,0.62280325344136,0.898306928999449,0.379492499974422,0.718542049442988,0.750206917465972,0.466779822138372,0.951134290207011,0.307037782553386,0.818348840042695,0.55885170455219,0.423235917840861,0.753038046669982,0.842272506123758,0.363486032097627,0.656953989788831,0.730016354613181,0.942064986470647,0.874469149477235,0.647877272493347,0.945459182475463,0.617707632942695,0.504476487366372,1.06373310085414,0.429675324771255,0.451953909319819,0.487479268412859,0.677917769246642,0.431526173863808,0.650190391403037,0.329127315002275
"69",0.574761365322883,1.30964317402472,1.03631436194695,1.55717023955873,0.657413883304951,1.37099927283878,0.630312080962982,0.796073466816922,0.639211234317853,1.2008893503926,1.21128136229639,0.685202263478911,0.8636619106645,0.837885269853883,0.933423128334082,1.34823333302878,1.33856400498748,1.06381727222871,1.09781468629682,1.56264476840601,1.19093668694923,0.645759995146617,1.17422432706127,1.03883898869605,0.514669738736611,1.06706428618378,1.02360962301677,1.51194384880053,0.774740597986291,1.18906238307108,0.926917789075442,0.689971782176378,0.646430225120414,0.869994943108286,0.915363530663564,0.89687740381823,1.21607447979049,0.852268193870425,0.97066327056759,1.20515139474757,1.47749487503776,1.29069413636722,0.53375935359179,0.949848681544995,0.838925894239325,1.11681369791591,0.855687550628125,0.74944833674347,0.721764627646768,0.688414021461714,1.45251242845611,1.31180230540441,0.642437216687885,0.835133952881904,1.05375448419665,1.08520056455563,0.915360514608914,1.50920877050715,0.44453518334682,0.433892121593739,0.895825686592834,0.943743922348957,0.725032171155813,1.119571806549,1.26251306103331,0.914948351937524,1.27465411053912,1.10665518472171,0.835046858060378,1.03716995188145,1.14018804860947,1.16503670618512,0.657200263163361,0.788995000185481,1.02050296508838,1.10896317166609,1.0580404003182,0.811388424998588,1.0515258630873,1.04880718927659,0.84587614290408,0.924571858110953,1.30564428100105,0.775138658506019,0.924784824197195,1.1425888883702,0.848871257532983,0.871040052109635,1.23478708354584,1.55435951297351,1.27305956830338,0.589059206108782,0.93998534872709,1.06902547772432,0.763625711488484,0.530154113782646,1.30823988044726,0.779709614041928,1.26788279525695,0.519032988440812
"70",0.545351784480186,1.29408465337122,1.27888963146255,1.77602188626274,0.919829965535245,1.23291626333438,1.24713999509184,0.788943213681464,0.699656145216897,1.5893187463345,1.22394827028328,0.802047062994944,0.986138204714894,0.888592808203904,1.1427316102939,1.56470468849881,1.16199184842318,1.33056857247099,1.38885549964153,1.91558677899284,1.45372352099795,0.563385869204176,1.52896145901054,0.994349408983539,1.18537339021782,1.36366618138652,1.66371902604525,1.59453843595442,1.28185319536436,1.22595357636122,1.13423393734998,0.867398009612168,0.9261636369572,1.05620187221617,1.33084319775807,1.49076328100043,1.57010969373677,0.913466157200265,1.45427908628784,1.36446197787478,1.8443165411221,1.40336043369903,1.12117341133455,0.9283825137831,1.30613256282931,1.24274292171737,1.17686971546394,0.901626499011474,1.02296928104306,0.872112667854613,1.59453826022491,1.54189566443702,1.25253329860989,0.993983273035738,1.43215434127312,0.976204128144034,1.39090410166005,1.56480874900308,0.979259552799449,0.758621301976819,1.01321510412022,1.00823962889408,0.800810764650092,1.37851132028688,1.44246161600236,1.02609388967922,1.36185821212808,1.58277891635462,1.0139441158903,1.29023702035399,0.975240760311709,1.57859420634569,0.963228430161373,1.08360790549086,0.954456316082858,1.29300389847834,1.30250407215432,0.943974776552618,0.962516725715445,1.04104041347782,1.05328499145444,1.24049989279652,1.60254210682605,0.961908122503469,1.07567173167062,1.22294390794694,1.05111623313803,0.839631860703182,1.37295438389254,1.74667101217965,1.42315826979711,0.642477773102729,1.07640779072341,1.14563818511939,1.40886886437985,0.924018047395023,1.4427822554366,1.15407024813226,1.34576718054157,0.799341979302984
"71",0.528478797168744,1.93330552646071,1.67172969308801,1.96726228062556,1.12012180664354,1.53056932232332,1.58515373713103,0.902609097253924,0.969944313778874,1.57719307443286,1.59411465041795,1.03098136247915,1.11022483132117,1.13666530117365,1.12618639485535,1.859028842175,1.27572046463513,1.60422859482204,1.80461811877347,2.13397529548595,1.44766800531421,0.619576716296436,1.47180861772905,1.28988908753169,1.03133196519691,1.55416096850764,1.82136150179098,1.67554116988875,1.8498144261918,1.56102270852664,1.38301397183437,1.01699024764921,0.751370253304206,1.35688304533855,1.18268061360726,1.6070267529219,1.45076216818498,1.06364854356916,1.44819007506653,1.57807521321545,1.4094524979464,1.87167383518638,1.46761636189949,1.52743033506129,1.63206370515559,1.28999410129113,1.33344174441633,1.27350671619588,1.15781770294133,1.29789794560278,1.56301109588277,1.7281727497633,1.57145765508817,0.598569954752964,1.19133091331567,0.978435639998988,1.47721869765912,1.66084361000482,1.46001734920293,1.23953171684924,1.35859610900622,1.34917365595577,1.4935365028383,1.52998753446034,1.32727091771718,1.31674999585028,1.58695226617236,1.76694058178137,1.19274191978047,1.08722379851981,1.4707856896388,1.61128450056074,1.15221004012533,1.24863162178359,1.09106927050818,1.01500903194408,1.6021146510899,1.33209595510399,1.33980067106237,1.1698027478877,1.04643887998219,1.56638177953688,1.65849789338326,1.20468367289716,1.59567160884181,1.52882566702634,1.57531598857353,1.27823913695185,1.49822974833334,1.96808003150904,1.88022526964142,0.825659624738747,1.42285166565576,1.37998485214588,1.61842228755273,0.829914741558303,1.31582434301139,1.12019172879409,1.52051356970589,1.37493901847285
"72",0.194233076209523,1.70089991195314,1.52343776984741,1.71754514096838,0.838307790328795,1.32545794442882,1.25635208339706,0.823452501738963,0.655187024853766,1.10247894061521,1.42675250461161,0.636598570845339,0.772572621360918,0.901128967684816,1.02972186070408,1.92484787577589,0.956136013614368,1.54384581497838,1.57621417588095,2.04243002850512,1.26280530385372,0.590862523990476,1.27462264079537,1.0673821641334,0.70882985004629,1.2755386827418,1.74882392868713,1.52010733957023,1.70498338826216,1.22124149351741,1.22836429418396,0.778770638740465,0.503060174458698,1.27661514531876,1.04058647658176,1.31654099855069,1.19159411314585,0.764431614435341,1.19465936649102,1.44601280470511,1.33056886489469,1.68895383469782,1.27318181380005,1.1537764839933,1.25021254212781,1.04437824986611,1.02388848519592,1.17705801392739,1.09413301718214,1.08213145293743,1.2192741799109,1.53143682837216,1.30389683344088,0.437671496625598,0.986826042739861,0.659934355282872,1.27388732081699,1.50167198724688,1.2417917470747,0.941022766435459,1.08691293947239,1.097520336119,1.16709475109263,1.47060286302456,0.950646447733822,1.11827736372972,1.4886538665881,1.44933806476669,0.998106926349832,0.82761247372371,1.31846344397087,1.49333323720438,0.92165931844256,1.10911681903952,0.796361484506912,0.889012472718859,1.41619098103377,1.17254078891566,1.09577027450271,0.462461760932421,0.720259412691663,1.31554798483001,1.28284929403526,1.06383580714276,1.50970936107214,1.10617650505647,1.10944948808132,0.991443042828511,1.22408841754646,1.85205005964252,1.77688779731668,0.68170572814473,1.22514777886725,1.16679771040864,1.47589046031075,0.711246901702578,0.993775922080663,0.882478869113045,1.37965809667359,1.21130030080468
"73",0.192354979490594,1.34081646898782,1.28538750839097,1.48770563053799,0.645063518672625,1.05374562812472,1.00553877423628,0.548882037475251,0.614925539214,1.00033471958347,1.3189768510318,0.495341754501409,0.707303773522096,0.881314963671208,0.856414209364366,1.59403704460446,0.716044351432594,1.17408298125126,1.45721970466972,1.80335414011303,1.02314687977878,0.479827265042304,0.824521237338576,0.940719852855566,0.607575665834814,1.15353515730224,1.63208089885888,1.51263781094053,1.61770620585881,0.994879260038973,0.989894710324214,0.586795023995634,0.45529346728587,1.11591392598399,0.927799726567806,1.30457334784163,0.964522010966895,0.608520605642874,0.942291448184003,1.10781972410719,1.37319473316584,1.48625971637907,1.07179792475588,0.682829549763323,1.02126917184551,0.931514160681369,0.725834948360888,1.04279395049671,0.766991879872162,0.861580574243227,1.07399877529863,1.31353080674409,1.05175723333545,0.32390997942573,0.917969273986298,0.392852813480526,0.975961557236783,1.23466794857736,1.29412928358468,0.728019076354393,0.949654357380579,0.876945152815022,1.0525780726609,1.27651803811808,0.686195622764935,0.998282792648878,1.23237485609482,1.23780719662591,0.74824087293463,0.688517577186633,0.983415299107105,1.17483465782387,0.696030291405238,0.973636490017302,0.749967315851515,0.542710116481067,1.01088644100097,0.789007405050539,0.579118091119583,0.160957218266596,0.517211071235929,1.00049757603373,0.853950063189901,0.778192206141194,1.38374028134334,0.904392799749901,0.976271853126648,0.620302848586653,1.06788763267105,1.5269984002709,1.35026937034473,0.455751524722607,1.07297113715848,0.900087293727869,1.52776727125576,0.55104854292924,0.899850665215189,0.603551854893912,1.22388096984848,0.981649559375711
"74",0.345811264933672,1.27752780114966,0.972288165475569,1.38377108131675,0.413332935193348,0.936239492812296,0.883877490719018,0.526953051013038,0.376004315948709,0.566675497207533,1.18599381202977,0.25060102541284,0.551481324595525,0.706457056313192,0.780477340144662,1.25849423594684,0.695366464596349,1.04793464417071,1.19570091851557,1.55891329238275,0.774455540903503,0.553912694292223,0.588032761241564,0.719506340518032,0.591982629666745,1.06838801461873,1.42228001063296,1.23183824940612,1.35494512547113,0.659337870204006,0.803753009451009,0.302160993996967,0.247964089901261,0.763093112823003,0.845442186915711,0.958076867554499,0.782994794655876,0.387992194123841,0.986225039032556,0.915614971980214,1.10421280386222,1.31276408666207,0.848393831150194,0.320057212350099,0.651737328157102,0.818674389190715,0.444504005306374,0.903079986463292,0.515200973202655,0.721736309177722,0.984416702342683,1.03278876051024,0.682632941259972,0.192424425363653,0.834208764913814,0.0542131872942774,0.760722141207772,0.980406080667287,1.08776955201405,0.457358010415919,0.833268890508788,0.821678398018545,0.682279231755349,1.21910934476835,0.49399504537818,0.973665834104218,1.21868995557716,0.871288818965634,0.520262526241455,0.686708041878089,0.64670160405134,0.90768331631408,0.782134829968384,0.846576479357204,0.720977242393026,0.227230842178524,0.887850068884804,0.454910039621817,0.575260825703293,0.254601924895394,0.441035107833933,0.979878275605851,0.64902043615378,0.505055575080345,1.2627438438823,0.73547435761707,0.597358374639623,0.53631146015077,0.891073934597029,1.37648198191985,0.996365686457256,0.345406126857659,0.872261778034577,0.734479330004988,1.20104474328799,0.420357079066162,0.753709669218071,0.434588148889799,1.05627551041401,0.780193348101858
"75",0.188450218111795,0.764144259928117,0.838497572471686,1.16006290418165,0.177995215857279,0.861643419336454,0.581294858970804,0.532506969259358,0.378997000514441,0.456401303624314,0.843055566227694,0.11437082756488,0.409517824219566,0.614368184295441,0.384561808885367,0.967420084506709,0.625201671827769,0.746855885934695,1.09159633241048,1.44024288130688,0.626504190871368,0.452780967481555,0.503841183333314,0.601431646486816,0.401239652147772,0.724445408085398,1.16435319382496,1.19565081500406,1.08005665788456,0.34784295771407,0.487472874421421,0.179184008627648,0.0912814548957463,0.465272834067667,0.644563865510289,0.808922398324893,0.384870541058743,0.210169428197404,0.725877726712605,0.670743033887377,1.04374253937062,1.0601772634926,0.600293171619772,0.187162285107967,0.552923064436008,0.565018070579895,0.260271787189372,0.749875345908796,0.386443941132633,0.646564164159254,0.7122826361788,0.914914543374234,0.611343310073734,0.324154787068854,0.733117037332913,0,0.486878783182075,0.835434482711974,0.868993382887687,0.434518688691159,0.644629751476029,0.654901711884198,0.401993304888547,0.914311623862091,0.278665027239165,0.756607182157704,1.05669146142251,0.706084157269982,0.358114191864728,0.498840092605514,0.452726098863846,0.581215441467225,0.559031975938537,0.653970510115686,0.395542180602795,0.168120108207164,0.725364595758394,0.0576541231085886,0.473873404592502,0.0332294494637714,0.186708695848705,0.692590347349079,0.44015635320225,0.160329943801619,1.14713604951251,0.628149471023667,0.486956494724898,0.440308628093306,0.779544232102942,0.988973458875609,0.886235717025108,0,0.708375438524144,0.5691109426633,1.00525280697485,0.249458495518308,0.614167637941167,0.212551632811982,0.748044443758352,0.677941478444176
"76",0.0784889972840524,0.603692557698988,0.694205319790031,0.864598942202582,0,0.594082007209636,0.473622632590946,0.464538518202469,0.0958634721528925,0.433390007616538,0.608595558336506,0.0783481468718587,0.203252802183368,0.362560260698183,0.160370979064028,0.812224518221664,0.538696001053406,0.581645372665005,0.935087195326538,1.24051611033853,0.597801957877781,0.359239386790879,0.44631647610775,0.41508524253795,0.169930139411282,0.4802070528346,1.00465175087258,0.876465176446374,0.90368707514035,0.302031756919282,0.42079423064772,0,0.137338531202183,0.35256065397384,0.632600582923319,0.533179130279943,0.249501596227844,0.235045014251838,0.450484423863883,0.489363602426421,0.811016678648421,0.863266995517116,0.489943426569425,0.281822605090089,0.497366955497668,0.534544534410862,0.0669288862439732,0.570656016304877,0.301227847766949,0.522077602959958,0.440131341034622,0.85165234851782,0.313166677239356,0.200390311855223,0.313526111357288,0,0.302140726274832,0.647969504759787,0.67328447353028,0.400242479279441,0.409088982420783,0.334209456186077,0.282306962469493,0.731611650314084,0,0.518071093956779,0.833882869662669,0.478284172017994,0.157521700882758,0.183973941308102,0.216136072930544,0.581957689728883,0.371581926373634,0.495944549916396,0.269252671707227,0.0787940002968627,0.612555655839966,0.0855461295452502,0.327211841572738,0,0.0772041540133563,0.445092479864425,0.167601247608729,0,1.01653045490924,0.676052429006831,0.403357115286001,0.391407402192349,0.523343507127733,0.986441012675365,0.72561179578901,0.0514609460096713,0.440068018561221,0.51575174827653,0.658157607583412,0.171538957531489,0.364638556342203,0.043264704431707,0.506111616533825,0.455430835856203
"77",0.0875087643197702,0.489100755224844,0.570847257611395,0.701133716662823,0.108438741520241,0.712017572556426,0.134415149934872,0.146563889551982,0,0.236444972610111,0.251300229188919,0,0.175890505779717,0.385106276508885,0.0973577310911615,0.768913262542681,0.580625078156643,0.346779310625928,0.723953917748831,1.08226692848256,0.452012458134289,0.228382358085202,0.236481057302194,0.438950170284845,0.0133276930355407,0.260992978415264,0.635075525755703,0.53982004935774,0.802506664134569,0.0969750319842904,0.374339874314738,0.138481653592729,0,0.130475232861616,0.438559305180746,0.482676243076866,0.112235724388563,0.200701836877609,0.458607237743747,0.215990535586671,0.657310414152451,0.751609045166171,0.190732990633748,0.213820743633599,0.244755394066972,0.356931208306473,0.135745766194986,0.302941450164829,0.0336799473860348,0.44549512951938,0.272327634413431,0.715381500503912,0.106056124866471,0.152756455253595,0.0704560957522561,0,0.131858280375205,0.589175877758277,0.553993158739869,0.256405691434986,0.131223320115365,0.419268896703128,0.0735377629078657,0.473704784459685,0,0.171910325456911,0.753986208078389,0.299756199718073,0.101618691192849,0,0.157848565100312,0.323457306353157,0.290947558568123,0.423827677957688,0.125292179349157,0,0.356914946607688,0.0536585224595498,0.283879626532785,0.111180415947351,0,0.0266709478929883,0.187182158892645,0.24519777499191,0.975735250951542,0.519208067170815,0.114615180611819,0.16596323031842,0.198521763272243,0.593235900205413,0.605493094694277,0.0584799782205083,0.0341837773669615,0.510079793417351,0.639006142908712,0.0832932930817968,0.324479720080208,0,0.33993414713707,0.183858259288568
"78",0,0.391136222920453,0.393280713716828,0.66707682826009,0,0.354594366105954,0,0.00703843753932268,0,0.117530429512616,0.35906781132026,0,0.155341020085569,0.221976501665441,0.215332377369736,0.681766041593623,0.505514418050721,0.167547537446851,0.517107557044396,0.863089671376952,0.138127919044055,0.223605937760021,0.208111349390809,0.391661260321107,0,0.0150189656169732,0.499376143391153,0.36200941283222,0.609665205346848,0.111955492989613,0.441926246356444,0,0,0.104499364124901,0.376958626103012,0.481309540927562,0,0.183382049134127,0.362485828337608,0.197442349683347,0.424983884491422,0.535292983761502,0,0.0713118700614175,0.333801899723517,0.29000590921544,0.0736271504804629,0.253875853833613,0.094331170696651,0.315274435192587,0.120030623150057,0.565497707942094,0.151408010725865,0.28469492360161,0,0.168591370340832,0,0.351514099274898,0.478496347685826,0.190604757713927,0.131558843060272,0.149840541344853,0,0.301300489224877,0.0198143693243346,0.0396216510300033,0.527260147090921,0.242866851339996,0,0,0.151244694056099,0.0915274364813049,0.263828702579509,0.313704093530719,0,0,0,0.062879719624666,0.0935492286022292,0.0729444456210096,0.126356864448845,9.14469903136924e-05,0.0886171699676883,0.0372669491384348,0.779357684473512,0.171054152482661,0.046472027035541,0.337383114767294,0.019981209580405,0.472092853505933,0.315816454541617,0,0.244308832724243,0.361323839234515,0.39408831528634,0.212937316853377,0.284522533812807,0,0.145046695800409,0
"79",0,0.171576325087348,0.273274868582102,0.454174529558722,0,0.13409281654075,0.0400166140625606,0,0,0.0504132222244666,0.124649203092063,0,0.137160708014563,0.0145682907190045,0.124545804310059,0.50301309687093,0.357820647797597,0.21352994192526,0.50228181779886,0.681791880056447,0.180596228232649,0.0964543040859374,0,0.285341518302139,0,0,0.103833981291059,0.0679339978911002,0.531606760622981,0.045112051904181,0.399949621569988,0,0,0.0627838307066409,0.474540152015592,0.417449758641834,0,0.0126093950711253,0.199014436961862,0.252433690959033,0.339538202653725,0.396335051886058,0.0732524568167081,0.146239935344108,0.111456140974366,0.215604299894274,0.00299344423949974,0.163691105633089,0.0668521447231027,0.34341330515233,0.107352075281054,0.36605921377291,0.153086022356691,0.271076122452506,0,0.34806328226365,0.00908372971576055,0.123421009348057,0.360901329129244,0,0.123605630937317,0.144517437182141,0,0.291717094426388,0,0,0.361085967678161,0.176602101381613,0.00209052547401252,0,0.16596118373934,0.141116758870151,0.133013043481293,0.0986294202400432,0.0433591117234653,0.149319531636137,0,0,0.0501730262208105,0.122498197809011,0.140557549290054,0,0.0558053128369183,0,0.57518340134331,0,0.120242502209657,0.17401838442243,0.0104594743814849,0.346276954023544,0.301004218563019,0,0.0912349239668798,0.161891716873868,0.224216253585442,0.233982731749222,0.136947809512156,0,0.188545597453035,0.00817383038409581
"80",0.0997729379384645,0.00507046918927933,0.0899903361441208,0.226060928430017,0,0.115275769212249,0,0.189842605900068,0,0.153951618698542,0.065704409920318,0,0.132150423232943,0.0147628947909066,0.0229890827965834,0.283745839194433,0.388058802598052,0.145450842739811,0.420217283903184,0.585196882303152,0.0832436913347616,0.0636527020431989,0.0867106665921284,0.0425769854187941,0.171340393366272,0.214676192695004,0,0.187795479213597,0.43348828195964,0,0.195145225163121,0,0.0919190562960878,0.109579153941111,0.362088233488572,0.0673973306611139,0,0.0720489367546417,0,0.0597831989299869,0.1828663716128,0.283844151287267,0.170994781471016,0.166809879820417,0.073389721195865,0.13187156011425,0,0.189974058803977,0.00196382017505142,0.153012517735313,0.0959185351195714,0.277822922605493,0.0890335032245065,0.187114040494676,0.0701430156655281,0.140433990103114,0.0289790180840795,0,0.201100425145916,0.0223853965606228,0.014616397244874,0.189531684698913,0.103147035059057,0.00786199586956991,0.0277067104621088,0,0.241227975970467,0.100118064118439,0,0,0,0.043011020262368,0.12139294732052,0.0970209124491703,0.0431495001469525,0,0,0.000602427658900085,0,0.345044913691358,0.0246127724208189,0,0.0775879506340392,0,0.494082467731901,0.102071611689575,0.148700333556842,0,0.0625830891695015,0.194063890281866,0.16959568098253,0.0641847543893903,0.12864808971523,0.200793433877354,0.185656430656014,0.189393840363969,0,0.0800559410023324,0.063681257271775,0
"81",0.0859534246051956,0.0784224654130519,0.149937173333503,0.114080088472617,0,0.192686437878017,0,0.071122581304038,0,0,0,0,0.118842641244037,0,0.0837473044006066,0.0966723718804595,0.238110526335182,0.442879658353074,0.316672779117209,0.417389599596497,0.320297414302309,0.00927596759464552,0,0.0485913684612506,0.224697851657578,0,0.0386973672530635,0.175390602660852,0.415204080134857,0.115071076842995,0.112702990215504,0.0628971227302465,0.0260114179267393,0.10109781981224,0.113777693497812,0.065562420143581,0.127210091737174,0.0578086284504428,0.10187141428613,0.0607205540153398,0.00840835156280222,0.295558396993845,0.0920268049713399,0.120991266171278,0,0.207865063268078,0,0.199932637392034,0.0791492759896732,0.242933829599717,0.0107059485343572,0.184692787944298,0.0884142622258345,0,0.0987805933091863,0,0.0797923993166409,0.0401171846615419,0.121273793044718,0,0,0.103859000367442,0.14932348541801,0.0687635426011635,0.028590761710446,0,0.26080928517905,0.119160651010106,0.126573713549993,0,0,0.0460770905313539,0.0342193758016062,0.0201270922001423,0,0.0969303610540314,0,0,0.0523655843401199,0.41533427841492,0.0710181237222696,0.0852776981835812,0.139170897201663,0,0.430088015393676,0.324631114176927,0.0690283770513747,0,0.112852748809165,0.274839653280378,0.19649475223493,0.0933713754101589,0,0.183535876085725,0.245937996924701,0,0.0163536450923562,0.121936751983969,0,0
"82",0,0.0465750724821475,0.100108948637881,0.0225996064090694,0,0.085643987557383,0.035449146993525,0,0,0.246463131749,0.144714717746649,0.0136274105994496,0.177964124703802,0,0.0299565257763835,0,0.311101818959358,0.0778207504334569,0.181666847261807,0.237326130714936,0.175515178222041,0,0.0529708695079329,0,0.0413949263905218,0.183827344029739,0,0.105942245044179,0.142023899378924,0.105243237825876,0,0.00233084172045073,0.00490215904702402,0.0605002220176369,0,0.109289732882271,0.0395112911114557,0.0893842614638664,0,0.0504225279450277,0,0.0524224515517041,0.111415697706261,0.024313008427299,0.0623972058118783,0.00138181430733431,0.0693092084449771,0.274470356920522,0.0847272682999486,0.0544548433653018,0.0771955243632525,0.147008405413773,0.000821339006630499,0,0.10460324453541,0.24583784265484,0.0564438671984876,0,0.0832236471093326,0,0.00215751831124424,0.110048397889215,0.117468652991754,0.0701740619073029,0.0180221469268964,0.118823182013369,0.174101340977964,0,0.136844186900797,0.0736646599972346,0.13145330553634,0,0,0,0,0,0.0351014161626765,0,0.00871308494254838,0.0576547035797117,0.0533381086958802,0.0965176153101791,0,0.1425316151924,0.197525943833237,0.215393720664727,0.0334135075591002,0,0.119179953114667,0.021540937609885,0.0648808410526756,0.109618743827877,0,0.0883409638564106,0.0822400600736396,0,0,0.000552529784991748,0.00233737112544575,0
"83",0.139060544857929,0.257308834769169,0.106486805183552,0,0,0,0,0.0327385705825983,0.0830397763103788,0.221287121113879,0,0.0263293018805084,0.0167218101944009,0.075096744220794,0.128903277259777,0.0694751946275997,0.10155648113755,0,0.126666835103889,0.19537487169532,0.111918478124489,0,0.00915188916690458,0,0,0.25609423046391,0,0.0565535416185237,0.0534814034985349,0.0982497523267389,0,0.0825657370768772,0.186745928380237,0,0,0,0.0885517494575302,0,0.190549458308957,0.167602193805022,0.0757592347828807,0.183181632951219,0,0.0845799791773718,0,0,0.133372969895758,0.221924529419063,0.247195087414455,0.0356557336665339,0.08288906013685,0.0181132908332859,0.117173190247803,0.0910266880528642,0,0.151858490111192,0,0,0.138305681777271,0,0.0981004217697881,0.119859353773173,0,0,0,0.0713647315873144,0.13518217848137,0,0.236210694926169,0.0164007870201007,0.111107862513413,0.045605786052535,0,0.0661407237751755,0.144249295004795,0,0.146798715854222,0,0,0.189433561692399,0,0,0,0.0398933332276993,0.181801412330112,0.0598136251089437,0,0.0576764505248105,0.1288339933271,0,0.0692686952984687,0.118872443820797,0,0,0,0,0,0.0957867690600945,0.240649909280632,0
"84",0.0515669387667363,0.163414532729842,0.116769265586347,0,0.128825417759725,0.00135450092979863,0,0.107071605563537,0.0499949781861525,0,0,0.0881481128078425,0,0.30810057586634,0,0,0,0.146686431088393,0,0.0960041489576133,0.151755408559746,0.0444636737718683,0.0483645585710522,0,0,0.0746604889346014,0,0.11830618920766,0.0426316104299248,0,0.000838820850914321,0.0904528547474444,0.121459014258173,0.104850500269699,0.108777615992352,0,0.104191103097208,0,0,0,0.189861173778002,0,0.0241684267845946,0.0746984261255515,0,0.0490265241432979,0,0.123956683246093,0.0863313862629234,0,0.251860272812051,0,0,0.0400441227196862,0,0.14363315365808,0.00209741807995534,0.0735499833134915,0.00655748037356453,0,0.0649434229411062,0.161789507195257,0,0.05027308100144,0.124591141037543,0.0975293762276548,0,0.00246480119106602,0.121904772504125,0.06854299654378,0,0.216418059160046,0,0,0.150584839797354,0.191489077465703,0.0201546085442253,0.12798161855661,0,0.151748563154558,0,0.159060723464772,0.0461543006090638,0.0663461588181997,0.165983949098597,0,0,0,0.0760070584914367,0,0.0767413235475984,0.18284255239546,0.0115282824606996,0,0,0,0,0.00852196842076965,0.0289308140613919,0.0664023411414905
"85",0.0624746092178802,0.243293502419674,0,0,0,0.0536663748954734,0.0980652751627298,0.0594439564222937,0,0,0,0.149154758173907,0.074295125482255,0.24352577110137,0,0,0.0372397117921576,0.202493363910354,0.141433663796389,0,0.0650456966692375,0.00121779466648596,0,0.126379758607434,0.109782061171235,0,0.00649687293844249,0.0435434259807611,0,0,0.122658391442784,0.0744523543172582,0,0.103663659531416,0.103416277402094,0.105199336785193,0.0991443357981009,0.100536787912883,0,0.0385297347820493,0.099540894869894,0,0,0.0348711396343356,0.0815067071838276,0.0813913373338995,0.10673480190364,0.0856095485700307,0,0,0.222028070792951,0.255823998739746,0,0.180112138006416,0.0699507258443996,0.114679847162521,0.000878104280812008,0,0.113325588793968,0,0,0.0649631120112595,0.107254421204625,0.0104673061340637,0,0.116067763358054,0,0.000716527133957256,0.159211788396494,0.108449237051723,0,0.303030988894942,0.112617444001308,0,0.0143402221541134,0.0059252026406328,0,0.249679569523611,0,0.150959603962325,0.0587690394094562,0.069890963438899,0,0.0246987700027838,0.0835004367657828,0,0.163550197005044,0.049156502686568,0.0426016154310258,0.0233995017442536,0,0,0,0.068406313685298,0.0209339264223848,0,0.0764412552412178,0,0.342929051724483,0
"86",0,0.116247995325262,0,0,0.0241258502432488,0.084943851088054,0.0137067636669798,0.00314875773664227,0.0452109342466425,0.170090973038438,0,0.132177468200627,0.11794055968531,0.248983964034011,0.0411870284798371,0.0143325609773903,0.0232972283176447,0.0665415470466676,0.138937088336976,0,0.129522282606853,0,0.0294572660173334,0.0276894058531764,0,0.0448087409210813,0,0.0750930495871001,0,0,0.120906852757914,0.0211229448239897,0,0.00497159803123874,0.0596336731887801,0.111810025571729,0,0.108884286082006,0,0,0,0.141610434849953,0,0.0580017045233182,0.196358967331961,0.0105943962753965,0.0859626155171225,0,0.0989369609955187,0,0.111354827745879,0.336731363111562,0.0316654520036991,0.0146469173454443,0,0.0418569776717455,0,0,0,0.123044230317751,0,0,0,0,0.085366650136028,0,0,0.0626876930385928,0,0.0769145185054726,0,0.0752768793952334,0.127357764534123,0,0.170213358093873,0,0.0583077817808019,0.13786979780659,0.0759526885421104,0.238965386312155,0,0.0137709584415719,0,0.0401353972233527,0,0.0482247751415373,0.159824756681149,0,0.115165855799101,0,0,0.0791864932031968,0.0901429108743474,0,0,0.0954918611118967,0.0481371738273868,0.089444047988894,0.135091525578517,0
"87",0.0734667846475607,0.0828734719625687,0.203945872242109,0,0,0,0.00211919314300365,0.0155240522652317,0.233244823510767,0.143011575826067,0,0.173358008149956,0.154994706719361,0,0,0,0,0.106576673329477,0.0334929350421092,0.0686394994078885,0.0171775091067967,0,0.0374921713205589,0,0.0853273707140324,0.0414337299687467,0,0.0880539854982568,0.171564801078765,0,0.11850141160198,0,0,0,0.237493916019132,0,0.00555634436527854,0,0.0295445134119387,0.0440048780527243,0,0.333537868250138,0.103013073315003,0,0.213948047254855,0,0.00112962468598474,0,0.0329369789871909,0,0,0.18961628838762,0.0922428350085635,0,0,0,0.233563835173707,0.0659509546960491,0.142441123037735,0.104068137562777,0,0,0,0.146081951346361,0.113362181308429,0,0.0343192491283585,0.0564934122254329,0,0.0498962816761159,0.0794031493709107,0,0,0,0,0,0.0961745220118188,0,0,0.150278555346514,0,0,0.0954334305430833,0,0,0,0.166362913762076,0,0.083539637333399,0.146392547898196,0.0919381115484186,0.0388955083111264,0.162778509050392,0,0.0556263034957707,0.0905067009382701,0,0.17255463790702,0.00774049117482761,0.10089113219181
"88",0,0.134188018371883,0.0615321906219528,0,0.131904658537061,0,0.00757332704032321,0.155300733752982,0,0.167000166912875,0.0132880345637746,0.0215589864148868,0.0786093556583562,0,0,0,0.065416707204785,0.191395798109998,0.100948828944863,0.130991819544083,0,0.0769555170239359,0.0254738208375854,0.0662899546458539,0.0923817366905841,0.064622167950742,0,0.143524570418169,0,0.0713570911666045,0.230923680053362,0,0.000116870857134728,0,0,0,0.129067098978833,0,0,0,0.0914841240534131,0.3551093261366,0.0911249112177979,0.026325176329225,0.126974980426666,0.0908992484622521,0.285639018681257,0,0.0428287741672737,0.110230184385566,0,0.157276075782777,0.285280441390689,0.0345386561821711,0.026672692826185,0,0.0111100689615804,0.0816388019984283,0.197483250177641,0.180648401108465,0,0,0.0330464227495764,0.0561287382553087,0.0249612175143946,0,0.164491067074129,0,0,0.0205020188307258,0,0.0101627615844956,0,0.0863304298474559,0,0,0,0,0.0337697737947045,0.162957130833969,0,0.152866435421677,0.0652983148191264,0.0423528234029439,0.102075876669002,0.00425452102346711,0.0435113331376842,0,0,0.0359775136158781,0,0,0,0.0801845074497986,0.0638996320650722,0.0543671898929682,0.00287784539600801,0.13951392562228,0.114405992210442,0.1382501906412
"89",0,0.0838263533966003,0.0290386132503963,0.0517248831084856,0.140133537331918,0.075029386725556,0.0419820951651996,0,0,0.0914688479216036,0,0.0258299453002024,0.040220426802653,0.253722648162333,0,0,0,0.236246090325893,0.0649357273617789,0.0914730526285153,0.0606934347645133,0.0529262316314043,0.0273494347612655,0.057816892781857,0.0910514234846684,0.0339952048642168,0,0.0492344124090736,0.000361683400170106,0,0.159133808717008,0.102230781628799,0.160769708167361,0.0737666867944649,0.0274183681080417,0.00693558221683169,0,0.0199516889889871,0,0,0.0991771369739078,0.164691985544065,0.19273065943759,0,0.0550903620486617,0.0220094105235694,0.148159727739616,0.194364551195073,0.117527111692562,0.163717084830499,0.040845419424859,0.0659456840212699,0.0341432793517777,0,0,0,0.00556740318212114,0.0237914932287083,0.0946087185999638,0.0817020395171925,0,0.0519309016070276,0,0.007806034471433,0,0.0557622023973517,0.129564262352852,0,0.0778927869769647,0,0.0123584720273753,0.0995474892473903,0,0,0.0240395012974668,0.177840028880699,0,0,0.083161511334329,0.0275095218973497,0.0373724074400835,0.0527945679441986,0,0.0604717169692184,0.0600546475310841,0,0.147379463784899,0.0414719865214556,0,0.178478944868027,0,0.0497849185175619,0,0.135775019068437,0.0854029654293446,0.142404368043461,0,0.105048455789403,0,0.129724626439383
"90",0.069670025703393,0.17781271116794,0,0.105615803522934,0,0.0661972122115285,0,0.0249237382906412,0.0208419450508687,0.061196825734237,0,0.11170011012041,0.0829028517857023,0.0469610817873422,0.0987887533716713,0.0478129930104588,0,0.186613757055993,0.0819328797614858,0,0,0,0.0711612254264252,0,0.157417882886845,0.314840885053579,0,0.0885304298608456,0,0,0.157112851099463,0.0332793392020539,0.343284705454026,0,0.0033011063972484,0.188760718829176,0.0832667016750936,0,0.130090787274255,0.0364960556849188,0.280307113065609,0.098305559019093,0.0718621049283382,0.0318223392338274,0,0,0.143593152128269,0.112453094696932,0.0201148294502929,0.235443082571677,0,0,0.148707510227617,0.098693995274044,0,0,0,0,0.0514182907558267,0,0.088406482584457,0.0614221834579266,0.134755171268948,0.00771207675960345,0.0514250391125975,0,0.000129117506205617,0.0608722222644504,0.119355298270159,0,0.10744981812614,0.0235979073108156,0.046467395562898,0.0509314973532028,0,0,0.032031643425301,0,0.0257399741522259,0,0.196475771605839,0.0113642529637029,0.0613696681746022,0,0.114120030518499,0.0713061381970735,0.121421875405069,0,0.126809743110817,0.267919988113164,0.0797385748270841,0.089260220052991,0.0225961858694005,0.0645383409268698,0,0.0692519446368853,0,0,0,0
"91",0,0.0170133169438774,0.140344206337482,0.196678496743465,0.0278208417204622,0.0207096004561642,0.121254679107284,0.132372888275243,0,0,0.082484830589871,0,0.0902920951422962,0.0551855543640702,0.146072038690665,0.014589449882425,0.109230699309164,0,0.10320385724981,0.0127723548110385,0.0998174760405786,0,0.0639034540021947,0.164837143913146,0,0.223441451734538,0.191121576945132,0.189692224661351,0.101306643783606,0,0.140242322483138,0,0.279837910719408,0,0.0249819239576874,0.0835035446217593,0,0,0.0677548986812509,0,0.0959190740526946,0.0969305542175335,0.0258988834512107,0.169430365903135,0,0,0.0949551253717059,0.100438192903111,0,0.145941765417904,0,0,0.0222020037562109,0,0.0875727465907845,0.0495428264494213,0,0.116586474842854,0,0,0,0.124063596117336,0.0787225212474028,0,0,0,0,0.0373512886841611,0.0945741899080758,0.00590242702444395,0.0587416630067082,0.140472616943726,0.0888386567230486,0,0.101483017181473,0,0.0339946293935218,0,0.176087291305755,0,0.0922381263877239,0,0.0748782415477564,0,0.0769736186135589,0.149340302977037,0.00411355998315037,0,0,0.0999543620204605,0.0887387062586802,0.190047483276252,0.154252161464473,0.116168669054306,0.0963013195314419,0.0646342056835919,0,0,0,0
"92",0,0.0173606037493708,0.064200245524003,0.103471762913451,0,0.0319580112004064,0,0,0,0.00847476171378062,0.12184441805655,0.0174041506524607,0,0,0.061514719056076,0.0424720796077678,0,0,0.0978272257109102,0.0337793441751603,0.0276423479105016,0.116815914520814,0.172819398721499,0,0.0684620288223694,0.0445103284196416,0.236898813412662,0.0709794927852047,0.0652142086489373,0.0540426942823533,0.131439074626602,0.109948307776828,0.243998943751267,0.0636097619953007,0.0733249373669514,0.0322230673282297,0.00642955604846008,0.0544863880590876,0.0729819110671757,0,0.155971435940621,0.0136046846147475,0,0.092040299835518,0.0526397261574627,0,0,0.0783826889885955,0.0282301040622462,0.062249322437135,0.0816055459920949,0,0,0.278559882831379,0.0885171349928096,0,0.079302781811992,0.125481407141911,0.13288964055865,0,0,0,0.0857596927604095,0,0.154779988869521,0.0539003523313713,0.0628872295251062,0,0,0.0472706476318567,0,0,0.212633469561812,0.111521790104792,0.0297735553847684,0,0,0.0289535251872895,0.0935259186016572,0,0,0.159134775140571,0,0.0881406183278042,0.181953912764994,0.072390418658787,0.0933192683237917,0.0419937282009992,0.00303393955776044,0.0358979098559718,0,0,0.17362510680347,0.150406134843517,0,0,0,0,0.116842241180363,0
"93",0,0.062708768778101,0.124649249749744,0,0.0231740672035136,0.179464626037964,0.242609493306166,0.0216470878509882,0.00787680135349772,0.0327716953085817,0.0047590013873284,0.0514331267537184,0.0241631283799771,0,0.0667466198623144,0,0.114175021329344,0.126735384049281,0.0109889664514109,0.055960122029204,0.181043454160214,0,0.0617646042678392,0,0,0.0547659219392803,0.138539999658652,0,0.0144010381494256,0.127444267644718,0,0.106794746086128,0.0548333722747969,0,0,0,0,0.0511091900412775,0.061720271396539,0,0,0.283448231793587,0,0.0561495529730562,0,0,0.147389465190688,0.0586907960053685,0.126266869854542,0,0.154727553135871,0.0988893506282629,0.141549879630132,0.162002557000923,0.146038440014244,0.0698881382680691,0,0,0.087319965768838,0,0,0,0,0.0945237085556166,0.0636851131525641,0.0454669188165013,0.0406952661050925,0,0,0,0.0259055560787292,0,0,0.00187820688936909,0.0474549237464549,0.0202645176728651,0.0431459808617918,0.0559040614630288,0.0824479521453534,0.0942666525061582,0,0.0924235294659204,0,0.129629140868948,0.285067295168912,0,0.219152067478266,0,0.00574795491845197,0.231344378250268,0,0,0.19800208538765,0,0,0,0.0319178598637191,0,0.169846643047567,0.0343143742107236
"94",0,0.133107677810527,0.138451564371399,0,0,0.0789907457756143,0.0379391927735951,0,0,0.0896499447697635,0.0966262238319553,0.0757883419483376,0.190677539866021,0,0.0837744401843157,0,0.0753026518487553,0,0,0.130702203669549,0.0821514477592545,0,0,0,0,0,0,0.0528195532866278,0,0.153231184218847,0,0.0779148734454647,0.091567077568415,0.198263865516622,0,0.00959959476750706,0,0.0582523234741743,0,0.0730381909833761,0.127323164285968,0.212456379764277,0,0,0,0,0.0574151615922776,0,0.117841545608225,0.122864986438851,0.0490842345572144,0.230252762339884,0,0.286061267186516,0.112839331316692,0.0350064904340145,0.0570516533942749,0.0108828396725516,0.176361900108617,0,0.083886590841395,0,0.10681758219717,0.120179289593749,0.158067822989909,0,0,0,0.0010034768457866,0.0456179799394454,0.0835187920021178,0.201832877594832,0,0.0955756723397492,0,0.139550483894953,0,0.127639588152231,0,0.076773634499657,0,0.143161844945332,0.0737447042899607,0,0.261189095614853,0.178828770479726,0.0769816260796659,0.134448739110316,0.113178787212847,0.19728937651513,0.0377050446703116,0.0167482186831753,0.0136990220878758,0,0,0.127558997288224,0.0816963274371454,0.194372919788974,0.0920470478243007,0
"95",0,0.018233993178221,0,0,0.063897175207647,0,0.0700580874356815,0.104463773615023,0,0.163694671229274,0.0454952656406744,0.176532642264581,0.194747276178388,0,0.139938145948442,0,0,0.0791689569942807,0.0556216089308154,0.122245703122718,0.024686034723911,0,0,0,0,0.016201539359321,0.0635525445812657,0.229695025341443,0,0.0691167982173078,0.0162061245303767,0,0.02372800240597,0.26121524670611,0,0.101779833962513,0,0,0,0.152626123785861,0.0975763261419548,0.193445115061748,0.0441961673948956,0.21174261178007,0.127149095732267,0,0.0804470124879297,0,0.162857326167063,0.194667278459826,0,0.162244020734028,0.0804491311214723,0.242225468434758,0,0.037797735631751,0.099840802914269,0.000300687823036435,0.00183265887725388,0,0.153557234464351,0.0615295978039889,0.120673700030865,0.0177556192024216,0.108297043637088,0.101010591480283,0,0,0,0.0343805447968644,0.0820090010492247,0.161881898027968,0.0520596754031495,0.131110695391853,0,0.0060878654605775,0,0.140202559131348,0,0,0.03483816032722,0.0943072583593334,0.191940857778972,0.0648088059165441,0,0.31107021033402,0,0.145367797358955,0.0712875072121844,0.10447258094646,0.204504508589677,0,0,0,0,0,0.00627148644932521,0.2365851401373,0,0
"96",0.133091833128215,0.150758748036985,0.140718260657414,0,0.0919756804732232,0.0803122024337665,0.0623814393465236,0.0804159753693575,0,0.0729839270290752,0,0.0737774378681505,0.292137332533876,0,0.0545150350449664,0,0,0.0980351405840483,0.0593617373617028,0.246297882932457,0,0,0,0,0.0144198579544671,0.0613293693986547,0.0357332269779296,0.0168861314525009,0,0.220996315908409,0.0766971059059813,0,0.0503797096734303,0.225760336598146,0.0674495853044936,0.0112024235150896,0,0.0681451974179006,0,0,0.0217690792319557,0.0945319693691943,0,0.0958002289412327,0.0141816525738063,0.093079029595062,0.0126168439497862,0,0,0.171173743328805,0.0354468933279161,0.0321787464227024,0.0594228773427851,0,0,0,0,0.188248222054037,0,0,0.0508314887654114,0.0123212168853817,0,0,0.0897319711276757,0,0.0367630030657578,0.0997834421742703,0.0675258505750457,0.193627421466025,0.108848575571365,0.109526926191202,0,0.00455040283418169,0.0999949079343385,0.0412071168732893,0.0910737658394293,0.158340698535211,0,0,0,0.0143477149370272,0.0911325993571998,0.110720157426444,0.0266854666388359,0.209997592543849,0.15827296199544,0,0,0,0.17810244143666,0.0281873365166703,0,0.0400570799228221,0,0,0,0.182906894838367,0.132564365605069,0.114793012857349
"97",0.0104771063415185,0.215704554462989,0.0060708146095522,0,0,0.0518029694096669,0.0636278575202707,0.0888847713705177,0,0.00803035684854352,0,0.037838620182433,0.208970045735321,0,0,0.0829723828952689,0,0,0,0.160063599815002,0.0554595898636804,0,0.00975850723420047,0.0501065043112096,0.0452974118102693,0,0,0.16045438766977,0.0588394040600258,0,0,0.119497621841069,0,0.0957482643442235,0.000681688009474504,0,0.121743929123829,0,0,0,0,0,0.0140003634533267,0,0.0747507254570582,0.0703085794984164,0.1739232880399,0,0,0.204405694834135,0,0,0.110886507889314,0.0503064619309921,0.205828328469522,0.0634782104700148,0.0614671467572998,0.0524388245007184,0,0.0865520562800397,0,0,0.0441184700206148,0,0,0.00370431716701938,0.0193679021221004,0.0824700758260389,0.181020967109514,0.0540455817460239,0.0950993079380239,0.0493017886921474,0,0.101678974266014,0,0.0738483052361244,0.044652907129288,0.131320160101214,0.0595359496396343,0.0707436543452349,0,0,0.0289766427121096,0.048371879562936,0,0.0758549606669066,0.0168127321266109,0.000356095841917923,0,0,0.185387796853925,0.025410508287177,0,0.0222017234463616,0.0218626420412498,0.00339111999463826,0,0.199102054416,0,0.192982104346484
"98",0.0788022191003282,0.190373213206883,0,0.0536284821917307,0,0.0788183150552703,0.011997175934031,0,0,0.0356453862154677,0,0.017275237996595,0.200283204804647,0.189195744667915,0.120339968751607,0.101416618200814,0,0.000788520988520775,0,0.123294333665116,0.14933780835288,0,0.0464412608360541,0.100612982863534,0.16702412182528,0.194843917762665,0,0,0.147082075758553,0.0838404296723044,0.0733368642054018,0.0474993051940755,0,0,0,0.168086061739379,0.0907735707364521,0,0.0896101528568268,0.00305651746494723,0.0642998501678265,0.0775047729087669,0.0466518067314924,0,0,0,0.193104078612879,0,0,0.326754576866834,0,0,0,0.041102660208495,0,0.0593129538612497,0.121627823964197,0.122409943324351,0.0876113562278747,0.0691288934361551,0,0.0843060837216209,0,0,0,0.0492633820463101,0,0,0.0591815548781355,0,0.174601890387247,0,0.00061166570708068,0,0.0187620774316474,0.0740657751063732,0.0824506455913481,0,0,0.0403476470274331,0,0.0166600968181767,0.0830317386970063,0.0397704258658696,0,0,0,0,0,0,0.0802021659317866,0.0715644411974482,0,0.00636733816170182,0,0.125006385946826,0.0119371332994862,0.0465358915424801,0.0683728603654915,0.108816381833203
"99",0.0204045169297088,0,0,0,0.0230837225040931,0,0,0,0,0.0394652165888706,0,0.0274860655126867,0.192421031310049,0.103573915672718,0.0789711754420109,0.168370897099376,0,0.154662238697619,0.0170446993546599,0,0,0.0560981150737223,0.0535639645482209,0,0,0.00424801956684552,0.0948343866506424,0.127224579417703,0.0346198061668094,0.0937427653244854,0,0,0,0,0,0,0.0218090137256286,0,0.0616870120026113,0.147577137037304,0.0240270594242028,0.0186381610036409,0.0236486329767254,0,0.0346028169092726,0,0,0,0,0.191300296745932,0,0.0128771761618121,0,0.235732552198148,0,0,0,0.104491957730144,0.0540026348481078,0.0504266892198922,0.0451563449369689,0.111228412412975,0,0,0.127186395740908,0.0318004938874449,0,0,0.0764739115434129,0.0185239651601434,0.167969360582647,0.200223086168401,0,0,0,0.116282320909666,0,0,0.0211483603217607,0.0169717585305965,0.113383183452252,0.125170486396775,0.0477312719250516,0,0.0418242383265937,0.0588757338310229,0.0617994037627835,0.0381955975987389,0,0,0.0140128812904314,0,0.0818211603041975,0,0,0.0112314294862144,0,0.0831500522512913,0,0
"100",0.285316702576545,0.0884548206306761,0.0532488119920554,0,0,0,0.137483611164833,0.171724981244125,0.209094811175488,0,0.0307513335215563,0,0.102089185342712,0,0,0.179853041979566,0.111424120854014,0.111538036556178,0.0198233081309313,0,0,0,0.0495877183065197,0.0968466197535269,0.0266536663171531,0,0,0.108975252214389,0,0,0,0,0.0371170295409972,0.153045192694752,0,0.0285431237722223,0,0,0,0,0.113431133445465,0.0419333183647039,0.0722510286310695,0.00976455106840768,0.197726406635965,0.139957104084411,0.00881087601920364,0,0,0.168662313965959,0.258266022902557,0.0144551234761996,0,0.0808003967050116,0,0,0,0.0838960447027368,0.0185145836962726,0.131557645229406,0.0404385658548668,0.0646059560801518,0.0507603890280564,0,0.196089983427449,0,0,0,0,0,0.0827146073453649,0.00656395962475247,0,0.098037192916658,0.0738969280857752,0.153993145069483,0,0,0,0.205783304512219,0.118460550348002,0.149775464718108,0,0.1352315258954,0.0221041626787878,0,0.0818570372821877,0,0,0.0587535149312768,0.139376385081187,0.097058031710512,0.0465935607251683,0.115622090110374,0.00052388328338858,0,0,0,0.0954172118024672,0
"101",0.0557402472424205,0.085505723986082,0.182649095230473,0.182403453240467,0.100661654226007,0,0.117218694506111,0.119416351144824,0.00124447931809944,0.0617460178438827,0,0.0293464387963372,0.147832500891002,0.0487817310089057,0.0411529918633387,0.0230470561408458,0.0276137282256384,0,0.0996656086014294,0,0.065598531731962,0.0337994180761707,0.118709511486074,0.234980695042956,0,0,0.0389581645881233,0.000400148209881976,0.0283261653799831,0.0196277991879149,0.0600248428650051,0,0,0.118545933464747,0.196627668340111,0,0,0.153619038052533,0.0646527886208208,0,0,0,0.193028709494498,0,0.0963178681456963,0.0426203889648563,0,0,0.0347480532848193,0.0310838159822844,0.260456629821954,0.099725851535893,0,0,0,0,0.0738287899668274,0.0330455982913273,0.0830960069830595,0.0507656551304811,0,0.112468503233419,0.0572914674676182,0.0129309304577176,0.0669837689635521,0,0.13664092979189,0,0,0,0.0521278801859062,0,0.262906930967934,0,0,0.048459569357453,0,0.105225639844087,0,0.146646777562325,0.229951186247592,0.0755195835278834,0.26169154812505,0.189492081081632,0.146526799287259,0.184729198887014,0.17522064078366,0,0,0.0490591942646198,0,0.0256248784031999,0.102208024924175,0,0,0.0491655123655342,0.011280355034819,0.0216041563309609,0.187116091850599,0.0649743692483893
"102",0.120070245795124,0.0079381894514868,0.0643208431855273,0,0.0941908032611068,0,0.103661576700489,0.00639807600468362,0.144114374423576,0,0,0.015649426346887,0,0,0.0908430987414014,0.148230445004007,0.0798474909044586,0,0.0771292758843661,0.0630652037172727,0.0790323492626562,0,0.0563026745332152,0.1661311019844,0.0289486181539225,0.0777162407262158,0,0,0,0,0,0,0,0,0.180592925843825,0.192263962883209,0.142960347438055,0.139565319013467,0.119222041406927,0,0.286037890928776,0.0493526645655758,0.132711546341584,0.0684286133186,0,0.0332931932984514,0.0785962442239827,0.0124662090205271,0,0,0.0875733172545514,0.0703246904804051,0.0132618901802015,0.0259987309984377,0.0243587894229786,0.0918497523279286,0.0876109038553801,0.150383940440385,0.140073971511374,0.0269680258911602,0,0.063101402632027,0,0,0.114832091221691,0,0.164363743634065,0.0461700487540961,0.0465197305338807,0.0838355046668621,0.098887587877356,0,0.0771165730065191,0,0.0117338608840869,0,0.104904128389173,0.0984286451462005,0,0.120111070361679,0.108927815094658,0,0.162587183709425,0,0.122446408228456,0,0.0856876678342369,0,0.155314463521789,0.0230019212661541,0,0.190474552567808,0,0,0,0.0536855520375056,0,0,0.0287551972112214,0.0743210262715666
"103",0.00123245052994059,0.0300733295322627,0.00108705645045701,0.132826584685449,0.0964740028158207,0.130991440496848,0,0.138739455288014,0,0.0149736993132276,0,0,0,0,0,0.10837858901385,0.0224687399117321,0,0,0.0409509292251017,0,0.134225774733508,0,0,0,0.102565935246348,0,0,0.203138035063352,0.0212846542026581,0.195624428182707,0,0,0.0619371631991687,0,0.0806917612162255,0,0,0.0553084418242942,0,0.260153940369951,0.0360218288618527,0.097567837572955,0.134461404508113,0,0,0.0605324356202931,0.102893645925534,0,0,0.103324900911298,0.240904756836114,0,0.128903189586674,0.0585895933241549,0.0429324584785413,0.0622744245321603,0.221009617466483,0.0377731613817076,0.0466106738749847,0.0413631499902347,0,0,0,0.178160051580982,0,0,0,0.0655298388887751,0,0,0.187811647167459,0.0135837573058614,0.0303165880030822,0,0,0.0685703610083264,0.139063193645481,0,0.220942642340668,0.0169148981968886,0.0586277808322362,0.199185566702706,0.0899311116353983,0.0741450724128015,0.0421792348495241,0.0512054444236576,0,0.199786066696276,0.0316514198280755,0.152592677061515,0.108447060387086,0.0230178613106903,0.00483464616117732,0.0231828087150315,0,0,0,0,0.0554128680991632
"104",0.0403437213906717,0.135633279359731,0.12101260119531,0,0.145058427852586,0,0.0990015636711121,0.182913169692483,0.101444524834625,0.0508304282424656,0,0,0.0361925228366651,0,0.0396620021490269,0.105224439707893,0.103786218561615,0,0.0951038520996697,0,0.134978669550892,0,0.0285815139673522,0.161165832082012,0.0218561279183488,0.019881661490743,0,0,0.27506050073047,0,0,0.255691703275453,0.0354293554454867,0,0.0380124774875612,0.082744492837703,0,0.0633241457806279,0.0272515408927002,0.093880635720939,0.255768305232054,0.0612551718686324,0.0598462718383132,0,0,0,0,0,0.153521518062082,0,0.0204855610797025,0.0605250784415977,0,0.0114903913533279,0,0.10280998699133,0.154984340530345,0.103386549299107,0.06769455152912,0.0650609505962,0,0,0,0.129779755173368,0,0.105030325622425,0.0955249927569595,0.152233994113698,0.13568899311201,0.102749577269649,0,0.117165969765245,0,0.0195143059188792,0.208379038569292,0,0.0844599815513533,0.142200472384992,0,0.277635922978176,0.0103704047356812,0,0,0,0.052976662983786,0.0139094343247737,0,0,0.121449085564117,0.0273720907220482,0.28012166697464,0,0.0665765606759261,0,0.0502888268787365,0.0696609732072578,0.0953549842388609,0.126287106332127,0.0709308457904711,0.0729492916754169
"105",0.222566012245916,0,0.145054210917196,0,0.103785816563531,0.0423319327173249,0.151036130174655,0.125030625061133,0.167619570921644,0,0,0.126642237967914,0.0514468571886523,0.0717570975234782,0,0,0,0.0374243426434202,0.140345083650029,0,0.111229740608068,0,0.182511993995438,0.0764782103476078,0,0.124862728164619,0,0.00840975622022087,0.273293977686355,0,0,0.103586998410899,0.0693496907753043,0,0,0,0.0233011968616291,0.0910627785198454,0.0811290121536886,0.0923279689188768,0.230674786062151,0,0,0.0701283427147073,0,0,0.00987500882143834,0,0,0,0.105483639175326,0.139281381654719,0.161369121328076,0,0,0.132917511235594,0.176307278717186,0.0852245686082226,0.0197767998090486,0.00409675389335484,0.050154600861915,0,0,0.0815342753516802,0,0,0,0.0943421741899104,0,0.193708365131875,0.187857030178077,0.00140622482562694,0.0424592326246494,0.0491848181467764,0.219400402544774,0,0.0500094997197173,0.115623100194798,0.183499094148137,0.211520147421006,0.113432655595642,0,0.087225631943282,0,0.0276003857534224,0.192076620905794,0.206061240976689,0.147804274815264,0,0,0.292118406756601,0,0,0,0,0.0242577353467807,0.0141234401533606,0,0.08857180139205,0.17545382162499
"106",0.104032078010561,0,0,0,0,0,0.0207333118429343,0,0.00951092857655411,0,0.101797046921417,0.152937378388826,0,0,0.0916563515020231,0.0481513143975972,0,0.0112806087404431,0,0.0368362204518648,0.0443117501301513,0,0.0945340918621298,0.224252014762569,0.0289816187840682,0,0,0,0.101450668347293,0,0.00201765535142389,0.191340183434164,0,0,0,0,0.00489592192032978,0.0703524796323511,0.0295611568178226,0.190929959108963,0.202277205818454,0,0.0995945085394351,0.164458719410462,0,0.0780096597940647,0,0.0532327683160843,0.06288920008964,0.0966139748623617,0.246476580684945,0.0334678724818039,0.137253578183642,0,0.16664901266057,0,0.115186014279338,0.247948984841208,0.15129133289311,0,0.149583886518628,0.142237375181604,0.0332977426435556,0,0.069884952125873,0,0,0,0.0857712431930932,0.0800329100191172,0.212151481023958,0.0598368669763612,0,0.119581064424935,0.128092851558719,0,0,0.0313212084535358,0.00785180488487035,0.0724867699757966,0,0.136743014712226,0.160404016145136,0,0.0231775670084893,0,0.134366527820192,0.189866516019252,0,0,0,0.164855191892814,0.0911859212883507,0.0689388246254089,0,0.0535705873758029,0.00685379724493437,0.0388424377300759,0.0550379310985019,0
"107",0.0580375768546933,0,0,0.0847051245823408,0,0,0,0.0445093611634729,0,0.0935055907001559,0,0,0,0.0852461207560797,0.0506038717687092,0,0,0,0,0.0434505912719103,0.0960499256958073,0,0,0,0,0.0367773257577106,0,0,0,0.0567236485901142,0.00655510995344992,0.200470738274777,0.0188202421267553,0,0.0259118869524252,0,0,0.0542485752598551,0.0755249187613168,0.0463393291796173,0.110462914670808,0,0,0,0.0976351480619693,0,0,0.150604126210252,0,0,0.218261586195784,0.042215179940554,0.0430758759414179,0,0.0192072945622558,0.0503331105070284,0.0279896475020333,0.227863847402976,0,0,0,0.154985763806551,0.109147377770425,0,0.0196299218960988,0.0633768253795978,0,0.0757994046840628,0.230631983568353,0,0.115360161972706,0.0608763224159009,0.00777931301744089,0.164366175441921,0,0.0566638831052183,0.0754221141460363,0.0730592961937952,0,0.0295008254173857,0,0.260892287497683,0,0.202195244439017,0,0,0.01186296047071,0.0524517721039952,0.0794549385562789,0,0,0.0300410741237575,0.0399455146858403,0.0913835551189369,0.0716543182688988,0,0,0.0638736357613176,0.255411217205566,0
"108",0,0.0251890878027411,0,0,0.0377741240135172,0.0653106952268563,0.0682946903810169,0,0.135343153407277,0.169342592160951,0.0577960554816638,0,0,0.22049784965702,0,0,0.0945917877236133,0.0852207802941388,0.0554676568588182,0,0.13778695950665,0.00341566884523993,0,0,0,0.160644204225818,0.0862168642942034,0.0474491683533435,0.0775692108553927,0.176514214420982,0.124385752790466,0.187737676653648,0.0321205319879411,0,0,0.0709457070465865,0,0.258752718928277,0,0.0325964267236616,0.00778316701669632,0,0,0,0,0,0,0.00811967605718228,0.0420622452446772,0,0.0909961183873797,0,0.00404904580888566,0.0122426187829632,0.136194452682426,0.073860378807439,0.111790439096918,0.136171226929333,0.055551946026505,0.0852784052883447,0.140952770388302,0.0511200672225788,0.105038485609333,0.0224513771410518,0.0142110934380311,0,0.0107349835702967,0.0678202096772652,0.161692388797797,0.0639228531930149,0.194932380379545,0,0.0467775798070104,0.163066048436834,0.0563972271485419,0.0494456339336348,0,0.0582621281386369,0,0,0.190916674152038,0.327371301313739,0.0812226812317662,0.403117038067697,0.0550285409660308,0.0391297925312853,0,0.0324485289930711,0,0.17131218769831,0.0109554170184545,0.027262425015732,0.102469327589702,0.0332724106529293,0.098854546559008,0.0338094390623451,0.0302729593638165,0,0.124481746327112,0.109595159757598
"109",0.0571614159894016,0.00200151928430304,0,0,0.0428697392301811,0.318100061233293,0,0,0.194766584725932,0.107523180683377,0.0020971498553028,0.00388974080194932,0.181871257100509,0.0258429613700201,0,0,0,0,0.0740070253734605,0,0.01984204810011,0.275087289514745,0.073297883341002,0.00490990219695129,0.19542955968417,0.23174494003835,0,0.0618636031517987,0,0.131315305013101,0.0184970807502791,0,0,0.0152174413372772,0.101910828038441,0,0.00521316309520208,0.153103264025836,0.055656218505662,0.10274588901187,0,0.0363776241449154,0,0,0.00563407608656646,0.105841924438945,0,0,0,0.164495928632278,0,0,0.0328275074092313,0.00797210693195213,0.173200096165884,0.0784563816751443,0.126450367568979,0,0,0.0356447706748699,0.0214230408312188,0.116946095610001,0,0,0.0843753769864485,0,0,0.0572651012133445,0,0.0135677968576297,0,0,0.0244604901188948,0.100529401299446,0,0,0,0.00700469319565162,0,0,0.184021684165345,0.200957518782151,0.1822769251816,0.269639049880736,0.0137491223945247,0.230667462165694,0.0347473786067491,0,0,0.221655124307631,0.146383843764142,0,0.00256419508280652,0.047875413745371,0.0684086717633084,0.0224571095306504,0,0,0.292069173572318,0
"110",0.0928690233676173,0,0.0271691379206713,0,0,0.311727582377814,0,0,0.184313977064583,0.264366634187064,0.0999044914992038,0.0123811118398234,0,0.257699274003745,0,0.180037970976051,0,0.0215143027781738,0.0549082582109054,0.0103830686420554,0,0.289042169656804,0.0161440348388411,0,0.113363494364172,0.187476857593275,0,0,0.0652594012343193,0.0244170159011048,0.0871346859255936,0,0,0,0,0,0.104289374163978,0,0.14950486362951,0.0435066966501337,0,0.0553049401032785,0,0,0.0564280039341676,0.0715289758427014,0,0,0,0,0.0493519972601205,0,0,0.0507935141372162,0.00702660547086453,0,0.260975102613127,0,0.0411663053634619,0.0455573375959886,0.119458308583598,0.0373813980378814,0.117233449605616,0.166597473773749,0.0332874669491678,0,0,0.321553216658171,0.00897966814996209,0,0.164431429299873,0,0.132707922250643,0.0178231059330239,0.0493076101946778,0,0.0335648643170649,0,0.0518645096865759,0.126571766364123,0.0534086289831747,0,0.195755908184046,0.130270800208721,0.0388083077694986,0.252375803914331,0.0249333924882587,0,0.190092621739965,0.183934775639346,0.0573660980490046,0.0733673127734927,0.0939860554707241,0.155711667172453,0,0.0276147193634378,0,0.017822997931129,0.00494523445004599,0
"111",0,0.273861040032056,0,0,0,0.129887372546266,0.0681277497187281,0,0.00171958371993347,0.113820832943655,0.15055702174147,0,0.0736626892772651,0.0970218745962013,0,0.0511852802805469,0,0.000355635720390775,0,0,0,0.140515848148081,0,0,0,0.175553110691898,0.110300589886375,0.0358965121898986,0,0.231024043443193,0,0,0.137760514784988,0.154275401559648,0.0012892775086886,0.251681488848749,0.0414122213575784,0.160527063632955,0.0541060377499451,0,0.120817936957731,0,0,0.0860929072563506,0.0762062284041261,0.13203489866182,0,0,0,0,0.177163019326315,0.0506388949617974,0,0,0.0816514888797299,0,0.0496154881758456,0,0.0440847775118826,0,0.121088489272818,0,0.0268833589674735,0.0605835442274241,0.0564860841544962,0.0413455450061921,0.0602668505770536,0.12849071263591,0.222834033529415,0.0035707086428218,0.186837748707061,0,0,0,0.0232973256372522,0,0,0.104430726410006,0.155066865080403,0.198325251503622,0.0656966962926005,0,0.094897715587641,0.000928417405623286,0.139254891864079,0.233900833012484,0.116108241640377,0,0.121338355496279,0.0729611548653466,0.0441251359663549,0,0,0.0640137989684524,0.0127190003105753,0.0385073928895761,0,0.166263028014789,0.0398027817611667,0
"112",0,0.261674447000984,0,0,0.157418757281429,0.021373358571106,0,0,0.0868080180448304,0.0723587576002511,0.137154868444719,0,0.0202747228603768,0.0121621401651673,0.0693304286218378,0,0.0988924586435145,0.0477715720850919,0.00521890648862009,0,0,0,0,0,0.0197091142354608,0.149890506005992,0.0515328201299018,0,0,0.270619404287238,0,0.0407324515656013,0,0.112588398372707,0,0.135171805996353,0.0322248217424286,0.161128755674184,0.0507584192144112,0,0.112879800533441,0.0113981064321288,0,0,0.00905491461785995,0.0792367344185494,0,0.0927295592399681,0.151849514857313,0,0,0,0,0,0.0637192133087743,0,0,0.00111853863338991,0.0102790739969824,0.0950002848265578,0.218997271019689,0.0647564255670451,0.0937726663199564,0.0690990293844742,0.101422335243486,0.0534119684913545,0.0389660986648105,0,0.192466428141941,0.0846026000679212,0.230461554341871,0,0.154864291861797,0.12845460142279,0.100087703935565,0,0,0.0128518402340608,0.00203313013624273,0.380507790423474,0.0605565446042719,0.00478257621090647,0.0570321840475012,0.181105379367549,0.0373108060299261,0,0.109848245865592,0,0.288494382977725,0,0.003385577261116,0,0.22390304183577,0.028154345024678,0.0863337352874264,0.0680861780522569,0.152291085951359,0.165824996550887,0,0
"113",0.0915394061146443,0.254775685195115,0.103130492836563,0.0191451349655095,0.235562711703138,0,0,0.0330921758542743,0.0293979351439089,0.0858557815566832,0.0392852403366778,0.0505496509710712,0.0200536627358204,0,0.00635490687201363,0,0,0.0155649922456046,0.0957662580851426,0,0.0459985306862454,0.0413509277132665,0,0.0425673135970474,0,0.140925187126389,0,0,0,0.139633515025426,0,0,0,0.0662755575538455,0,0.0544746652583327,0,0.105654104809846,0,0,0,0.121968356922793,0.0433167659515434,0.0697429546710971,0,0.0314061299460321,0.0100403638045882,0.0048011746466677,0.164118389404117,0,0.0583141508774801,0.111757213378699,0.0789513140628256,0.00719150808483255,0,0.0414530215931622,0.0348892703065401,0,0.0644482784350783,0,0.224513364272824,0,0.198529748435692,0.0401664767790834,0,0.106296333026011,0.00361190641723938,0.0495448694023876,0.20059239742199,0.184812128214038,0.146768236680676,0.0273819972446482,0.127724128639492,0.12483389196556,0,0.186686845939044,0.0990847304205974,0,0.101154501565435,0.233177139875519,0,0.0777253082492451,0,0.0926699466713531,0.170301343350472,0.0422665352803175,0,0,0.202468237619596,0.0364154207486792,0.0982433535898064,0.0651899095836401,0.0591354260543379,0.0746944510227511,0,0,0,0.14139061977981,0,0
"114",0.0301287353287765,0.104568480390211,0,0.025745244787185,0.0984185681876584,0.338378305592368,0,0,0.00979020125158605,0,0.00265179153565412,0,0.257512578189579,0,0.15331665347187,0.073264037388352,0.0258175040833147,0.00950475116300746,0.00593723951699928,0.0795268194295122,0.021179766424209,0.0403021028473413,0,0.0903423427722791,0.0296344049758113,0,0,0.114463711254904,0,0.0577824652460403,0.0168311010646779,0,0,0.0495072343051722,0.0001829380669954,0,0,0.337683105046651,0.000100188796333229,0.122474000574627,0,0.0523301145994264,0,0.134565278435117,0.0135620783888881,0.113684920757858,0,0,0.0499319876722686,0.0686397242441703,0.024314029715012,0.133670052059582,0.0314026236601279,0.212979449203997,0.00571664718908427,0,0.08199741409088,0.0253219332335918,0.147835694577731,0.0737467199876517,0.134026910381523,0,0.0493852226650858,0.248813873735503,0.000312795871776146,0.0156996365915703,0,0.0989131682901857,0.210044370992818,0.0364958363624079,0,0.0560721027262667,0.00240622850122739,0.120823527109948,0.0264848593103497,0.069280041863484,0.0369022988421781,0,0.196584204352754,0.103901430390685,0,0.180042195998028,0.00238902239906045,0.0824299285785932,0.24385111971064,0,0,0,0.120048691447178,0.026520464125843,0,0,0.0430335237742752,0,0,0,0,0,0.0777174817479832,0.0201438118546093
"115",0,0,0,0.0142036722916493,0.0175455362508724,0.279895991180052,0.0768050705542221,0.0268859856438521,0,0.136290137295701,0.00747042123387746,0,0.185585117037841,0.0486302291194532,0.081389365228615,0,0.0275273812180352,0.0739728713751568,0,0,0,0,0.0912049839297639,0.237552470191744,0,0.0773059477535401,0,0.135723553435301,0,0,0,0,0.135090099951035,0.107399112318647,0,0,0,0.0878381864656066,0.126772573726977,0,0.0419951791956285,0,0,0.172590987155848,0.117040942339304,0.148351490686522,0,0.11396381551259,0.155650892368461,0,0.1872548336338,0.183608808628112,0.0530353849539102,0.163425922648864,0.0478938765960697,0.0147046464391565,0.175861668302985,0.130944781175922,0.107007491942492,0,0.183052275841665,0,0.0187955104763962,0,0.0651679923198562,0.129974234627396,0,0.0948881049986312,0.170648475178689,0.116026242398646,0.13447339230401,0,0.104941395393666,0.153310316209031,0,0,0.101221104078705,0.0369751277845675,0.143587659141707,0.113287333211756,0.0834460785418815,0.0348956803143222,0.0682116631601288,0,0.229799792418916,0.0461734787982926,0.0993190192473947,0,0.0183981919892039,0,0.149392934616614,0.0756981887637767,0,0,0,0,0,0,0.0252074303866526,0.0983682920032195
"116",0,0,0.162519729670227,0.290065757014748,0,0.0548026273520838,0,0.0025941997460123,0.0157781622537597,0.165649694444223,0.139902844214961,0.121109117504712,0.206728142731645,0,0.181222996874733,0,0,0.226450373279709,0,0.000847436466552474,0,0,0,0.19269862236162,0.206333368061671,0.16092271852934,0,0,0,0,0.107825992599832,0,0,0.17520956925229,0.0729290575352933,0,0.0728897074275332,0.114240803324778,0,0.071398284000561,0.0431505762156703,0,0,0.0157940273217778,0.181426527033768,0.0885645391147553,0,0.0814679072610051,0.035024185528512,0,0,0.0880640745502415,0,0,0.130898636332463,0.0432533810627291,0.00997174850191093,0.247284242052338,0,0,0.0832650921974699,0,0.0382058232975943,0.322728482477737,0,0.042479469402843,0,0,0.00119406191932914,0.13945879587071,0.0739300807881725,0,0.141023753029607,0.114758303623004,0,0,0,0.0509897679107872,0.0953990542359376,0,0,0.00471984445359869,0,0,0.0757430260943587,0.044541057713034,0,0.0557867082339161,0,0.0759951611494759,0.214518671440749,0,0.144320173438035,0,0.0515216716432781,0,0,0.0178025896790746,0,0.0805687858563765
"117",0,0.0703577693677138,0.211194947993631,0.0261347441845168,0.0343911650239886,0,0,0.0802896941266217,0,0.13910508793227,0.0762083305840876,0.169610776739027,0,0,0.211735091559866,0.120141976612327,0.220672897721837,0.145187811886196,0,0,0.0376828393083279,0.0872668898981072,0.0509680010759165,0.0561318505033668,0.135632093919722,0.162022834390239,0.0227948493687745,0,0.146551120673952,0,0.0532469629383842,0.267103174148619,0,0.110649985048294,0.0541588388789352,0.150827981669055,0,0.0887634574544314,0,0,0,0,0.010942967477281,0,0,0.27104618246346,0,0.0354493647007917,0,0,0.0349123544234073,0.0123849167037924,0,0,0.111628650910795,0,0.0385975409485738,0,0.10113386120312,0.0419729907384129,0.0346411156690367,0.000762515381818703,0,0.143161973112315,0.00714139777781177,0,0,0,0,0,0.0499757320322975,0,0.12692999289375,0,0,0.0932410299624198,0,0,0.0882368312649852,0,0,0.0109721619472511,0,0.0345270692366781,0.0192738609923952,0.0161820822156897,0.0782575562834625,0,0.0382706736980491,0,0.110696094661517,0,0.0284639722109127,0,0,0,0.0524536551128734,0,0.0453971856256062,0
"118",0.00691015139002581,0.276513406170831,0.122663727986827,0.0518733362079503,0.154024699770063,0,0.00940454267124514,0.11240268757471,0,0.203488864544575,0.035112887585468,0.252905975890805,0,0.0722296275015103,0.100638607115348,0.0809442841138368,0.0956624208677558,0.0128040966742073,0,0,0.0333189008595524,0.0677045485977613,0.147569099091328,0,0,0.0178921944567301,0.0669491471013616,0.100716903787482,0.0105962821992144,0,0.00604282118754901,0.0927233789476006,0,0.0380433166845911,0,0.105176564602743,0.0229438748655913,0.0193463418447044,0.131012755398451,0,0.0899111280444221,0.0313468858252333,0,0,0.0379504801132061,0.223229700554307,0,0,0,0,0.0808008287077666,0.0795902379178687,0.0112383714474164,0.0672443899242808,0,0,0.0185430642814365,0.0990387183931127,0.164443508487031,0.0524363939464487,0.107925556624858,0,0.0742420237446614,0,0,0.056589486370183,0.0491865678242449,0.0731306988986123,0.0540551649778475,0.00880932731136465,0,0.0360065930369958,0,0,0.0290791745211939,0.0906990671691912,0,0.181529007338738,0,0.00689344810863505,0.0442903272535926,0,0,0,0,0.182560624321245,0.120610711024325,0.0595688824857097,0,0.0702442936077971,0,0.182873486154407,0,0,0.039565919977156,0.00347977024643665,0.0528116246877441,0.0305272682893606,0,0
"119",0.112979683237701,0.189959213225015,0.144297097650811,0,0.0284448694462624,0.114449745857599,0,0.0390771364649484,0,0,0,0.164208467001265,0.0947094804558907,0,0,0,0.0250298176417224,0.0645166903107483,0.10487460854522,0,0,0.0449068984642733,0.08283952969684,0.0245570580743653,0.0411900484481051,0,0,0.054025365280516,0.0297366549623023,0,0.129994336519785,0.0709942637247826,0,0.12743186280235,0,0,0,0.0771353268556458,0.0382000670392489,0,0.0876246475233194,0.158716703551988,0,0.066979381478914,0,0.0637393390755124,0.0846077908318474,0,0,0.209053569409122,0.109525931537761,0.0567777057598916,0.0210527612740518,0.203415459186328,0.238395045342148,0,0.0869431777584502,0.117444376579735,0.164384872168676,0,0.118123038823923,0.0762822987626592,0.0593223554259215,0,0.00193166576621815,0,0,0.0548699125632423,0.0378816292206381,0.16677169476702,0,0.139434343512333,0,0.038859463618002,0,0.10462328822772,0,0.133825163063415,0,0,0,0,0.0458955088830419,0.130495070499989,0.0397538381152122,0,0,0.0944396326473209,0.0748706759768995,0,0,0.138638144292936,0,0.288637908559532,0.191256325726634,0.0411454386175624,0,0,0.138481861819099,0.0386757269855977
"120",0.00702691907981599,0.228208438953518,0,0,0.0791560362793298,0.0518546436198381,0.136712895204179,0,0.000328830825857783,0,0,0.0753798618179376,0,0.0529572382683254,0.0247491150671056,0,0,0.242422697162201,0.157501382870392,0.108516614757182,0.0514062772589756,0.0436402824923649,0.0385267088974874,0,0.0515927690418165,0,0,0,0.13572367615952,0.0762685362934654,0.117290380656205,0.120123887677662,0.0537659667083912,0,0.0159955274089091,0.11319855106915,0.0162896722255548,0,0.0201704894261606,0.0603084618517438,0.0833674424357035,0.192492762808374,0.0861798086681617,0.0554162538234697,0.0684154039499878,0.109969672691126,0,0.121230799860666,0,0.0100245116879699,0,0.11822839672045,0.288232094722561,0.162494185159369,0.13721501846945,0,0.070794636438495,0,0,0.0965214023972751,0.157606572414705,0,0,0,0.0386222725455908,0.0236339744145874,0.0257311577961607,0.0723715558653088,0.169238894392648,0.0192416844167495,0,0.229187719382662,0,0.193205699486515,0,0,0,0.0754934671753981,0,0.0337298717620246,0.030407714844337,0,0,0.00692814963684414,0,0,0.0172895500693057,0.101864248025235,0.123242685186486,0.0623569338504628,0.242964331784924,0.234360834435875,0.0579450789649272,0.234575118387901,0.0874586977532299,0.0061722627291266,0,0,0,0
"121",0,0.0987030433942861,0,0,0.0196938295312308,0.195587241400262,0,0.0111051915075139,0.0020290826193671,0.0340831057926471,0.0361424479446268,0,0.0526091898239884,0,0.0844584731730145,0.120784629526947,0,0.0176137196244125,0,0.0918703811799144,0.0385175749163071,0,0,0.029821318604545,0,0.0674665669205402,0,0.156724398745531,0.186311636910368,0.171453349377488,0.0369211946391746,0.288679433795853,0.043738352246434,0,0.126400304109788,0,0.128622926511058,0.0838041567966448,0.0721334320272362,0,0.194859230614262,0.228065870530295,0.187702384056054,0.0215605063624949,0.0266757869576344,0.120214136026252,0.123720281357529,0,0.129568810421519,0,0.151045044456408,0.0601336661442122,0.10556724950352,0.197623698533927,0.109545951163685,0.034796021187779,0,0,0,0.177884448711032,0.118683816344614,0.0761447868784318,0,0.0321823930919904,0.0630455186863559,0.0113781978481775,0.0313559723993119,0,0.0858239866708323,0.0760400722511511,0,0.253810208238921,0.221059240999889,0.100887428575547,0.00464726771111632,0,0,0.168269468458057,0,0.172213101128769,0,0,0.102077063930337,0.113415443461049,0.0862995266743772,0.00981298279606851,0,0,0.0613405831634804,0.0407652965707231,0.0596717311456808,0,0,0.233091926760383,0.125999454649847,0.0227666015624048,0,0,0,0
"122",0.00201489017771217,0.177507016091877,0.0794703807847879,0,0,0.0124883656161523,0,0.115754199959345,0.0344288127252261,0.102121993238724,0.106153817549272,0,0.0355673556453967,0,0,0.173098691275742,0,0.134242367703908,0,0.0411304291017435,0.124325507401855,0,0,0,0,0.0942961989611147,0.0116730171398299,0,0.111021908993324,0.00526274673918584,0.134010948589472,0,0.0222181186124847,0.0833230685785699,0.0667129956795933,0.134109422750095,0.0640055434748471,0,0,0.044991962826221,0,0.251400115968873,0,0,0.0696610895167993,0.0702797555567464,0.0581420320542227,0,0,0.000344365792623292,0.000750223873058717,0,0.0754566448460991,0.0734227617106001,0.024393302705135,0,0.0440820332719306,0.0229965914804244,0.0645761168403375,0,0.0483923806389389,0,0,0,0.00135195820821962,0,0,0,0,0.0431949561664724,0,0.129085917400978,0,0.110628497742251,0,0.131237552292644,0,0.159712157378336,0.0359620351667205,0,0,0,0.0260563421606247,0.0229456361104814,0.012242888555506,0.0435917171034574,0.00491970843669805,0.109086008805304,0.0929422586855564,0,0,0,0.11039296683631,0.0253868227928313,0.0166535302701802,0.0590399163622808,0,0.153389759141051,0,0
"123",0,0,0.027325413811483,0,0,0.169786737828677,0.141046848753344,0.12333520292946,0,0.000491322126326403,0.036171256603091,0.0282437331366192,0.0665299240315169,0,0.124720472316665,0,0.0943525395076763,0.024029176836093,0.0302635650434517,0.104144731951149,0.231193980849159,0,0,0.0337813163506114,0,0,0,0,0.0954784536924376,0.0642345985955373,0,0,0.0045998929674065,0.0809254696445078,0.0585594277494176,0.0358385815538794,0.127905050805346,0.114527450415525,0,0,0,0.122597181622843,0.0360141378092386,0.168944930202901,0,0.0257934052871764,0.143907715630675,0,0,0,0.0225957043259425,0,0.0950092007320455,0,0.0168253677349302,0,0,0.156204552309225,0,0,0.164183991303184,0.109044915792378,0.108059685862096,0.167091118479826,0.00801139868948351,0,0.0330090450643524,0,0,0.115196528942361,0.256103255975442,0.00985908541845538,0,0,0,0.109080359185385,0,0.0276054867064427,0.0244607356189183,0.013951769794222,0.0739464119037635,0,0,0,0,0.0448216620908436,0,0.183787312694764,0,0,0.161372212485905,0.0492784398785818,0.00722517432440202,0,0.0612499120690051,0.0759954177349467,0.044089702269144,0.0496054766717534,0.0493428914297599,0
"124",0,0.103044789749657,0,0,0,0.177583341161905,0.0833341121397439,0.0220631407476884,0,0.0708596980957573,0,0,0.184987842059626,0,0.0922286999021947,0,0.125004749959109,0,0.00023252980247997,0,0.216988967181087,0,0.0168610947345549,0.0558142847250656,0,0.184968890083752,0.204839782264582,0.0595332604416296,0.0502540246761934,0,0,0,0,0.0415687676972045,0,0.132585004278862,0.00751069670253136,0.141203321304004,0,0,0.00260038499287767,0.220067129246853,0,0.0540686161787212,0.00238272887854488,0,0.0175424281600337,0,0,0,0.0181196240072598,0.0308506137411702,0.0166515356822358,0,0,0.0226232362590373,0.219660890574808,0.20138439057692,0.0146000010834126,0,0.0834175029719436,0.0688127680239043,0.0860713490494936,0.154232820377006,0.140861518719917,0.0745868545633511,0,0.0737480749120429,0,0.111634297465985,0.2267219735146,0.138471459628415,0.170775663224682,0,0,0.115827652539228,0.00714318192983626,0,0.00585185969614392,0.141862857065054,0,0,0.0710899823121178,0,0.130679474815621,0.0810794785284502,0.183663728649797,0.146720966152509,0.145729594551702,0.0748864195775381,0.0961956638618248,0.0451154433335006,0.0687475578262693,0.106429698663894,0,0.130667139969782,0,0,0.0592562911074329,0.0147494874125612
"125",0.00646056571739286,0.236309474337828,0,0,0.0498010038147469,0,0.129537139547344,0,0,0,0.0107889450506195,0.0342230673675928,0.00909101127702845,0.0374465751483869,0.0430168470039178,0,0.0201779659046719,0.119534853751841,0.0106411417415041,0.0735505964385879,0.123076488520023,0,0.0181655419368331,0.00168607541580636,0,0,0.134699857380628,0,0.0402376697937343,0.164292542561553,0,0.101103014263561,0,0.00824077811947586,0.149423231074833,0.117351116736884,0.0333012280265752,0.0312358102584244,0.0272107858364541,0,0.0906893324164406,0.196495559526384,0,0.0112737060732938,0,0,0.0950535346406219,0.0430491765407131,0.0986415168563257,0.121566354591244,0.055976342896458,0,0,0,0.0827565693780686,0.0536563382411626,0.221998978711076,0.126237375761767,0,0.0852361064003349,0,0,0,0.035558774541165,0,0.128382103076574,0,0,0,0.154575595619305,0.205919051964972,0.0204583894991728,0.069803832379157,0.12494858502956,0,0.11164684405663,0,0,0.0985022144183382,0.241640613020502,0.0547620456764865,0,0,0,0,0,0.0315892103589558,0.175216761741784,0.00785275800126475,0,0.0965305998369101,0,0,0,0,0,0,0,0.109131578482998,0
"126",0,0.124604990643465,0.0184054311446134,0.0710006880192051,0.0727068759556287,0.074762719950642,0,0.087317691429952,0,0.0669628675181235,0.199315692278128,0,0,0,0,0,0.0124465955882452,0,0.0211912321611842,0,0,0,0,0.0941581999222432,0.0327625457693708,0,0,0.0637382816817548,0,0.0681017003689697,0.180604919231785,0.0586522498644259,0,0,0,0.0291016098164971,0,0,0,0.0178425821893027,0,0.0917879135860921,0,0,0.0260623663878031,0,0.0923591344612063,0,0.0251469405989424,0.104241148426425,0.160104043739896,0,0.0196382752041709,0,0,0.0322796508528672,0.0104769188542572,0.150684949890718,0,0.0766424351762452,0.0883934320719643,0.0784666820486181,0,0,0,0.167233544188271,0.176156031415141,0,0,0.206675733421611,0.164289205469821,0.0632824376766167,0,0.0612027576513812,0,0.110723054242182,0,0.155220376212842,0.29358621858422,0.124843485837485,0,0.0515323532372632,0,0,0,0,0.155884255674078,0,0.02785263249152,0,0.150257570452101,0,0.0093988881624153,0.185080172678351,0,0,0.0762761084806752,0,0.0967183539287894,0.0369124928413884
"127",0.193197276269399,0.165926980215098,0.0163120299361257,0.0701178050650929,0,0,0.118866850129136,0.0239832602641194,0,0,0.202347690244499,0.153925476597768,0.0619616030623093,0.167067625002434,0.151167845671474,0.0569586263921882,0,0.0643381385828144,0,0.161010268348603,0,0,0.00892292238261473,0.144597793115873,0,0,0.067751335185649,0,0.0215824842808875,0.0613196420920832,0.0913500869482014,0,0.115038696943045,0,0.0696043163846129,0.0480876348163595,0,3.09934729988626e-05,0,0,0.0400273643638845,0.0118355481183643,0.00487217762504136,0,0.0598781779502096,0.203184163012325,0.0252274898918799,0.0477554071556305,0.0718790657943866,0.119581152224886,0.238275837838422,0.0526923476606824,0.156482807782052,0.0841873050442729,0,0,0,0.0466502584924782,0,0.0463115855205537,0.180998284911198,0.0158521878649987,0,0,0.0423712887538286,0.333503394996282,0.258786738223999,0,0,0.127461463619662,0.0284011027318129,0.211062664255554,0,0.226981847776062,0,0.00207636901160366,0.0523625537483644,0.129099821511178,0.321813536388039,0.0111131917441961,0.057958331051691,0,0.170732949903827,0.174991718405943,0.117868422773251,0,0.0882956550615434,0,0.107019369879724,0,0.0740288444897876,0,0.0271238838572139,0.101253167898201,0,0.0526058220430918,0.025181509129278,0,0,0
"128",0.105513953748332,0.0133679674234594,0.0792761373518441,0.0237984510452084,0.115298916083117,0.206540509830336,0.0126819974998562,0,0.138330513032423,0.176142873871296,0.0469806247360817,0,0,0,0.121285534234468,0,0,0.0918291590609581,0,0,0,0.146037767665207,0,0,0.0592634548939486,0,0,0.075962530282182,0,0,0.0874705816121071,0,0.0872172067730493,0,0,0,0.138391781451533,0,0,0.00590213819114465,0.123094712228933,0.150639048490236,0,0,0.0694955869262566,0.0664242149100777,0,0,0,0,0.0359136838455746,0,0.0574775637778521,0.059483451924997,0,0,0,0,0.0901879210154394,0,0.0830205370523921,0,0.117533131288057,0.161501622895265,0,0.178578123191686,0.125275207869041,0,0,0.00269559242787244,0.0360885350560556,0.124813873827422,0.102394861720868,0.297913555786416,0,0,0.0976294780777552,0,0.0569714849299547,0,0.178999521969194,0,0.120804266291983,0.09673829807497,0,0.0835835656917235,0.00523792414777046,0,0.0378505035646987,0.0433938977705078,0.0383630596228429,0,0,0,0.0650481251077912,0.0438408330286457,0,0,0,0
"129",0.136606648433662,0.0549333640315504,0,0.128330068076711,0.129910022070072,0,0,0,0.197739325330913,0,0.0621506172636918,0.111055276190808,0.0326724848611182,0.0985748286448622,0.209653658952808,0.0151556270795942,0,0.01654462285641,0,0,0,0.0518739003380603,0.0761198637831121,0,0,0.0199866235303352,0,0.00698264053211971,0.108317466910095,0,0.0638796363162227,0,0.133395007233926,0,0,0.0944726422807354,0,0.0565291619599871,0,0.0157967121457581,0,0,0.0881207981145103,0,0.0947027478380481,0.0903807838143207,0.0201638081055847,0.11186126463907,0,0,0,0,0,0,0.11324805413574,0,0,0.132819145828628,0,0,0,0.0234252527596297,0.0455628022394466,0.195187032541013,0,0.0920143298286438,0,0,0,0.119603109331637,0,0.205579674540129,0,0.259514777924726,0,0.0100627740523725,0.135407661706738,0,0,0.00918837362914568,0.278343380852061,0,0,0,0,0.0847398858917811,0,0.0858011660092047,0.0380461080725862,0,0.138808796957422,0.0159975562391425,0,0,0.137025592605461,0,0,0.0212895085347105,0.16492116120242,0
"130",0,0,0.0247788518186749,0.226805407567435,0,0.120418191898623,0.0172909055407536,0.0653165947710209,0.156500649391348,0,0.207817175577087,0,0,0.119777837844744,0,0,0,0.00235720829704723,0,0,0.00104138545201972,0,0,0.0163676713128172,0,0.265138321732527,0,0.051999416762851,0,0.0643381474815236,0.0335120200892591,0.0485123233341581,0.0536999501593407,0.0411725291414579,0.0807909594113171,0.142823333986801,0,0.0597311515068086,0,0.0428110630297284,0,0,0.028780065559112,0,0.130858292977261,0,0,0,0,0,0,0,0.168534016083329,0,0.0665915625848359,0.180319380184631,0,0.155562753294904,0.0793814122211283,0.00153512387851273,0.0769179629820903,0.0894753578247099,0.164028040334852,0,0.0984157603141568,0.112112038382042,0.0349576766841363,0.0797277019073076,0.120179133974824,0,0,0.0755467283619457,0.0112023558621786,0.0584408894046195,0.0642123672773096,0.0952948961136924,0.158242431418724,0.0078336213916896,0.0224010839481528,0.217837969466929,0.138031478354689,0.00260924563710974,0.077108117101566,0,0.00143345121381837,0,0,0.0262769588213926,0.0577112388114887,0,0.103796305413663,0,0.0914919482016094,0.156954212324587,0.0119414988529905,0.117471088266014,0.0590545762855512,0,0.181848219455533,0.0264837183932961
"131",0,0.00873437873502158,0.114945390080196,0.139326802531318,0,0.130964590343551,0.00415076637648637,0,0.0496222294343415,0.00109689921768328,0.0945650929565193,0,0,0.0579619512827114,0.0717475961914795,0.0789790678998949,0,0,0.113493173591978,0,0,0,0,0,0.0155856321854609,0.00307572015995211,0,0,0.195094466327786,0.00864818765024693,0,0,0.0127474337137295,0,0,0,0.125894807380416,0,0.0225384711046778,0,0,0,0,0.00621686150803578,0,0,0,0,0.00100790605321395,0.112463701575683,0.0688718271959146,0,0.141235045603956,0,0,0.154860297004434,0.103730437318277,0.329320638055574,0.115415296800772,0,0.0417084228993778,0.270257701139092,0.0690521550347969,0,0,0.156060058051092,0,0,0,0.0781010037215414,0,0,0,0,0.00471380570756023,0,0.0550032393434402,0,0,0.0942966525453012,0.0267049578693043,0,0,0,0.078042085547602,0,0.0838549149764078,0,0.158904294064508,0.0380621602396956,0.0302608357990192,0,0.0879093976214901,0.0778973690784405,0,0,0,0,0.0828939270017267,0
"132",0,0.0264977604088028,0.0576313528166798,0.0856662569773366,0,0,0,0.0363095985518991,0,0.0277528493400936,0.0208434181865246,0,0.134219716112702,0.0569566251191339,0,0.103355410059856,0,0.269587859089776,0.127199698510845,0.0161468064875279,0,0.0134555881602866,0,0.00360532823806921,0.0462514374099183,0.130845086630533,0,0,0,0.0238524661189235,0,0.0676381471912544,0.197604733627709,0,0.232221559754334,0,0.0325527178794594,0,0.00347098400373954,0,0,0.0375280025839684,0,0.0151172281701185,0.152925227475662,0.084729298619404,0,0.0313319459568525,0.0398384914892655,0.0773701051335738,0.0679549853209669,0,0,0.0115249192292675,0,0.0463632544669103,0.0483649231464809,0.222537957254384,0,0.0275862300275139,0,0.2286687620956,0,0.022438439082171,0,0.0887730622019713,0,0.0638817184039159,0,0.133838869298433,0,0.0599192201945919,0.0162818459760034,0,0,0.0939783611670282,0.0466394540303254,0,0,0,0.0128577418785639,0.160439683096302,0,0.16815817874986,0,0,0.0265353693767669,0.122511250573788,0.172028134456547,0.0266849541813653,0,0.0344393351961102,0.0104914370656253,0.118252289447123,0,0,0,0.132482948546793,0.0364715714941282,0
"133",0,0,0,0,0.0189897618010408,0,0,0.0510963053901636,0.034064968425324,0.0724039484158295,0,0,0.193671582508512,0,0,0.098815456935188,0,0.0684603362504421,0.0296223640262065,0.173400517239507,0,0,0,0.00305815547328258,0.132550886110289,0.0198714531687263,0.085529325539244,0,0,0,0.0128430758722309,0.0198616709049731,0,0,0.142195224339911,0,0.081806343157738,0,0,0,0.184913097420704,0,0,0.0819660646865753,0,0,0.00420824224179019,0,0.0814368497032997,0,0.00118103225550693,0.0112693328621072,0.314546713649923,0,0.0822485613661625,0,0.106340316211369,0.244660074941614,0.220348149065467,0,0.00103067457793126,0.260441456596815,0.0232695576977633,0.13579393931546,0.138408356931057,0.117012443547142,0.126381700731197,0.115339021859059,0.120671298192203,0.0247452728566765,0,0.129722430776366,0.057767196414085,0,0,0,0,0.174910937510871,0.121782796019136,0.0322355331537052,0,0.0261238260223167,0.133034038057241,0.335360329637848,0,0.15654615863526,0.121104430667634,0,0.0823737034031223,0,0.0801381118096172,0,0.0308832029755004,0.113506975765478,0.0831481962863545,0,0,0,0.100954140465807,0
"134",0.079167825924251,0.00967675354847174,0.0148428095753385,0.0559068843829546,0.0618335285272698,0,0,0.152566763777406,0.15479053017753,0,0.0641910558453872,0.0695110479564617,0,0.0734204274719566,0,0.161937252678301,0.0420722513562964,0.0402585560589595,0.166363176419098,0.104355078931227,0.0600602172657215,0.028251563745149,0.0185883689521379,0.146324395471459,0.0419598199148874,0.0807667540791366,0.0432631441170453,0.0403961104392334,0,0,0.101621388626049,0.0197962822149363,0.0887236427760829,0.00575126752488231,0.0397403194376616,0,0,0.104743988053222,0.0424406222976991,0,0.0873115353314587,0.0962393742894164,0.000406170060325128,0.0882559995723058,0.127803718298772,0.0907507796811523,0.00984474330682951,0,0.0183579023569339,0,0,0,0.0992209652527664,0,0.330028671983018,0.207992652581126,0,0.29247117215982,0.256388092932587,0.058533563323891,0,0.0560140509835185,0,0,0.00104126516559494,0.0131649950794598,0.153025215758553,0,0.189893732676199,0,0.0974261429361826,0,0,0.00325845128751776,0.00295721573204327,0,0,0.135477559858703,0.0327000854722064,0,0.00302882100439435,0.20310446611633,0.179421311492306,0.203397593607829,0.026995502331548,0.00123449467096454,0,0.191303796245754,0.031382018828852,0,0,0,0.0640579256313923,0.0563638897143097,0,0.00619294589951116,0.0469323301022146,0.0484835182999488,0.184098272323171,0
"135",0.289663330020139,0.284564903509595,0,0,0,0.0929564681941324,0.0479481042752512,0,0,0,0.134384693654744,0.118683933748368,0,0.167589107502502,0,0.245484150780578,0.193955862462871,0.0993348234953998,0,0.0294311296014412,0.0887264574937054,0,0,0.0598842574518212,0.00223900622045198,0,0.133025647864684,0.00465269036599665,0.0187769401287103,0,0.0860044038122201,0,0.198995087656144,0,0.0175925563199092,0,0,0.0505075556273178,0.0915241700935517,0,0.144624234341832,0.0575029202788637,0.0625451314533842,0.123266451010306,0,0.13799619050728,0.0389920582048775,0.0940877179639626,0,0,0,0.217086712282054,0.0530709377458932,0,0.263595474890133,0.0116539119980456,0.00503273015471092,0.169852513207591,0.0919673169503804,0.0147143932561475,0,0.0268529662099373,0,0.00935104162062804,0.0448105729626668,0.0526221766784583,0,0.13382706008419,0,0,0,0.0696093156529221,0,0.143459871280416,0.103859869868529,0.0438539455623868,0,0,0,0.108126663768384,0.140634136419474,0.240367278279855,0,0.147335045480297,0,0,0.193164664723933,0.273737891104693,0,0.20408608200998,0.0513889376042886,0.0705898637418761,0,0,0.00565883189250497,0,0,0.0481907938667961,0.0757875308444068,0
"136",0.13469722989428,0.0788720158124728,0,0,0,0.110221290285293,0.0423357574750227,0.00790198158555846,0,0.0265657982069277,0.113552639567143,0,0.0493883366451066,0,0.0800334599212267,0.0404202176353126,0.0756178760557006,0.103728649677509,0.0214903887510185,0.0710515174429971,0.0640675353692345,0,0.0641851527758643,0.0179027755408849,0.127543984154937,0.135082475987082,0,0,0.148608422793628,0.0330411724605536,0.198365060495254,0.0118799641469285,0,0.00827129420995215,0,0.145122145949568,0.142516261399438,0.0118907141346436,0.0812519850124449,0.0234286881839389,0.0158941520502414,0,0.0285515278322624,0.216859053101205,0,0.0295148976251237,0,0.175728839828282,0,0,0,0.206127945036572,0.0404895976768123,0.0552124569937306,0.0580080415196443,0.0285400555783841,0,0.0524125638084715,0.11537270422977,0,0,0,0.0627071541048403,0,0.0812020357011629,0,0,0.208003893388571,0,0,0,0,0.0995615016194288,0.122044246249641,0.0313279470737308,0,0,0,0.0865305792282776,0.00331233725671055,0,0.216661581009711,0,0.170042740325356,0.0452360347520804,0,0.0352621690749328,0.132511255355736,0,0.0925353079300447,0.0749744973815561,0,0,0,0,0.110931539775095,0,0.117314237030744,0.10191635688076,0
"137",0,0,0,0,0.167817485646418,0.0393122264872774,0,0.0323177836100116,0.0408611814275679,0,0.00122219071080393,0.0151680946487581,0,0,0.0985362555174527,0.0629524998134251,0,0.209386731216303,0.00240692662364361,0.198767749899761,0.0659171684331047,0.139359451571776,0,0,0,0.223599779233253,0.131761170769388,0,0.0636829459093167,0.0278086358210907,0.230440498197007,0.0706285655183572,0,0,0,0,0.122646979500222,0.0179927302642258,0,0.112085451746333,0,0.0325431734780994,0.169072560676472,0.167235527202315,0,0.00180370622546381,0.0652333900622192,0.189162651246216,0.0402191702066709,0.00630656039018838,0.0170707964835689,0.130055040117415,0,0.0291633287122581,0.0481137517115127,0,0,0.0381212463526738,0.0187369581035069,0,0.132523277892217,0,0.00680661917107241,0,0.068384968837401,0,0.0118126851980988,0,0.00806882892213606,0.0854281707144448,0.109715411153266,0,0.0627666158303569,0,0.0482656031608412,0.130832613779495,0.0939019755625192,0.0317304313535923,0,0.0555746445081934,0.141002509391616,0.146164912666725,0,0.0849922737736047,0,0,0,0,0.0703931530503634,0,0,0,0.24907780910329,0,0.0422055818674571,0.106542244592072,0.0627582266523227,0.0476352558161818,0.0723502239079822,0
"138",0,0,0,0,0.161883762638718,0.0877113453224556,0.0224868643578017,0,0,0.015096321390441,0,0.080182656773914,0.0860826461998843,0.250359349924524,0.0655067713503664,0.010669719041941,0,0.0888139755299654,0,0.0736611237182519,0.167174701191336,0,0,0.110322671306138,0,0.210530244841261,0,0,0.0102886880141369,0,0,0.0962038411053564,0.0125730225932338,0,0,0,0,0.0235415246412355,0,0.0726141506129838,0,0.0340525153565284,0.248836926129159,0.182403239216875,0,0,0.186208642373641,0.17014987286262,0.0921794660126614,0.0171185228724556,0.00863622511341934,0.0545430137628186,0.0404921667776341,0,0.0209366860983211,0,0,0.0832552311298874,0,0.0350106243600066,0.062236261633913,0.0128199569811815,0.00848096368667451,0,0.0454901076204901,0,0,0,0,0,0.0833446984228104,0.0455034034527094,0.108449528538785,0,0,0.061040706565707,0.0481119861377476,0,0,0.137413464855127,0.0820110581582949,0.0819495020218163,0.0704138410983876,0.170727418187859,0.0509120330542641,0.0170710115149817,0,0.0368724425879769,0.146793534845,0.0521221744050139,0.0319993438550624,0,0.222653696793435,0,0.072765841852152,0.0404008802912071,0.0299301802555828,0,0,0
"139",0,0,0,0,0,0.0753009921605958,0,0.0919755391184334,0.0704417954068158,0.0290453890453535,0.0238975431362254,0.0422876650345698,0.0958248355938023,0.12654259668622,0,0.14462002587878,0,0.0226078245127014,0,0.209253965484268,0.0278338477510352,0,0.112583434403212,0,0,0.135448365145739,0.0298571556075737,0.0044777774110771,0.0702035744850702,0.0357876024927765,0,0.00552707069932876,0,0.0684147668247135,0.17400002022869,0,0.092118273755726,0.104344254996084,0,0.157539684925868,0.0834830012868746,0,0.0215982676393852,0.205158094839639,0,0,0.0210314245262365,0.27115367119739,0.0494798854598399,0,0.0629754248268227,0.0237232310903881,0,0.060576575346869,0.0875699424865606,0,0,0.0323200694065978,0.257473352454045,0.108119291919306,0.0532942426174431,0,0.127212736845,0,0.0261955813561649,0.0174069838496397,0,0.0611790084772882,0,0,0,0.280982528807468,0.0949740977695868,0.074574399642612,0.0406013365033416,0,0.0698656199394704,0.102318336940176,0.111770965646803,0,0.0411121500793551,0,0.10976930272803,0.0807152294210346,0,0.114823618021117,0,0,0.12987833218875,0.0814880005928074,0,0.0913762833743185,0.0817461946325214,0,0.161619802122536,0,0.0360892723044992,0.0103048554866182,0.0594376325977885,0.0398864486366115
"140",0,0.0288710747277974,0.0693350453805717,0,0,0,0.0661578160642658,0.0936887399147133,0.0459814753738699,0.0436572869570648,0,0,0,0.0285907879050868,0,0.000827447189106378,0.082313878466774,0.0204463220763363,0,0.276196455015704,0.0577809512815434,0,0.0644671349943193,0.0976358319373212,0,0.0475577799506308,0.17924203020259,0.141475396811582,0.132506180172957,0,0.0482725086724179,0,0,0,0,0.096744752670881,0.318911937232891,0,0.103758938760913,0,0.169371086960815,0.165468894476732,0,0,0.0185449119755757,0,0.133204010859523,0.0868868945613182,0,0,0,0,0.136177952493348,0.0179450185212034,0,0.0497122482924794,0,0,0.283528502930759,0,0.0698170609191396,0.0377554603829383,0.0684540008289628,0,0,0,0.0740451114093108,0.126541888509453,0.0635187134380205,0,0.0304757279249589,0.250356893745188,0.0654444859984,0,0.0862624818338785,0.172400829105149,0,0.00925382478755402,0.010590489924577,0,0,0,0.0220432215854982,0,0,0.140071166278814,0.0146978853156944,0,0.0170145226334692,0,0,0,0.00510256484395167,0,0.0521288779755015,0.00195833209381876,0,0.140327340461453,0.109254596932457,0.049272105656806
"141",0.0678375339174316,0.0648065530282748,0,0,0.0971022558417805,0,0,0,0,0.0205177685560675,0.158148541473356,0,0,0.177503336152528,0.118362916202844,0.129246583935505,0,0.188550964498061,0.0577872722347376,0.0979134531618447,0.0437834170918086,0,0.0641751180156959,0.0575412516219622,0.170185266577814,0,0.0176705183299775,0.0557452359458802,0,0.0935874308661776,0.0617106830061275,0,0,0,0.107320661213875,0,0.183306804554062,0,0,0,0.186297264753195,0.112766472846613,0.0726482534195463,0,0,0.109131462377674,0,0.150243338867133,0.0147467543425757,0.278365376479537,0.0462449964706459,0,0,0.0293938702028535,0.144060858133603,0.0299285058691655,0.0295131436904538,0.0227934022179011,0.124321082832091,0,0,0.109873618395488,0,0,0.14258980095681,0.118096893418726,0.0639340027637341,0.246087621564953,0.0254326575391265,0.0194816005684895,0.137717535068315,0.0604520612035029,0,0.0155980453712916,0,0.121798779523781,0,0,0.0616065481887633,0,0,0.186523438579626,0.177817879500497,0,0.0201758864869439,0,0.00234441273738363,0.0341480943291473,0.0510201680908883,0,0,0,0,0,0,0,0.0575297303470741,0,0.147796397094901,0
