"","V1","V2","V3","V4","V5","V6","V7","V8","V9","V10","V11","V12","V13","V14","V15","V16","V17","V18","V19","V20","V21","V22","V23","V24","V25","V26","V27","V28","V29","V30","V31","V32","V33","V34","V35","V36","V37","V38","V39","V40","V41","V42","V43","V44","V45","V46","V47","V48","V49","V50","V51","V52","V53","V54","V55","V56","V57","V58","V59","V60","V61","V62","V63","V64","V65","V66","V67","V68","V69","V70","V71","V72","V73","V74","V75","V76","V77","V78","V79","V80","V81","V82","V83","V84","V85","V86","V87","V88","V89","V90","V91","V92","V93","V94","V95","V96","V97","V98","V99","V100"
"1",3.52134090369081,3.41082732712679,3.41444410092829,3.4891553202256,3.25800464846476,3.62619947705774,3.67984836193491,3.22747695633376,3.38735352105297,3.17081544054483,3.20349510651469,3.29199050766918,3.06561444886568,3.23509932380295,3.52674070643454,3.65476541746166,3.33056169675235,3.65415224497269,3.10900998815466,3.49631271017906,3.34901412042813,3.27104261350294,3.59296957462096,3.46973128726422,3.19721078215457,3.24651168718401,3.40858212772284,3.49705303799401,3.51850832085878,3.3746765634107,3.22888778267292,3.21341826038786,3.13086393040528,3.60240201487309,3.2488731217948,3.24458457618809,3.41124539327093,3.35824228367933,3.38755369429853,3.24734577306657,3.14777123404595,3.20308997345984,3.54204464893751,3.29843507217671,3.29139847608164,3.41831398073881,3.74293426784538,3.50113638824127,3.44089906074898,3.58706219099439,3.10134683279057,3.56785759550224,3.29807152600224,3.53747614475158,3.33385616025952,3.79545620720069,3.63076236354032,3.41473264527283,3.02788041387987,3.34337505426792,3.43625622890918,3.34467563287404,3.38596955700917,3.34984179544076,3.39712021679747,3.36197237637438,3.54793564339784,3.28434348254897,3.24738830753562,3.34656877436221,3.28747723559968,3.20318501551258,3.2157897762209,3.37376555020123,3.56013215585051,3.4144336715552,3.40473686697295,3.07770661166063,3.51152634180446,3.40145331735607,3.10125517420217,3.42726101958099,3.56225823292878,3.22528802870854,3.53516213726038,3.41858927406393,3.7071771619707,3.60859362518264,3.31303514635074,3.40633555134489,3.5536587048185,3.63109405009945,3.55986635998266,3.80526247336747,3.46803144964111,3.5864516189008,3.40356046859075,3.49864350196231,3.1477563358131,3.347977038218
"2",3.88146757473049,3.12033904714111,3.11469508412739,3.16584940540974,3.01564425917365,2.87241762670945,3.70233959697632,2.7967361556587,3.2227006930361,2.92216660932156,2.98946486632817,2.95222199137433,2.81781937266054,2.74149880607421,2.74287772332472,3.0606670229644,2.99189750555321,3.17977755166769,2.88472504016984,3.53121199343298,3.13355899613076,2.29274251621603,3.55357058477213,3.16085506396838,2.47059608644329,3.34490775571707,2.98040985866291,3.24335889408027,2.94510525368587,3.0338359980499,3.41151496608696,3.23367314803882,2.93153388961938,2.90900090227535,3.58032007820549,2.7337848186477,3.25001261041576,2.95505312965213,3.08402968728955,3.09872129704877,2.44966836996143,2.64470835477879,3.46367454852255,3.33282113340977,3.10168193658829,2.38580456440535,2.63516473761659,3.23105658491077,3.28668316157998,3.50730313113685,2.73239714088844,3.36653063122907,3.28963199608112,2.81516908984233,3.08143742057334,4.0207979443883,3.30538144142212,2.49708168461787,2.65300621333868,3.42121756381987,3.03236638090638,2.47627172018833,3.68274845577782,3.22598708651327,3.23225518323668,2.86522614029154,3.35246425989288,2.67316385015856,3.39326339263055,2.92465856435208,2.83382979557695,3.22226457188725,2.2196358298069,3.80182828350118,3.54759686576035,3.30518830907545,3.20543367101115,3.10867081729113,3.48310604217022,2.67163737371027,3.4249032469363,2.74040807632157,3.11555200294937,2.88415946961704,3.32977053177083,3.00716701884745,3.13160732362066,3.80899625308641,3.35635369488911,2.86777529753984,2.75791238691092,3.58324082757417,3.07713868208637,3.57308599233282,3.41156366840023,3.61694218131317,3.40033728843063,3.42402335122463,3.00578545993645,3.2548899706605
"3",4.87326540101886,3.52275218542264,3.25340698635368,3.62332649953043,3.02753569840828,2.92410586459749,4.42086636624759,3.34685880903977,3.21057543756028,2.89963168716649,2.96663755445751,3.25001956718637,3.69677632138589,3.47226737749275,2.72143764414322,2.7771818518465,3.05628056369185,3.04299968471217,3.72662745867095,3.56783666761848,3.4345690205032,2.32593168329286,4.22209966917959,3.40692830394731,2.58586014214109,4.12881857916499,2.90067723363526,3.34439289895838,3.62611411330256,3.32929545604903,3.84510132582384,3.48327782512516,2.82749929266189,3.13075980240956,4.2327034740412,2.63071839820148,3.76704382405898,3.54935758308677,2.96814474689384,3.46943684598462,3.01290089264857,2.60413843737913,3.93332943156261,4.15136069274851,3.34290793601337,2.06470639214099,2.79529783980251,2.96262005028211,4.08049549716371,4.01853550451642,2.40081013578152,3.69756842820029,3.6917335894353,2.57374449736071,2.93914821143965,4.85231981908024,3.68991602437522,2.67642658627863,2.82559528336653,3.13110244977649,3.43902772156974,2.15833648205128,3.80281703341839,3.60138225555615,3.91996567450721,3.33875361879366,4.44510698740862,2.82182637875819,3.85522739819111,3.44433677437798,3.10457462072843,3.21903159175053,2.19989741890544,4.32733159556715,3.9280414823977,3.96651450438063,3.80451253040771,4.23487178159826,3.67433795094892,3.07837832521766,3.9826525643864,2.55764573123435,2.84026056976733,3.12631666076626,3.33178640106588,3.19934152938488,3.2493307415971,4.17012109049675,3.75932032288323,3.10827813584446,2.14356697230569,3.76133093770291,3.393205435253,3.52022232332738,3.82444647447211,4.08793585145713,3.83925625655631,3.84154492407865,3.37851233555033,3.55179842591851
"4",4.62425610895401,4.53962059489208,4.52151084464432,4.54718428333536,4.51472614341005,4.51675371131277,4.59637041955365,4.52206905931482,4.54187152672363,4.50409772329122,4.49688493773037,4.50909161000275,4.56028728569922,4.55157155911819,4.49128157360299,4.46803505095296,4.51397397404732,4.49271890769422,4.56539849079622,4.54652670862786,4.55067539023834,4.46605783524846,4.58853601473014,4.54643370107014,4.52997494433417,4.55662777641034,4.50685971601505,4.5091474914175,4.52928295971689,4.53972557029864,4.55466256988415,4.5553379499217,4.4965717199961,4.51964565541864,4.57327688625029,4.50019854283384,4.54012116314736,4.51830892376518,4.5332257742167,4.53215979222892,4.52676278289884,4.47381218528907,4.56528832800649,4.55711933523827,4.52985834349014,4.44969878115286,4.50550904210006,4.49893267017648,4.5677162169227,4.55221321428244,4.48378661214262,4.54790467705707,4.54822265621115,4.50098772781283,4.49352430337599,4.6338388334889,4.52836842405734,4.48507436777841,4.51296129801172,4.52489311231275,4.52879581333223,4.4724508596186,4.55630100539715,4.54654913617708,4.59857203940784,4.52978414476804,4.59275495306712,4.49136478750517,4.55764142330042,4.52578495019796,4.51490836063754,4.54615407682869,4.46024516159213,4.57510086757207,4.56129263292999,4.55651750208805,4.5697375004957,4.58076198724271,4.55005952191527,4.51185070448291,4.57631714222145,4.4768627746884,4.47832514420732,4.53977848499136,4.52940749992219,4.52846353594854,4.5233690209484,4.58109024203799,4.56092369963298,4.49717278033855,4.45776335373336,4.52912045989722,4.55693718568229,4.5316586910632,4.55404442585785,4.55374039716032,4.56082761773431,4.57156411260275,4.54649280085909,4.53218587502073
"5",5.68502525598042,5.40222118804538,5.13400327584761,4.83819832957526,5.06276038066687,4.9630508014365,4.90831355761145,4.7321193129042,5.06561764035253,5.11303428648733,5.11870492160492,4.98485132753054,5.06049007180899,4.74199954722487,4.80145269804344,4.57950613840837,4.92234525918313,5.09785566573828,4.67802341100006,5.14294859953135,4.97369104096891,4.16761638590026,5.00671075173727,5.02097355006757,5.10387620470686,5.24719165360487,5.39611517246461,4.88946343639712,5.18094198059283,5.08105072767336,5.74170220597062,4.94051201283717,5.72212490385109,5.0868983198011,5.31921641437615,4.49082436821938,4.77728763403275,4.76703207450676,4.79548056440418,5.23782491160605,5.05363255342469,5.20466820313506,4.69940803794953,4.86113223091995,4.97847645692968,4.72089991429556,4.62796695292913,4.33934840893786,4.80359121255535,5.22875684242228,4.72805886280975,5.01741487039419,4.89890802420076,5.40326323573162,4.81656327287474,5.45585629268034,4.49513586780433,4.48367531143255,5.1214767978271,5.25513866978266,5.20096336203904,4.93501114699267,5.48390314246349,5.41560501181422,5.17882455587338,4.69912470232145,5.28924379111566,5.47750103010385,4.99876649464683,4.69130130645081,5.00698230611323,4.69510604392235,5.0401742077047,5.19577880502545,4.42428176825631,4.95636566838119,5.05074155900382,4.79264690065217,5.09099184837206,4.54984382968078,5.4537891408473,4.79092265299392,5.39158212191212,5.05352798650773,5.09401774600553,4.81311873319328,5.17547608325678,4.63062068500153,5.20744958392006,4.8345671820272,4.86483950497741,5.03022402086794,5.03780664277353,5.07519505919889,5.40951601678401,5.50134115057746,4.7426534900927,4.99838283179856,5.02573927575013,4.90212740086741
"6",5.98682380362841,5.67469517883779,5.90993027324717,5.49811721521284,5.79015618728863,5.49330920945104,5.22491663715786,5.02058843603251,5.66017674775406,5.65423765791042,5.76194300578572,5.18031691186531,5.8033244578271,4.962200424981,5.21946819065682,5.22420859971372,5.64088370067833,5.2201235506598,4.64858157073438,6.01214568863344,5.18894894864808,4.36133543295767,5.21072899484196,5.2816600772809,5.5403663378981,5.98692229139571,5.75934468358141,5.35708388221698,5.21019543909849,5.43302416887196,6.21229100125733,5.54341524530994,6.03782250043653,5.82981347133522,6.41920970303138,5.44738067018253,4.98789572474254,4.91697721331405,5.42110850634921,5.60544586518619,5.70944938207023,5.9477120918994,5.18567259106674,4.81842344610101,5.31828758452188,5.27404826109323,4.68848986328866,4.58636933041192,5.27485639083685,5.40930151551461,5.46023321287466,5.81378219861105,5.51107967752767,5.33061437678868,4.88875863487195,5.89395007105792,4.82166977156599,4.90697258034651,5.90647412896838,5.94840801717427,5.83714938273199,5.1006619620438,6.27571486589122,6.05039733859985,5.58003251678437,5.29879055051092,5.99942832529945,6.31442939709878,5.32348754778042,4.80472645270175,5.68511431757849,4.98770654750205,5.75602862106582,5.66106687815222,4.64101566655267,4.91523083927692,5.6263549995696,5.41966679162398,5.59916646298155,4.95417283725723,5.41975295908638,5.30292308572617,5.76998642777216,5.31571796672367,5.525623656318,4.93762828355135,6.04409513338973,5.21029567433714,5.92141049726749,5.37987311920422,5.40804783851536,5.03250341218227,5.4839674542291,5.88899550237033,5.49347835958767,5.88382774444709,4.82387682874162,5.56824054870872,5.28465245032556,5.45415683462644
"7",6.58572920659828,6.79262053613351,6.16208281683371,5.74885839811408,7.06925150214703,5.68030857071651,5.57401280691952,5.97675541546567,6.43556339710064,6.09712399201962,6.58814462010497,5.53795540526561,6.19738056627673,5.19304056110956,5.56305135775235,5.77290177399724,5.77279158863256,5.55858976643643,5.32716218884067,6.78970839864048,5.52174513940276,5.15787012678236,5.66563263456632,5.60159837237963,5.91233084197467,6.37671498524108,6.02035495311088,6.19123054232988,6.02818096556658,5.84489358234012,6.955926244464,6.1546581473844,6.73052899581517,6.15446484388734,7.26186335154059,6.01553241937895,5.08780345280483,5.67316259452684,5.79118640577354,5.83387982659492,6.95338993745199,6.4572039820668,5.96214123659219,5.48452103496823,5.75070952091079,5.55258030366857,5.33720799944028,4.6269713291494,5.81783731516599,6.16780995931044,6.50521531460877,6.59829442866827,6.05157634206634,5.67138388990055,5.8277358179112,6.48186560070076,5.37258708128799,5.37519831733837,6.24336944368691,6.46837591917274,6.1790014235139,5.54147410822315,6.65943938640855,6.09017012180183,5.92659505324026,5.70031329501232,6.55854345679671,6.87909158227373,5.66388373450171,5.15503412995234,6.19910499641483,5.38618320058414,6.03506789647842,6.40843697719615,4.93833890082578,5.62671366098912,6.22782577297045,5.91057587641632,6.2066411512507,5.57488797216451,5.52573568390513,5.60849690437662,5.8357138833659,6.30426687904299,5.85134849921363,5.52195471415023,6.32633381362589,5.84039986202064,6.93489283166559,6.0786060199379,6.10668908230902,5.43400952808625,6.197327374888,6.40189763142294,6.34985605762549,6.56733889345424,5.00726007252409,5.99395115935079,5.82065129708745,5.40510135816873
"8",5.98926891252529,6.03390777759869,6.00880579475042,5.95814736876106,6.05283103435715,5.93867172787865,5.91531193560282,5.97331302307044,5.98063272230341,5.97930875486269,6.03785720643377,5.93874028465014,5.93494437113484,5.89419412733656,5.90139111084273,5.99099089133604,5.92740477632549,5.9445284114969,5.90797278755534,6.02553565506542,5.94031161717576,5.93001406425285,5.9426772119766,5.92686053535327,5.93984411229822,5.96348290724911,5.99727699028905,5.9886679901842,5.92997894657323,5.96578984542348,6.02893820677887,5.98968170336213,6.02356781047367,5.96749513032624,6.08807442503562,5.97564925031216,5.90983487799196,5.9225390997436,5.92618519070176,5.90527282962853,6.00694314576225,6.02300043065828,5.98598144101104,5.94376194662886,5.96456855715984,5.95523967455605,5.89568886485401,5.86241268447719,5.96688636668085,5.94029181454348,6.04334903940715,6.03042624335823,5.97615178907103,5.91809327849106,5.943590131011,5.98079519676046,5.89507440124293,5.94144843770155,5.96334186281553,5.99530614436619,5.96948918950684,5.94583284493479,5.9930604394812,5.98062828274321,5.94225638435264,5.99569631028674,6.02120455680297,6.04625753748127,5.94446700052841,5.928459560881,6.00095295097136,5.92780208953584,5.93572807685848,6.0126054004634,5.89327047826543,5.95376658443423,5.99779142540603,5.96501734227494,5.97414297807371,5.90946477156684,5.95528603131472,5.9303743953266,5.98014731510481,6.00507494498562,5.96566505014485,5.90844808238832,5.98466643532461,5.97138750386376,6.05053956116692,5.99412826543809,5.99682850622447,5.89350576679448,5.9571758506284,6.00828138322928,5.9975279561322,5.97366906576195,5.90351595015306,5.9765067699251,5.9671160224668,5.93328748221373
"9",6.09234816737624,6.97037877996025,6.48148578024645,6.49719332022083,6.10305008326946,6.15790116023667,6.50292347513246,6.38537405214359,6.4432125102104,6.44283905807904,6.9595750230256,6.26788886204984,6.57525407527224,5.94235947931661,6.18505336217065,6.54428619987132,5.98893836530874,6.42454649139898,6.34589070880966,6.75048694253134,6.11694215834302,5.94211415635775,6.56229136812041,6.55062241365801,6.16185128123475,6.10680455102299,6.22333491539694,6.6745019075528,6.22926899052183,6.00183849940498,6.96205782866958,6.74202922208012,6.45775389998296,6.50707375751697,6.7968631749991,6.26633090541562,6.02942187018276,6.07065423104395,5.89452256970449,6.04232600632956,6.23579664394548,6.86755006836045,6.16827854242763,5.6990380107195,6.16725888592136,6.12867291766244,6.59623517356194,6.46338140042402,6.03234272501476,6.87914446693997,6.1553548257159,6.63132222911352,6.63483503400031,6.13460846080808,6.18224859667985,6.47000782766957,6.01839365232827,6.58136120315503,6.60006816616698,6.59390440375009,6.49903621861911,6.46553840473759,6.1492762891322,6.73741377605053,6.37960976955726,6.20114360989959,6.06085805693014,6.55582005142888,6.35203501487812,6.3751657385854,6.59947490949134,6.7709859559538,6.71813155771027,5.90358488336982,6.52398188864775,6.82557464802696,6.76561725850499,6.78575937438464,6.18195789467863,5.75865836734164,5.78957495086456,6.70824447301439,6.16272052357721,6.26640391041113,6.24540587068659,6.10769467172566,6.63905478633398,6.03542660460139,6.74955592869263,6.67699617368802,6.18012025391718,6.52370353722545,6.35727404893377,6.55136127229693,6.5696366654052,6.80341485455821,6.3571034224297,6.18546645415933,6.46325618516493,6.15507062759261
"10",6.38608711479586,7.55895842801519,7.39837347180172,6.35444466664886,6.07218545925688,6.36117239252709,6.91368530932135,6.15666934971614,7.09610867817533,6.4837149158785,7.25127442405706,6.83489082772505,7.00040723356429,6.40702350991628,6.73859899488447,7.04504396902111,6.07769640580267,6.91384267085475,7.17587128591529,7.40510175894329,5.92447740371998,6.40314259210888,7.00257083002793,7.18031139299625,6.36042401657486,6.58696509855712,6.48255864136328,6.97414243095622,6.46111592328358,5.99305181103307,7.03297868869791,7.05839470805003,6.68235744112706,6.35210682413692,7.16067114756573,6.60274495187825,6.33365446283749,5.95929642541105,6.72262906322293,6.20944022963152,6.80163318679937,7.23114479057338,6.72400868465667,5.78287745521858,6.49956446119789,6.83667673003693,6.85074707732948,6.60173553021219,6.28592265951901,8.15685706854304,6.55039587440819,6.95039804609591,6.8937492526828,6.81297978075925,6.51293690804519,6.9139764844229,6.35335397300326,6.52350667762802,6.56665834000373,6.83302919058909,6.85919495276084,6.84862152171783,6.01722023783126,6.7997409768464,6.71772025192841,6.82775664300992,6.18432545623578,7.10714018896295,6.46072639146481,6.82731611815054,6.8359063403753,7.39339500649961,7.33333879490973,6.22607237088371,7.23093735050376,7.30426202870064,6.88122709099843,7.48800009077521,5.77634177681833,6.29053237897945,5.66698358395441,6.7494778522949,6.3665502137043,6.43875563958425,7.14982447295511,6.97659412768837,7.05294675807082,6.31085379475438,7.56960488203255,7.19679271873791,6.24698506963979,7.00099907716779,7.10064750100211,7.10426862072521,6.73071016019116,7.11707568569788,6.63341004050287,6.25399031862917,6.44532563347151,6.71248235900097
"11",6.6157053681482,6.73531764006656,6.76248946051815,6.64418469225563,6.63996788801968,6.62551848769518,6.69625322831645,6.57421471572961,6.6866010873778,6.64428542993116,6.72509628686543,6.67678476595919,6.75026618424266,6.637346630048,6.65643515624307,6.69369101807004,6.61120244083594,6.66171659507767,6.7312516820592,6.72179276470844,6.58487775006678,6.66237995445942,6.70818522637683,6.72334518432136,6.64947836876393,6.60002563226081,6.61562383910501,6.66866258452342,6.64314873907305,6.61864655694462,6.71626195501305,6.6766408427071,6.65488606038365,6.66815118851789,6.69832022734331,6.67157025636183,6.67938352363011,6.57571249291765,6.64853608494051,6.64125250544809,6.68952023438923,6.71499325839316,6.66513078969919,6.62099368877257,6.63319006448733,6.68293368475232,6.66706889315574,6.68805747709353,6.69703057668197,6.77784421569305,6.6521416640522,6.74091179742952,6.73614194223697,6.68692169892829,6.67530334379477,6.65540198198104,6.65832498536855,6.59573626732067,6.65811247797117,6.67674246489055,6.63278130042937,6.66623410808843,6.59335725247784,6.72212855938823,6.68512033843888,6.65233074642229,6.57695404883082,6.66931835629238,6.63824223283657,6.71836238351143,6.64214648221068,6.74476727332935,6.71227132652942,6.59418109969207,6.70927630032074,6.72113880048613,6.69500776964767,6.70688452836144,6.57623102257705,6.61698276721112,6.54915691060174,6.6744571829446,6.64633098385023,6.64186610083942,6.71719702020274,6.7179628366205,6.75497295296506,6.6075363163364,6.69974834062643,6.71974987120069,6.64198439393579,6.70674197594738,6.68791436991168,6.73430640743887,6.66648435153337,6.66374629214078,6.6455488058068,6.64641742334663,6.66964601436895,6.69653040216629
"12",7.17060557565942,7.0521010301833,6.88115186067174,6.80668945292394,7.4190043612848,7.19292663126771,7.40945716603783,7.13330717845194,7.03800491222851,6.7701738802329,7.02655387354287,7.15306331669313,7.46700434116114,7.08789384206862,6.83187619917233,7.18747069970868,6.97223998412806,6.92524544269302,7.43492823843627,6.74263770193613,6.65613430214764,6.89353022906365,6.48222572595024,6.85482701210729,6.86789626054625,7.07730542798784,7.20728387001865,6.82810172970009,7.06556914702665,7.09925183546401,6.72849294322537,7.05018183458835,6.89199449496744,6.69937575648457,7.33881681927024,6.89970530241567,7.03452272050223,6.97580578364809,6.82168862856108,6.71639354438407,6.98181429451283,7.34674735671059,7.57269341837056,7.07900139071216,7.49559083909851,6.81956607191602,7.03001857434237,7.31162109617814,7.12056005437823,7.28412115268098,6.44933978289131,7.06639891671613,7.30732328064248,6.63373217693942,6.81195947286229,6.93108785933582,6.35751309130627,6.88260302264531,6.61454841679688,6.66383771963831,6.89058318205666,6.90559749527762,7.2218651280878,7.35702453905275,6.89763215897314,7.04236453280161,7.24093106396375,6.97774000714074,7.61356329989303,7.17128187227959,6.60852562863706,6.93859671681874,6.85199038789888,6.98153047585041,6.83723275048432,7.05291379949633,7.09895597547285,7.67466598613014,6.69655656148323,7.09873316703634,6.48717313349797,7.28214741004999,7.12336990616169,6.6993212233368,6.99394102506532,7.06430109838962,6.42655842122329,7.08955767095968,7.40745519499483,7.20843285147361,6.1953770352083,7.19229176030734,7.20927066408366,7.59822692623456,7.37979042581344,6.75769895706924,6.64911156576123,6.83280498326186,7.28840443598192,7.23132045729195
"13",7.84650345812038,7.63594510517751,7.37789664493723,6.99039130423427,7.80076087692563,7.34735715815034,7.60841393980781,7.21514440143671,7.78670977013065,7.26583796048068,7.65727413343544,8.13870994816774,7.89747101463945,7.47542983813054,6.97197910854856,7.4215064842953,7.12529928818046,7.10146755509476,7.98030212688761,7.19492548574601,7.02548231031535,7.19237928012512,6.96141158881497,7.100091197789,7.3040632208373,7.66230961167782,7.50237050526403,7.33513587419075,7.36605752658559,7.01314253964229,7.68867729391426,7.88260117882947,7.25401984891527,6.60373641349974,7.93796146429036,7.54623239228316,7.40578125843208,6.70425914683682,6.77126393101584,7.41005285193657,7.43495915690545,7.72644589324778,8.09356614601212,7.00409802219901,7.85323759641442,7.06083304908638,7.03201500875271,8.18611175348613,7.22991694987188,7.99797850768354,6.3481494438186,7.80432695028918,7.36502817950951,6.63492075133067,7.47855711205819,7.01207322708788,6.18807412106725,6.83164222493756,6.7041324894829,6.92958644860604,7.22370184308052,7.04463494450135,7.53219740905193,7.61903047272183,7.23715292669933,6.68124800644782,7.53941224425967,7.50715541242864,8.22488288860304,7.0781708811947,7.01136736258952,6.78930058510713,7.39907563570833,7.39348880047133,7.09991316384568,7.38787131185339,7.44528103909191,7.81383963219953,7.20731042286736,7.28472482898467,6.52985717331533,8.01354171414386,7.30722033462009,7.08494720669242,7.24554071297065,7.3227253938679,6.63315466766141,7.59438378898544,8.2706026370107,7.63355266097851,6.80440312211338,7.55298149931708,7.56631899169946,7.54290858615922,7.93706390788924,7.17627290700086,7.21943485236325,7.42556189200912,7.6624438249994,7.70125389089645
"14",8.15319501583996,7.86517312233,8.03114995500114,7.48024204285106,8.10062169818465,7.96251415623378,8.04330369157758,7.42608247029905,7.79372856460437,7.81000132438184,7.68665312091953,8.1636774960876,8.72964435941282,8.07988647936281,7.59372364359012,7.43596908572112,7.4306578333996,7.86736481850239,8.21527053292167,7.73017605418128,7.66693500848133,7.30308796421455,6.83068006528089,7.39704614201652,7.67785085705524,8.01616477961678,7.94801963512392,7.90766956955564,7.44009951210405,6.93876837572746,8.22855413306083,7.99547783832501,7.71385636448832,6.95653328971159,8.52923308810113,7.73087630739679,7.42832672227307,7.03739530054523,6.08897125750931,7.82159086852966,7.77402023237797,8.0850990067398,8.49795757411695,6.80240785133565,8.43523889979987,7.37842070144551,7.28386011524722,8.27615375010769,7.09412316516956,8.65133518892705,6.7415235388646,8.21119758176945,7.54291939571158,7.4941311333268,7.83849983555038,7.41158037658975,5.71065693350422,7.42847904834107,6.91906677286769,7.45144093629865,7.71961764959701,7.42388313187025,7.7136992947385,7.67599051238904,7.34043734547472,6.58971754568983,7.62262401883359,7.63075767336841,8.39073364746681,7.13842127271744,7.12725046128739,6.71910842945228,7.24339903433515,7.97174277168574,7.57070161725921,7.73265075986,7.85847353689525,7.8662104171834,7.58015323606003,7.92112307968802,6.66539626976666,8.43968726036801,7.68635972497283,7.71618255849141,7.72092605615822,7.59181205143001,6.68596872995859,7.75494069979699,8.663047899353,7.87696795796009,7.31744575371419,8.05740287729226,8.37470968622315,7.71018159397519,8.56080720546625,7.50319870706275,7.28154335529568,7.61585152514376,7.91091967794548,8.1813788646185
"15",7.37392882150591,7.36432289502208,7.36712147682348,7.33761031074633,7.36775648813541,7.3787939225397,7.38431554703244,7.32673683261848,7.36285653363709,7.36917608500199,7.32697317386619,7.39555113929714,7.38092920576651,7.37488991647907,7.32949465617198,7.32705306348267,7.32661164491184,7.39209099022854,7.40473094743878,7.38594362282276,7.34033539478945,7.33780114160571,7.28291801694724,7.31925955681042,7.36943540331763,7.36215573848124,7.3681093898593,7.39668180707889,7.34938206135788,7.27843973214875,7.39379326257765,7.38275133200058,7.33581368207362,7.29388197148525,7.40894678830364,7.35731206105352,7.36115014675121,7.31521341560035,7.24146478833755,7.35427778390427,7.38153412877303,7.36818192472529,7.41166767709592,7.2654942989755,7.39297605890302,7.3325675286434,7.32829970272807,7.40298924608108,7.34993980877991,7.40521474992003,7.28781732889563,7.37344260977674,7.34901989176178,7.33378407698344,7.32522100924013,7.35122694657224,7.2197459202677,7.33803898985196,7.30572391221841,7.35166114321406,7.35308576941102,7.33291440813443,7.35067857018267,7.34514068506048,7.31045287617479,7.26715653236204,7.37414541772177,7.35654269641504,7.41824384928754,7.30840091067812,7.31655830734524,7.26950472338376,7.3175883910597,7.35613140552199,7.35025909994599,7.38667758246487,7.35044305633877,7.37962127217259,7.31028335548318,7.36555151145216,7.25857778853089,7.38568301894272,7.3519557714814,7.33015332545621,7.33123840259026,7.33168944044439,7.25843617634334,7.32713261482699,7.41649691269303,7.34524610816251,7.32889642272717,7.37961133509176,7.38624507736055,7.32193852575182,7.41948575127016,7.3398519675028,7.32200243162877,7.35939616483354,7.35969343956859,7.3339965272971
"16",7.46854461879724,7.41726157194668,7.15875437182656,7.32949169494536,6.92409459724991,7.50044333713133,7.32981054205075,7.14146094768684,6.70461572087607,6.97521692580313,7.39136016740838,7.71185827484314,7.33445314823125,7.74416086585326,6.78222048206596,7.32259759643033,7.25479222877367,7.29426186489078,7.43499191555319,7.81688744620672,7.08500015328261,7.16905063665012,6.87931400455583,7.6842125757988,7.09484676021022,6.53288309754042,7.24421089588737,7.525919351475,7.37435135737731,7.04945361915651,7.80191580799877,6.60041885270764,7.58587449443789,7.19410165671411,7.6459359479221,7.78885475625136,7.3475991041877,7.71514216440615,7.33894475489814,7.18153888248702,7.35288931747099,7.22623353414439,7.23428503698281,7.66055094786223,7.2266059451474,7.43816002910618,7.39751784302272,7.46310512167884,7.38717974631017,7.21291426903923,7.0330433221674,7.43450832689149,7.29885120927916,7.11216869234806,7.27798692814465,7.11959187325147,7.15699372596976,6.70572785111965,7.64020048699729,7.38219676543121,7.11436946017639,7.69057292236192,7.3743996980724,7.14759808213398,7.40870683414186,7.33401180050181,7.62084664202295,7.12423393274793,7.54841824485061,7.28538383551177,6.9682989091635,7.45300127488724,7.54336484839054,7.34030178039062,7.11235729576643,7.12149235134053,7.37160174075272,7.67668184326097,7.13532956298368,6.949073809975,7.32424782090151,7.12448983577991,7.52672762897077,7.4908465505201,7.01480295096395,7.04896850177606,7.36025220940837,7.26038158567452,7.10213237009681,7.38663820081375,6.93498671199714,7.38661354006338,7.00529986782067,6.84367022842703,7.01471721487238,6.98568470626624,7.19413305504833,7.49261100715908,7.17313882714875,7.26892355253925
"17",6.76154004366873,6.88889257926975,6.7387535445555,6.86678831968979,6.58093675436964,7.43733542909353,7.029936239784,6.69686810169376,6.3031151284795,6.93394575350002,7.53958042145692,7.51074830420857,6.88916453864735,7.81446413358811,6.40670344937193,7.1749742595166,6.97815542371637,6.95611279143707,7.10195207860732,7.88209892200688,6.96248474913451,6.64190204787513,7.03231128191924,7.25797637511785,6.7065776230738,6.51911406329538,7.07986817165506,7.39601507351605,7.3620892347896,6.6369543053669,7.79444299716699,6.13802481247929,7.28640792111524,7.07495875613868,7.43088051648261,7.68914812084814,7.43789932714395,7.3144887665706,7.44683112275198,6.7540632416457,7.10494980148417,7.10798616108281,7.0525298578899,7.69273503977767,6.96827282859524,7.30090680201678,7.30944007729509,7.41881067070068,7.50674633810253,7.07450574875623,6.67530957490378,7.22370218056297,7.04116485038924,6.82611118990881,7.34941065902228,6.99059152755237,6.72749375562,6.85684618353286,7.46998425045353,7.25892462175188,7.03306968359816,7.24608467919423,7.21553637100445,7.01279501744446,7.17026071396029,7.38981711256127,7.54357826947031,7.30914446558254,7.42417604121116,7.32004077509114,6.66708439250358,7.27102330379183,7.09571158793102,7.01901961784872,7.15523582590139,7.04183986684118,7.32182552121502,7.26172103839128,6.77714281089382,7.04237276838248,6.89710224465115,7.15644971767529,7.44036605685993,7.38467778992274,6.76051936119574,7.11798071596163,7.20339506097018,7.39188892675219,6.84206740934691,7.47214446598314,6.50439151392749,7.12695933847373,7.01547993374321,6.38093839346934,6.91980047054883,6.48920475737829,7.13014633763607,7.30159430820786,6.75266512570251,6.88175444064474
"18",6.66675413843872,6.63337776524364,6.68104082641499,6.65550986587934,6.6282093006747,6.78787969200072,6.72022919851667,6.63917421524635,6.54889564588028,6.63335339496799,6.73274694893197,6.74808568988598,6.62742991513934,6.71972886053163,6.57578511655759,6.68028639825366,6.69047042307136,6.70793411518186,6.75857437796585,6.8423018054064,6.71515845329811,6.60004461966079,6.66454575698024,6.73224404035486,6.61135212641187,6.60146711067911,6.64523929880206,6.79394493554445,6.71670149956199,6.61010464363558,6.78292123631705,6.58224326732198,6.70325826826373,6.67375660338336,6.74415597135913,6.76693570570538,6.76592314360607,6.73200089463906,6.73307357147295,6.59754532967183,6.71848503333005,6.69330072455711,6.64958190542889,6.81506385989125,6.65524855157913,6.74698244021516,6.75801892998673,6.76986543168984,6.72541575519638,6.69354215334076,6.65206869650143,6.75482850931023,6.63270540488694,6.64882480807491,6.71890013834469,6.66658476475406,6.6040949967757,6.6524740066329,6.75608374004082,6.74243512459115,6.66772766019949,6.77770099587919,6.68221191037102,6.73068058061747,6.6910721628884,6.77661542355391,6.7332938663445,6.80226800501685,6.73543876193164,6.75355761324967,6.72307594644665,6.70129103434905,6.67301796790123,6.69693289596717,6.75496425369218,6.72797100416248,6.72498778413546,6.67691721783892,6.62874177409474,6.7428379745768,6.64657260401131,6.7296517894493,6.71100727791373,6.73936139952937,6.66102588867539,6.73854930226036,6.69824820882535,6.72653603844356,6.62869004440878,6.67048908522116,6.63971048750201,6.66900745649127,6.64652077274096,6.59171247180954,6.68225124903083,6.57827464768453,6.66559162730578,6.75193863782906,6.61600070619076,6.68849301020448
"19",6.42624197892588,6.3417694748165,6.55829287409484,6.59110523441222,6.53938324115532,6.47461298968962,6.46821530155283,6.33651299757799,6.42298199330923,6.66560469836124,6.28724612799889,6.57856692123309,6.49868442039261,6.53805177072782,6.50955242592842,6.36842289618906,6.47329431789432,6.97258483944566,6.70689133572001,6.15952220965933,6.49522828735178,6.26693186683586,6.65561842056736,6.45088532830697,6.34281033606845,6.29034583515306,6.45638490845153,6.92365537275579,6.30219003119035,6.5270621614003,6.75513061329662,6.11453593229737,6.42970409775137,6.55856626569928,6.99616415068326,6.80284228121001,6.45903827466836,6.32651106973914,6.94005248555013,6.28512616976515,6.36692830306687,6.5297914791909,6.51026691136577,6.71984044340214,6.38687029082035,6.58511923659659,6.50209529500421,6.52556633681623,6.54246389731261,6.15199072824624,6.35342893579225,6.5869578789283,6.50678024250217,6.47167201386989,6.65091669017452,6.34132819137823,6.40809196775149,6.49182185750216,6.58795469586266,6.40777174153381,6.53186090001822,6.36375978706412,6.61032866514596,6.13168110851343,6.15271186669272,6.68486378302071,6.17159738908407,6.92578431712098,6.87861106193611,6.81360378115434,6.40177070156901,6.63739781896869,6.4879203985015,6.50947638096554,6.45546432378303,6.62292074813735,6.62611258731369,6.47799611918381,6.61523372442869,6.64817241466706,6.25608919026286,6.40501846265219,6.69657895660805,6.7827931379448,6.76694710375673,6.86345058284562,6.5724261341523,6.40353625087986,6.38314072189025,6.06171447406122,6.10255500115188,6.505173280415,6.47098155150429,6.4540231843178,6.47368716994642,6.46986601236971,6.43235431082963,6.67919011598406,6.43348107271605,6.61058828544193
"20",6.19783124396233,5.88293936446745,6.29248319258171,6.07752410732223,6.26489956062667,6.36613679683272,6.26426659668518,6.182817167927,6.1170648062661,6.46798721735183,6.28819711103192,6.56415345964725,6.30991795415491,6.14483259770304,6.60891988354276,6.18217822530013,6.25340827217568,6.66927902594326,6.61035649270333,5.99051026095038,6.23661268182839,5.86768208338501,6.33252205752121,6.67487145254989,5.96174903325419,6.20421140029135,6.3397782053889,6.86734430978982,6.24750726964298,6.54860068037634,6.3350727312102,5.71002344598454,6.26559003932436,6.35136507431243,6.77811328203224,6.74818364153753,6.46252500007563,5.96291298929263,6.60145403778104,6.03174043325795,6.16328536453537,6.38737139309775,6.402782008445,6.33541556043602,6.38031457983666,6.3679462138484,6.40942653517144,6.23037479157268,6.11729841882197,6.01850441475563,5.90305707643835,6.61270413309784,6.16283118268174,6.00452013272915,6.64160747984112,6.03080578222605,6.07686793799598,6.31028269486499,6.48912834397523,6.17604062249523,6.19161064014877,6.18247313533135,6.31586303743812,5.7953257462781,6.04278426771188,6.24232718214172,5.61885152650535,6.6625378591172,7.12208291432221,6.85377495669737,6.54642948558254,6.51726126821881,6.28372472038184,6.52345632556131,6.4712624173448,6.31765422499216,6.35238650560029,6.48443956274301,6.94057996559222,6.48575066843841,5.81349329682027,6.38819176628088,6.43906519597055,6.61704870592918,6.61580016032454,6.65814714380449,6.45599158499705,6.40948664536449,6.42397568259885,6.12221802281476,5.52113566680574,6.79173307824062,6.2067591215895,6.23879830165295,6.35876381872323,6.44952176625992,6.64491379089778,6.54344252320718,5.84911159869805,6.24376485431771
"21",5.78393486356456,5.56111015524727,6.09635232599369,5.80214158352574,5.70687626713762,6.26394626984072,6.24845655129202,5.71014826285489,5.79015383709969,6.47603993422421,6.23657002741852,6.25196196823265,6.25341116190027,5.96305930435314,6.74149477978915,6.01769115094459,5.99867564632903,6.39261084135867,6.47581646940699,5.73111681943971,6.01102806593264,5.63581804154303,6.18984355997576,6.78068161144115,5.98722464605201,6.03100466913124,6.19192340161281,6.46957312267762,6.138190955083,6.62400870697122,6.11377488922499,5.44399826965591,6.11149867597369,6.31271831958808,6.5507775866568,6.71188166978497,6.33071497546405,6.0771556832796,6.34224366241537,5.94625055057459,5.8662094572007,6.16783255569344,6.28599078547926,5.84271467337218,6.46075542692826,6.46688745340465,6.23748793564443,6.28667064446584,5.89375305957656,5.79014535625824,5.52883380831526,6.29133419820859,6.40029759515493,5.88941575328703,6.4683397237314,5.79679049588311,5.93284500770636,6.31749457418838,6.08621918644925,6.04427276381714,5.97673169012779,6.19824181005265,6.16518577019726,5.50671414221245,5.62008162806335,5.928511665967,5.36197882801399,6.3316381660192,7.05383999753926,6.35905708585413,6.25765170389745,6.32571826254191,5.72888164713204,6.02267736713708,6.22529218929664,6.1700907705899,6.03499452384539,6.23039896638267,6.76442432888073,6.1951601125836,5.73665343014651,6.06403287959122,6.41806795870364,6.45625146769399,6.15934105672946,6.6405400226092,6.28917230692828,6.57517671676569,6.20212650341782,5.77741057178171,5.21763497297848,6.24994322363505,5.98082600306611,5.92329591290004,5.92508338123677,6.05580635474074,6.48896033931384,6.41828368764374,5.85034569483946,5.95877834230491
"22",5.58225247845313,5.53694359113041,5.55285279176412,5.64169380615982,5.55878476511739,5.60523798668243,5.62284023450802,5.5238931811946,5.57804423941384,5.64691847966813,5.58752328974096,5.63467633942798,5.64405309531754,5.56087982006393,5.76341912453123,5.58919062234428,5.57049084944666,5.6516114537836,5.65828004677417,5.55210966012323,5.63450573306003,5.54896303906908,5.65956987873455,5.70871620265269,5.58840449409144,5.61309703966858,5.62871061779637,5.68145837110355,5.61895882082315,5.69498442915324,5.57809503913935,5.49795043615692,5.6234530036358,5.63398649223597,5.69730858064424,5.68931569012563,5.67237189954821,5.62657792321369,5.63522315101271,5.58887339158949,5.54081969867845,5.58772651593605,5.62265534717396,5.54526813706924,5.64779094020223,5.65426372204039,5.67008006410491,5.61640020211969,5.6285403746974,5.53927676589203,5.5100970595954,5.67374716549484,5.5771477932416,5.52327188135207,5.72193444899337,5.57841045296714,5.58196717149761,5.6230778538548,5.61637845846529,5.58949908938433,5.50922131955022,5.62356352593028,5.60167370969347,5.48257686626882,5.5130226855442,5.63237173274934,5.46549083764867,5.67359407522842,5.7208244107792,5.66047052785131,5.68728963503473,5.63038532839984,5.52656249491109,5.63413416844241,5.61600181847433,5.60940507103864,5.63300703803108,5.64952645709542,5.71917877086218,5.60280657883564,5.49015380560631,5.63125607046005,5.68270355254798,5.68493869626887,5.62001703468146,5.68681479200741,5.58862070209042,5.65703725107455,5.6336646494312,5.60988793783791,5.49801193747173,5.65548208439745,5.62081686615333,5.62539477420871,5.52787890355504,5.56835474188162,5.68640990926365,5.67033240381287,5.53461251805336,5.54407707312427
"23",5.35923732222167,5.73187479123037,5.44963243773769,5.61809687716482,5.34781961453415,5.52925287796141,5.26597143130123,5.08520291271683,5.17968392033773,5.71924140216056,5.88019672969152,5.10457813498956,5.41717874570466,5.20492201877548,5.2325527353078,5.17041239235666,5.36105659984149,5.73495402404176,5.63090405994401,5.17718943580094,5.33357652526451,5.27910669170704,5.17459962706298,5.5993651150584,5.51840400329787,5.55198309643616,5.42269822791452,6.30919293301081,5.32918640787626,5.3915516798642,5.16356882019311,5.33270955346777,5.47791646267148,5.51108189711767,5.44246183153395,5.3998943663136,6.08572169291275,5.79071266911365,5.54624324642933,5.78538268286687,5.45679384286819,5.25857541143823,5.3858299569207,5.35222117514056,5.29303358868969,5.77625470790175,5.6609628277759,5.46570163836633,5.21995442546296,4.97237236164535,5.3433015028811,5.85491281971402,5.47290882145648,5.63896548586783,5.71400356824067,5.64982784170295,5.29752422694338,5.21949884157121,5.46450741661374,5.49074845432393,5.44718554682605,5.25903934867392,6.05789200100027,5.29194844375047,5.10510995485106,5.59557707084531,5.48364710638625,5.33735617863352,5.71158723772022,5.58921222433675,5.65334235661163,5.3044470237518,5.17433290775587,5.37192681008455,5.34203596954978,5.12504461681369,5.5852384185534,5.54935675028376,5.42815816111798,5.26925191542302,5.25299535777309,5.58905555519745,5.60716594606679,5.26130688236651,5.41300167196289,5.84176821439608,5.4655961709117,5.49266464236237,5.15048726967492,5.65435240161894,5.46722876233464,5.18164486138199,5.41136917091828,5.66014153511331,5.30881843796562,5.28307845883246,5.60451251888153,5.46856829293161,5.25957300421153,5.31758433139281
"24",5.13968690897001,5.06438594167379,5.27973052680306,5.51976778338953,4.98370858169135,5.60401570676772,5.04588067170124,4.80562214502211,5.42161724259435,5.08719607210096,5.64405266778172,5.31490455930769,5.31396784520356,4.7918887885082,4.8849356403418,4.71508310146552,5.25531828453348,5.46760344778303,5.36564879545494,4.83251510231141,5.08559441019141,4.8414802120273,4.81756423135919,5.03509688038633,5.64650606063066,5.48877542688069,5.51528122584731,6.08144576460788,5.50858007842344,5.15375373542929,5.17966515465767,5.01164746881882,5.04134526202978,5.23516045794449,5.16756680934272,5.49235006507256,5.97624054590275,5.37606975088647,4.7381640872346,5.70231851460753,5.19917262073066,5.06777234204741,5.73940397859118,5.35046127318857,4.76979238492712,5.31673149597124,5.67818924461723,5.04014255681103,5.25386785155924,4.45325500356233,5.14154532580057,5.68045073086721,5.31113074370525,5.52884235129327,5.83571709409901,5.32083790037748,4.68561147576713,4.82982729024272,5.52960989020215,5.28998016206347,5.34813365468514,4.77986721333525,5.90889323092318,4.92670734071649,4.87396616884137,5.54117152516864,5.21859790109866,4.90831526190081,5.30631671741652,5.07623864637246,5.34471932725048,5.40983371983293,4.99518927031872,5.39984625320592,5.2636001227027,4.94835161394376,5.24836687075106,5.2925347581172,5.26945161057237,5.28305526213287,5.25291966878072,5.64939657308963,5.6155273644721,4.85268738049459,5.15442091563091,5.62484851420264,5.7226772052051,5.07532848174255,4.91376598232932,5.4499390991363,5.26927894753141,4.88967595973242,5.28347930527652,5.61921531264284,5.09012538104784,5.25204601140792,4.98100231713477,5.22519593735711,5.09010705291108,4.89405423260511
"25",4.86551772660748,4.87096566140024,4.85990784109131,4.89777604169575,4.81040376774587,4.89918976666092,4.87129457707882,4.79923660596658,4.91906420281596,4.87673092062586,4.9175620588193,4.86537616355912,4.9226376413881,4.766285247744,4.85976906169031,4.79054108562486,4.85855056576399,4.89594815527473,4.90952226053714,4.79855329546429,4.8650819085573,4.7315871375451,4.8475962980669,4.80123741512772,4.99236444101418,4.91597980392682,5.00724629819628,4.99279866891077,4.92292270492324,4.85068528538673,4.85765110355532,4.81089266514096,4.81716993695869,4.82868442777896,4.869538975359,4.89403541993724,5.05483433162946,4.90626191583983,4.74653723175257,4.97489502049913,4.8159704368125,4.83528181758243,5.04490180003285,4.85298236529446,4.79289392537471,4.93456952769482,4.9631517198046,4.8970698168987,4.84146065478955,4.78604961876336,4.87637500920439,4.98113238159818,4.94941990454819,4.90819443481091,4.95861232687898,4.8625437326938,4.79397553147284,4.7806479126747,4.93553769755622,4.91818287528247,4.94350423598498,4.82774404465802,4.94003566634869,4.83836902239735,4.80202300918357,4.88830009735842,4.92824327788755,4.89277130158935,4.85982020353305,4.84440900169887,4.84784971583266,4.85092699330687,4.85060779952553,4.89911877028958,4.89464996803366,4.86282350479799,4.87592811000214,4.91091277486561,4.85341033202269,4.84585454544214,4.83423284694367,4.94798507548637,4.92375762492195,4.84133132596911,4.86601607712462,5.06452595048423,4.93382062428357,4.92050075086593,4.76872001075177,4.92760656510661,4.87253103652062,4.77308616762163,4.92541237061635,5.01584989460602,4.86076806707383,4.89310072098386,4.89810594912116,4.86443026517896,4.81529299277024,4.8674321779165
"26",4.28912822960312,4.71265313771492,4.88962958912241,4.7408142678598,4.76887673408322,4.88332762591889,5.0760444506409,4.6405139254844,4.66220919038865,4.54573439866567,4.43312699992824,4.947068234962,4.63867144321002,4.85324275500606,4.32712202254063,4.44473409639654,4.86379835238369,4.82983109653053,4.84145330893156,4.4082921261828,4.7794981147621,4.32040870328486,4.68962618218296,4.50332873095801,4.7275819016673,4.99332922093966,4.84126143455122,4.72503469902816,4.79745989809625,4.70395198343326,4.78330107714797,4.95768089209185,4.70328081404387,4.70468746806466,4.65279636177737,4.55089173138563,5.01879430828467,4.66179715220166,4.41999809085335,4.97744545914256,4.71339739899859,4.50884895693631,5.01207167140641,4.71846984802294,4.54915578063601,4.53727684627993,4.56925075175879,4.63831481865778,5.18426754843661,4.49090366459835,4.6626184518277,4.89206783919342,4.79108493843886,4.59841246816695,5.1260345693903,4.73238558504717,4.49148380935948,4.24586629654601,5.01676903035614,4.53692688671066,4.76094069237529,4.66542405373651,4.66573487865148,4.64249313098475,4.77486409207314,4.23676659073155,4.905425453183,4.61882945036802,5.12539758406999,4.79185396039777,4.46682179751412,4.83691110384876,4.92986422582787,4.69609156709517,4.86867421006158,4.74893195716745,4.81733113797229,5.07987101050876,4.98576296389235,4.53387860971677,4.57618114775874,4.56606455080152,4.76175709253173,4.89687174686897,5.17630488787282,4.96387691548708,5.21787796898931,4.57787265072448,4.55486121241488,4.99835021242664,4.72534686119228,4.47089720031716,4.47900357521312,4.96468881712662,4.98460821825319,4.65321509861197,4.74250123772859,4.75869437224237,4.53498760939334,4.19603824525075
"27",4.46128615235889,4.9186315136635,4.69700438505163,4.37231074708601,4.79317405665303,4.61523656366393,5.07956821520654,4.64991166383748,4.24359470391303,4.37553815535378,4.41147570992862,4.99106450330135,4.44085938303441,5.10952723986773,4.15404982516,4.20494997312101,4.91103848879088,4.71567374601569,4.38998532368251,4.41254551196389,4.2280805407714,3.95052567413869,4.32783868853737,4.64183242488733,4.64384509336762,5.14969386862504,4.99830287809186,4.72976168349069,4.68325941017982,4.54381933944658,4.46693444420232,4.71269746312366,4.82420763892768,4.75049783154659,4.54206154483114,4.00297059697332,4.73658497674737,4.0452332067554,3.99625277454606,4.46633127530239,4.47506109982824,4.08118819738529,4.6605896129362,4.63494863055833,4.5881928985432,4.62885600367336,4.32846004965419,4.73919219446559,4.98262553615774,4.28025950467073,4.33279411511455,4.92440006912227,4.62154347113992,4.0047165835308,4.96329095374536,4.48810410001002,4.42079078618917,3.94874095587262,4.52268260497519,4.26427969324267,4.37960001431693,4.61132127754142,4.2524442263807,4.42475244575221,4.61979209718041,4.05948064189343,4.43372593698929,4.68957236906524,4.84806184111774,4.60347629697631,4.04949459087659,4.70315389960419,5.02296967020193,4.76515953688814,4.68304210699827,4.27462090668253,4.86002254280544,4.91479984375124,4.85332509751928,4.5156763831378,4.06873140164792,4.74739623377628,4.08188021839938,4.89648163336303,4.90653681805407,4.37510733712631,5.30148492715869,4.19642723497672,3.99772746131097,4.89546058355384,4.37897197108814,4.17789171983322,4.37238729118884,4.96639267557736,4.70691756705122,4.69153906512502,4.50760845897416,4.58701597909845,4.38195239756931,3.92704795309239
"28",4.26850987168038,4.40990361528789,4.11963877738987,4.07336249534302,4.72505541514385,4.2795876513807,4.48827606893499,4.64101716971713,4.2405487565699,4.70027921297943,4.33641625999009,5.15224842864778,4.03491179669654,4.89050787840295,3.80385101783744,4.28601314215236,5.21497781014456,4.52788284374996,4.34351488733957,4.37681950394851,4.00504911250574,3.56558417207761,3.91476021441041,4.30352065529216,4.95377751834096,5.05550750003137,5.01415242376321,4.35108926380408,4.65410275118921,4.02460641167427,3.933658003407,4.42263580695147,4.74418632484912,4.44881886968406,4.41341324245085,3.13747110671909,4.20193913015865,3.82107429272719,4.12201639866565,4.35112507381638,4.39647190086983,3.96850564001721,4.69012478448993,4.81675548570675,4.59261141019051,4.40964435408074,3.8744103635535,4.55476056222025,4.82742667403387,3.87663708146386,4.31485708653342,4.87996510473865,4.65644516690605,3.30361267665385,4.96020408664648,4.2416546664317,4.00937434051842,4.03610416426396,4.1386312222264,3.76201421856848,4.03669533398793,4.56992914624953,4.45379367157191,4.51633694984415,4.58601783335937,3.73850880145655,4.15273598126003,4.41524945448116,4.62293514255054,4.58474416270295,4.00852333788346,4.49173017982364,4.75294774826617,4.67619998934504,4.2094459781274,3.92899949990369,4.64807831820805,5.03469180621345,4.69428175729612,4.01775945627615,4.00001353728258,4.20761473249082,3.93635593357026,4.95062057069175,4.69001173890355,4.24388525052885,5.31227262399337,4.14721325746649,3.68145899784369,4.47421090466198,4.15672257910972,4.24372991297726,4.30726947872376,4.91692614307773,4.67611362953879,4.62161284130366,4.64850739180918,4.30175251435545,4.18090782267668,3.30180973055198
"29",4.33442700100477,4.30139297413132,4.29134922353924,4.26470520611109,4.39317146065249,4.33351712297815,4.32364406223568,4.35191213502836,4.30940476531724,4.38560049786186,4.35706753988738,4.38953329555382,4.26231417138244,4.37936181543419,4.23358157023083,4.2933846607788,4.4155139703662,4.39058220341723,4.35141872384935,4.35778744882087,4.30620384714882,4.23760275835057,4.27122863590855,4.29515751794084,4.39656399813647,4.41085295292336,4.39376346229001,4.31761268711995,4.41196635671811,4.30195394224783,4.29167763451728,4.37062955223579,4.35325250670032,4.32532366534762,4.33391005141122,4.19131619568977,4.33242532835642,4.26757911327539,4.30468481371744,4.3096423351342,4.35449995714478,4.30687282263588,4.36606823645453,4.39899309477152,4.35382274173814,4.3480797720854,4.27936793474148,4.37417444502798,4.37342401045307,4.27880807255186,4.33726285621738,4.39236383332043,4.38540646529444,4.17063306747783,4.39560060206484,4.32148874987237,4.32407457574203,4.26757921698791,4.30743001840714,4.20331489221937,4.27518222097894,4.3460574052099,4.33989814267848,4.35095549871846,4.32453710817577,4.27104996428406,4.32527032245028,4.33668647980775,4.40120852411948,4.31128379313559,4.32967163977312,4.3580408823874,4.3696061334279,4.33376070518455,4.33030444142011,4.27402921354916,4.36211496621091,4.38107432391412,4.3939348899668,4.29167625092711,4.28394001497115,4.31780674011475,4.2993380442762,4.39019060702554,4.36785271949921,4.3509324244194,4.47314907588703,4.27802655199885,4.22478009577838,4.3508987617533,4.3146832065864,4.33806967176652,4.30574430250181,4.39215287669561,4.33131308811503,4.3280322009029,4.32535090440989,4.34124200234937,4.28535122488629,4.19241757591919
"30",4.2053057355419,4.03641522994149,4.12248331672762,4.18235146068666,4.07398209363477,4.2420270801986,4.56673126625058,3.81313299775116,4.2682818410278,4.00057320161011,4.03000108142843,4.30166872614724,3.91944896592756,3.82342821593355,3.90164199632465,4.06598971333719,4.3284714563182,3.74082317954936,4.32646587799922,4.64236260670614,4.36593875341797,3.75906798508547,4.40567329466533,3.89940705170093,4.24267406467727,4.25373135629238,4.18053000367786,4.59612195479429,4.36271522575878,4.12056473624582,4.23040383811225,4.31483820974915,3.72201108111165,4.34640199944509,3.9796287994521,4.34848322587164,3.88034433338088,4.33884815769,3.89662442518676,3.93663986005942,4.33226911131938,3.87494069563175,4.13957752242249,4.24742289772934,4.39413896310826,4.26944883902758,4.26630857635288,3.58888939958536,4.12548649922519,4.01723712301028,4.21680436382984,4.25090981168985,4.10772612218681,4.06645251089021,4.37959582656955,3.96622302088839,4.05597750080098,4.4053264501747,4.19425026874737,3.71505250908259,4.04896337840147,4.1946199068978,3.74380507686515,4.66589240579085,4.17105770375067,3.87472133448242,3.91428161053348,4.13410672024898,4.29181503479952,4.40677124833192,4.38553970968146,4.10401577035018,4.42460988742552,4.01476359878126,4.12537890070126,4.26246186213101,4.25602841905081,4.21281964988175,3.69394312641027,4.15351059918791,3.82085694077796,4.04002638220453,4.03153902720548,4.51805870308554,4.4583415537906,4.42018537565372,4.69196314286466,4.07157237110268,3.98885004619877,3.8798224588452,3.69777958619719,4.3081590031066,4.06970239340116,3.88936355704467,4.33507493725458,3.91295555942226,3.88565904950051,4.15916306477745,4.31744443285362,4.01726756659219
"31",4.50755990744739,4.35830285110004,4.43736373465025,4.47998398288024,4.42150817282881,4.47962678867761,4.52143432444713,4.33831243795834,4.48693651652907,4.33201474244345,4.46873357490862,4.51381595831834,4.28949589391175,4.40587236312582,4.34467937127249,4.4471482765927,4.43634630952906,4.29903195413636,4.46616314899739,4.65443540802813,4.56939159179727,4.34963567196719,4.51475440932529,4.41458051823899,4.53161521313497,4.56463052716041,4.46049294674109,4.59261184324417,4.60124489493327,4.43183392702975,4.48123405130514,4.45220488218264,4.41051413953424,4.52327418895882,4.46230368945837,4.50368929362449,4.43283113363354,4.53513727902997,4.45423913977345,4.42118067469982,4.51172055111527,4.35262254668976,4.38211194001986,4.4980755619141,4.53017371819063,4.35911996248036,4.47436925666489,4.38757985953064,4.38723887079962,4.48171343181578,4.45119719462072,4.4931227849218,4.49155058779787,4.50774208911605,4.50978043482644,4.46453216158821,4.41865875807501,4.56663452089768,4.4488651828136,4.37771649257713,4.45605409250335,4.48386006962839,4.27397062114303,4.60222406876052,4.32392042723638,4.3519312772875,4.37347627511314,4.4368032058502,4.53353339234423,4.52972725102923,4.51654056798298,4.466973792634,4.45114766878771,4.39422092950662,4.45025495224286,4.51070469768846,4.41915701231379,4.53122132978349,4.3277992997048,4.51128645320935,4.40705587772264,4.43009258311935,4.46939758584624,4.51384547130356,4.51224528636065,4.56777840768044,4.53663353077915,4.45795010882369,4.38120464177004,4.42988692669613,4.45778499365386,4.55541366120634,4.53262436769634,4.45334257185418,4.36890832167357,4.42307223878077,4.3646378045401,4.45846296489351,4.46326051142222,4.43765557712116
"32",4.30623837822855,4.27913869367959,4.59266329191685,4.20644864752955,4.31130192709395,4.30341440332821,4.35399213565122,3.64447077323388,4.51214222923819,4.3314332445522,4.07493415783949,4.34714301562209,4.08296960354994,4.66833589575999,4.44964925979867,4.27851060669024,4.26095651062951,4.61520687205047,4.4192866495885,4.48170712494393,4.62960242042411,3.63081997041125,4.42236679341798,4.01140941108337,4.13982077129496,4.43565162454145,4.3343632986196,4.72747553007258,4.29381942956895,4.1455721376007,4.25102164859606,4.2868422375216,4.23650910638036,4.07199185868613,4.07062956445365,4.56903729019927,3.77316351278655,4.79786969388514,4.2229430606574,4.2849115625824,4.10347420002002,4.24991674440796,3.79032951482982,4.40697147823036,4.37011838390961,4.05721620953971,4.16757297646834,4.37353167231551,4.45364860762637,4.07786013764267,4.16116323850785,4.14358959120688,4.14302426182871,4.3594398301879,4.42772628573418,3.74997243537565,4.52857356040394,4.37314068012704,4.39192401804206,4.13405120922759,4.29355887233395,3.88608261238011,3.99513903278898,4.49411645672065,4.12235078938362,4.42382360814374,4.17670111380274,4.58018479898931,4.4590675990269,4.35359644686102,4.19796664154427,4.12930825080929,4.40349384370281,4.45325313222854,4.40906716431254,4.24371770105615,4.23885868107191,4.48161430513706,3.96684832291057,4.45636971218512,4.12263255727605,4.13585880587136,4.42015421395555,4.42665474908111,4.35670918764173,4.44551825909901,4.40911308101636,3.98647721060689,4.17688020339746,4.06433498307141,4.22374877125091,4.32025819114957,4.78040088359933,3.662039163777,4.33826159556095,3.92501245884839,4.33327257075292,4.7309929363358,4.24300532359472,4.44338884210826
"33",4.28736905167042,4.27822152460713,4.56257719497226,3.91008655076447,4.05125039831134,4.14063027249114,4.24179896894018,3.39116859127762,4.47211455026785,4.27054295253196,3.64498748126724,4.14649280615442,3.75203341073312,4.4054705318339,4.25488084157492,4.11628862257954,4.36129243439995,4.21691235856611,4.14309662880558,4.44771096248256,4.44044081194358,3.20697841030078,4.26671678399616,3.74636417306649,3.999824101631,4.55361529856709,4.28163153320623,4.58017774680527,4.24164662253841,4.02093445229095,3.95090236272867,4.04334111356346,3.80173344598572,3.80984507737218,3.9469166209215,4.50651872690141,3.59063970475134,4.59985870233144,4.11339208892851,3.99859283254596,3.88053461887313,4.13900824848599,3.24265675139864,4.35811781059974,4.36250980669546,4.02603427697073,4.15041474035321,4.22646768461571,4.12277743341786,3.80420718635975,3.91741619717792,3.66027326285153,4.16751542994948,4.31131216432678,4.28076265483942,3.47162482491404,4.34584177279466,4.22750944300673,4.1951701430414,3.7291106205662,4.023763941295,4.0012471208305,3.80073136297254,4.49387039753404,3.84704659877054,3.89495308153535,4.09441034686445,4.64794720283846,3.81249645568255,4.21877833819981,3.91396064073023,4.22898927289678,4.53040126058673,4.23427427652655,4.23443383699551,4.35313840002918,4.33418497212931,4.50963441801517,3.76785884995442,4.01471317737866,3.658386347104,4.01822268806859,4.16377764069551,3.92806630319983,4.20009776367141,4.54595679610856,4.27927042650771,3.35860623395916,4.10503334812511,3.99300158136048,3.92792188334196,4.4137085994853,4.77528576024899,3.7102644633334,4.36778789458144,4.02493990866765,4.08814735994137,4.57107609021644,4.37028109445295,4.14511353664062
"34",4.09689696531892,4.06358741072931,4.46852577255112,3.40768704991493,3.85315410154324,3.87431264024805,4.08572864987447,2.88255841546898,4.62094592249188,4.317269363029,3.45951999869395,3.83444433059884,3.65346968363982,4.09340017123311,4.22794651447157,4.03933240141273,4.27522179167613,4.05848471492162,4.20583204082161,4.43668101238062,4.61465918066214,3.09758538544349,4.13593033397798,3.84544617738362,3.967550624583,4.24484969544015,4.42369926360409,4.38177913660402,3.56632709823593,3.95449659560953,3.71692870213607,3.70399063816272,3.66188357347233,3.52728428809881,3.98571523857271,4.50128136754821,3.71486352883095,4.21481694681495,4.00439813218978,3.79316518854369,3.71820367085051,4.1519471917152,2.87945863312429,4.40255618681035,4.26491962355298,3.95196557464514,4.1410852545236,3.95560612702247,3.92559453940864,3.68932501610777,3.9239212293807,3.43905096909434,3.70467040268963,4.48605582778572,4.32152220111194,3.07725652018716,3.91627429130372,4.06589743060665,3.92787843480099,3.42259521430837,3.52199123749514,3.93144876824827,3.75577487965462,4.31977106621253,3.33199633902978,3.60529517075238,3.89700382532376,4.17577595252956,3.99911583155352,4.07200075486233,3.53757421168973,4.06189529402496,4.23192628021805,3.98185366617497,4.38629222242467,4.22749340833172,4.55124283591357,4.34503621005682,3.67499349293243,4.06885685511658,3.33720981658443,3.59105039525098,3.97293879421317,3.50564827976081,3.80313995815599,4.41634114124457,4.1249634576108,3.312966261041,4.15313632053209,3.90023888784888,3.4044377647063,4.49450454296366,4.6774194108678,3.13644690312267,4.11068762056406,3.77194403483997,4.16833493305622,4.60253623834525,4.16929917110907,3.82195327100059
"35",3.87224763297476,4.47671532351774,4.4984423384267,3.46645998397581,3.60125671396175,3.66150971043481,3.98849899042448,3.27321405192199,4.3093242608138,4.21996969807529,3.22385687395773,3.29989184514939,3.70677280133369,3.82328879641628,4.2382490829785,3.64942171706589,4.34613689928816,3.62524012092281,4.11420374093409,4.17433230039602,3.86534482337937,2.59332548514452,4.04308857343932,3.76864065746724,3.96425746160548,4.02166946518757,4.00984977138453,4.19946789564,3.58922072981326,3.86998686545623,3.5278589788067,3.62411733250992,3.52032736960163,3.24163001917784,3.73137578092667,4.23262336142489,4.01656894144947,3.78191539216515,3.79551005142439,3.56592728646975,3.34010099885135,3.59644124272686,2.5229611982544,4.33519570754662,3.65251903583718,3.55041323056153,4.1539082966926,3.98284786133209,3.44305344449151,3.15951739774895,3.47450938695025,3.47892209970366,3.73538486362733,4.57936365916739,4.2850665095593,2.87192883879895,3.89291544169319,3.67937671637226,3.34797842330149,3.25442011958042,3.46341847850305,4.09454522227735,3.13499039045433,4.0889292421756,3.1675000411043,3.48971272576405,3.67519501160608,4.02968394481722,4.064321380984,3.76934675313149,3.20744642926038,4.06513435231037,4.07919056409961,3.77413492433806,4.31289103568648,4.07630637403529,4.57958573893381,4.25038287226537,3.53705347649855,4.08643409520712,3.38551525002431,3.20036358146603,3.99694729164358,3.38061160558989,3.81629422381811,4.45815421925539,4.49527837040213,2.91552550773345,4.08735947386436,3.60408966416935,3.16598278797776,4.11590610712762,4.69748813443157,2.95101761395316,4.23098170867043,3.16115500667504,3.90581112104743,4.32548897484319,4.30043021677735,3.61174358884049
"36",3.58615444292794,3.627251156325,3.66007433332903,3.54856139678961,3.58302408421903,3.5385186280558,3.55510647124924,3.52634491871363,3.62130843822216,3.62766361463516,3.49601394568332,3.52440213845505,3.5395470840824,3.55716510172391,3.61245918979888,3.55251556347693,3.61897881394517,3.58130012936365,3.60984282246456,3.61813980988954,3.57161682070102,3.41024224898946,3.63519486962088,3.56001966635158,3.62341080052657,3.57313064880771,3.56708624399228,3.63930372403611,3.55024769318057,3.60841233792016,3.56020109967943,3.56552129100714,3.55237970326288,3.50789019092128,3.54487033584368,3.64246751456575,3.60057785984319,3.55331375576812,3.55944301183588,3.56669514242835,3.52368264414838,3.57059901156354,3.42278466654146,3.62870677459856,3.5735054358799,3.56325921927117,3.6001130020194,3.6128385729699,3.54042460437752,3.48927099185658,3.54886970766166,3.54740106609949,3.58071687226795,3.67687427850234,3.61953341707839,3.49444960175263,3.58757861388226,3.56686525416228,3.56723667444359,3.49920875182446,3.53378124494306,3.6025861166395,3.51268534542921,3.60095964455631,3.49827259555913,3.49564877671509,3.52797973516254,3.59777722869234,3.60415117927625,3.56075119111481,3.52212484137788,3.59756944926777,3.63283799275295,3.57908782660254,3.64370857526756,3.61171623644939,3.65664051958453,3.5768073738632,3.55386109956367,3.58507386933332,3.53620968713207,3.50959173244517,3.60035559764982,3.51090612965829,3.55537670750587,3.60613812658022,3.63945714406478,3.4604401081165,3.60112022158093,3.55816751238063,3.49102146927856,3.59446505103589,3.66802775568419,3.45843706430961,3.59477028200419,3.52063649170393,3.57828138123293,3.63280464188259,3.64507763015475,3.56821067480864
"37",3.28657913350876,3.46392336388456,3.1978301480321,3.27918981324403,3.55268566552469,3.31140595123305,3.43183660229667,3.20549506156541,3.43797632927121,3.44219478942814,3.607953086555,3.11481617964477,3.59332739525701,3.62969952422987,3.49288875618154,3.6350994636135,3.5928637790749,3.29114290962597,3.49294725570012,3.3924679339315,3.02472173069992,3.4301648893638,3.57860552899704,3.89270156541217,3.61324595877316,3.69891071686108,3.14897260527825,3.56084928501773,3.52179104753252,3.095934198001,3.4167884626448,3.36702913091513,3.54245340292403,3.35282490457087,3.2232450730212,3.85897404618599,3.40734856843625,2.77383666635665,3.15648788647401,3.55937311556181,3.494706381931,3.17581930200498,3.25502132647197,3.4275610321521,3.01975719599819,3.26997278327806,3.33751844256339,3.16186864157281,3.24182562442319,3.66709359798016,3.17962398209506,3.28930301907945,3.85209963171427,3.04244485380425,3.20078236395599,3.36819114304872,3.44002482608827,3.52505451235692,3.68308520851384,3.55970060360263,3.28057809616042,3.47162186394306,3.46303470597597,3.16159654845168,3.64331850733765,3.28538392884443,3.36204288285461,3.10161890266877,3.56464742628205,3.78983911025597,3.09530187005519,3.2601861384815,3.66724266480048,3.01872652293712,3.86493452093317,3.43419835704727,4.0233945114609,3.72105940605883,3.34246255345835,3.66471808642069,3.15088677505412,2.85955564182108,3.44217950104491,3.39511441367944,3.2857663106612,3.40614327349742,3.57409035826134,3.69607879598964,3.6029530426793,3.6590972159095,3.07801180707972,3.65986812609611,3.54826828308884,3.47078342633619,3.36519871341758,3.1079292843921,3.46088427303378,3.55790763603428,3.69399535770766,3.21147617775357
"38",3.88531566336448,4.10940508460753,3.20693665971261,3.28080847961128,4.06976465569581,3.34937158722097,3.6830259980878,3.70057446615113,3.77149544881815,3.83135274203581,3.68889833667215,3.0396104548495,3.85279914053516,4.02068705477807,3.74302580440158,4.12888513891913,4.55840341339258,3.285631254881,4.26813790672087,4.27780756934459,3.38185009902874,4.42104305574887,3.81250351060823,4.13312724171181,4.29669905832352,3.92796663110474,3.83855841128671,3.92618476534914,3.51387397403948,3.96104432201958,3.73379161798167,3.42934584736385,3.55603234311202,3.69595866110475,3.73301666481556,3.73513473786062,4.02781987602916,3.65479228677092,3.52740252691826,3.87269877947679,3.85955281131494,3.71691774139824,3.21927201193076,3.92577856833109,3.00830724590332,4.23482248184686,3.80050133042269,3.12442576309811,3.93495905149928,4.14905841135964,3.87594978128055,3.88641481363007,4.08999508238604,3.13619927981914,3.58094092809446,3.92398545819694,4.03607239658773,3.8654918638046,4.48492878023141,3.46244681413261,3.83114261653079,3.98615996614471,4.08041588245227,3.71666777784031,4.15716092862978,3.82255248275774,3.53458816555532,3.4813355708485,3.70349829147305,4.39436960865789,3.40996020695569,3.21845076745168,4.09935024859737,3.08409463701837,4.43545872836075,3.81602785053693,4.66913907122652,3.94711925785703,4.03407038988718,4.03243792644704,3.30541289940368,3.47130325282692,3.66845138840533,3.44169464469117,3.27594666796664,3.75133999954268,4.33033193171493,3.91980023456995,3.42501341833354,3.91408381719306,3.57977978792944,4.13515130171526,3.86112133113511,3.86221706569504,3.7842280129764,3.65486025079797,4.02910428965524,3.44729880677552,3.8785832976057,3.51588393265068
"39",4.6850975015356,4.78894776834578,3.903187416899,3.24143275236413,4.85342557397332,3.93332863220299,4.24590628460929,4.28302166884149,4.12873417930116,3.88717423605382,4.38396750377318,2.94906412030434,3.70032429667693,4.41997230576074,3.85983817035564,4.5008484218565,4.75060292914596,3.09511518270028,4.80988696322187,4.24015585582749,3.50986880794719,4.53590233894488,3.87375585039303,4.09780135738299,5.05217934157101,4.09059906835792,4.49607552066416,3.96309183739947,3.78456014527005,4.53105606619319,4.07839369824726,3.94492430401609,3.98472615054235,3.8986667794785,4.12415256760993,4.35332375507962,4.29282615680233,4.20135039487207,4.10675269925209,3.9282698533654,4.62063273168836,3.91634828100871,3.73204798259978,4.1941238392271,3.18454352896355,4.11383473800061,3.65313077278676,3.45031711021832,4.09629952367292,4.37524857057591,4.30644939607843,4.13310545762528,4.36966540356877,3.37676140452997,4.17679488593841,3.45937712623643,4.59737593522149,3.96441804696461,4.9063806468223,3.70758017001281,4.26859184443752,3.87324765273539,4.77720743833733,3.76834633482905,4.57888348684391,4.29884733420481,3.66073568241327,3.90401643851062,3.7483525190303,4.79015966183827,4.24327443017516,3.87976188701228,4.67982679080004,3.36889135901217,4.80769550686885,3.7581235081505,5.43671184104507,4.61302175425004,4.36176153543973,4.02588881762824,4.20572286214308,3.76498331638016,4.14820441525306,4.03548380726836,3.55943131224165,3.85602425626328,4.86206840954268,3.91065300166646,3.64872393314596,4.13189306157689,3.85529613332018,3.99237522259382,4.28449470855829,3.94657778946672,3.89805809485908,3.9457638688257,4.42361009378427,3.71219910083785,4.14221174096882,3.43931207226147
"40",4.84515755190866,5.17075170678859,4.10255963739456,3.83472195484197,5.23607494413893,4.26615074654935,4.43116229403941,4.54618379201831,4.22232457320874,4.5849997173065,4.67639965824434,3.22504479028056,3.79593660237296,4.5367028619237,3.74097420182059,4.37214901275772,5.85383284245565,3.93283245095209,5.60220269224375,4.60167087079327,3.81721925902019,4.97612831423492,4.00662198768891,4.64217699802291,5.1970595052663,4.02797886652024,5.12179457700428,4.20441156406447,3.89499542837531,4.56684633538724,4.16202028797005,3.98062348980396,4.39916049951813,4.44945902955007,4.61498321007434,4.82798138705919,4.16404540448968,4.72122885315394,4.36532441213493,4.15637775697479,4.93748734567878,3.9981476667762,3.91464588632422,4.13818889309784,3.17509770227542,4.20453121057395,3.89400840100275,3.70462548168656,4.41347905633304,5.08060575690856,4.74670573456117,4.03694425353986,5.20093152831577,3.73780488376202,4.3486868323469,3.45622025065287,5.11645167897343,4.07459127845578,5.24059239281141,3.96743662001094,4.81550111276125,4.26549405858392,4.76160145372653,3.60982592698204,4.47820618941096,4.50183473754983,3.92666370795481,3.97778271664518,4.27815724223948,5.06561981364724,4.66863101339343,4.17522775324173,4.90209325324885,3.86051289914103,5.15086576476428,3.94328363962243,6.14210706373589,4.97723336780929,4.66695364815255,4.21704441994808,4.6186343723071,3.88876167441314,4.94645727582853,4.17567936665436,3.69593019745925,4.33931189448463,5.49799197901425,4.21753544293179,4.29130102362458,4.05589625288715,3.91503600634518,4.96402835192409,4.80378663879315,4.30913793373929,4.28888033891236,4.24328103227893,5.14525821208786,3.54806665671002,4.56986310662758,4.53632042327184
"41",5.21256818065653,5.00667654663801,4.60556391576794,3.8513754927693,5.600536407992,4.21447791853528,4.21840483842236,4.81177872100229,4.91861986816497,4.53056659170744,4.85209617934229,3.54099161177908,4.01891656148429,4.90947103527933,3.81955954096279,4.5472044470821,6.75137615484986,3.94456406629661,6.0518677639097,4.88999972257576,4.30375217677206,4.90755535419823,4.19614521415775,5.03431867270486,5.55061865006879,3.93607625548662,5.26470503251861,4.55808615502885,3.89044320678942,5.09275488599441,4.44281434927761,3.69130394206449,4.23249771632859,4.6565025790943,5.12056162033187,5.39910111121783,4.56079758156146,4.90399145425492,4.28564802883888,4.45822537814405,5.3646946767604,4.40162763338348,4.38567017245494,4.29757119270479,3.60399466588899,4.68073323202967,4.81614930940726,3.70649363598691,4.82280242582309,5.17589142487702,4.83641332579502,3.82092022267529,5.575053527487,3.68896839413558,4.66053403091447,3.48741557885167,5.43301987755081,4.77108406889891,5.0693749298783,4.70859459295308,5.04080202735277,4.73360148925333,4.84445653387275,3.71726936197609,4.9968311658631,4.74426703122426,4.15621609944722,4.03517678076677,5.0659839457455,5.05542786786269,4.75248297748801,4.36887293709867,4.9921125834165,3.83599628473278,5.32873804415704,4.17231674211452,5.79565147930311,5.06030016800904,4.91257492147056,4.58481593293885,4.80976052136414,4.04477110662472,5.31182177937663,4.81811898998014,4.30667308825076,4.67097089737407,5.9199380321958,4.40622587744143,4.59072290811964,4.57443851556912,4.0003621976402,5.70524500909984,5.06228171413599,4.60267559198887,4.59765029229163,4.60523477818362,5.5963699003935,3.96010729111227,5.01250320181935,4.8593934199695
"42",5.6314343682228,5.12199174015932,4.9664215302577,4.02334630717356,6.28139747967075,4.5262500426941,4.55252888059357,5.10080317565455,5.35460933631568,4.76420337520126,5.38087645763388,4.05313223259271,4.85343451255216,4.81678317371585,4.26638401187017,5.43786857762837,6.96338899502591,4.35174861367972,6.55945222710872,5.13427263420029,4.87784904177344,4.78255760658096,4.13792096451357,5.11096888941001,6.28163434633459,4.32978939356051,5.94634019967785,4.28052144782327,4.34261119362603,5.47869697398006,5.02228021252796,3.8325053350889,4.40482352460303,5.03877253723335,5.36756878463602,5.6102662864042,5.30305148770301,4.93477153348186,4.55297517822265,4.9803211971571,5.92304695743937,4.40176668384984,4.66676507189596,4.96960739793256,4.13730417468551,4.60896777890952,5.44799988503293,3.90086111204457,5.28292239233726,5.61321462865538,5.44909684566768,4.2117617949948,6.22163545604238,4.09533905481966,4.50245586862501,3.9420942793949,6.13893727373467,4.86793428424217,5.68071509968816,5.2467338684148,4.77990346082509,4.6283746823441,5.47112048390381,4.38467995131172,5.66471592119654,4.96669129631679,4.46391425765924,4.24057639218715,5.61247582591686,5.13356147297532,5.04848937975228,4.70475597114292,5.73791074222834,4.24131510178429,5.77292638591592,4.88718589622744,6.26857038151254,5.15754450239105,5.59105457403849,4.59825733862157,5.39343976445762,4.68774545965254,5.78039854116013,4.94782069512558,4.10209043095847,4.83908133586523,5.96117545510858,4.52659105863739,5.11947238542086,4.86911375186832,3.89409853968794,6.16501722859649,5.05047714366487,4.64424787170986,4.33041014615087,4.981285497553,6.1177544567938,3.74110401705565,5.08724072273002,4.7248162879417
"43",5.19739121384457,5.15055753050755,5.14791200591789,5.10265089646717,5.20027118821435,5.11373097639414,5.14275780046219,5.15673807062303,5.16415884573839,5.17326595892105,5.17991169680901,5.12369891030883,5.15604302958487,5.14346803187383,5.11414847628006,5.17876928857466,5.26592294321667,5.11766453414001,5.23041370566919,5.15702197799875,5.16779317070243,5.15030258449401,5.11578406452867,5.15800710391453,5.22240766476048,5.1258164631632,5.2002968921314,5.13474181282023,5.1223640413754,5.18133074531853,5.15101852881092,5.08348643278015,5.1221997123534,5.14935757341601,5.17842075480403,5.17361236132618,5.1514750821869,5.14723584748668,5.13090633948741,5.15537176794068,5.2152031327141,5.12655452013178,5.14371627775656,5.15940518807734,5.12335240622314,5.13811710178328,5.1908822710861,5.11676019515432,5.1483437280308,5.18050038349873,5.18997535646845,5.1396887110901,5.20396394649999,5.1106051985019,5.14896306931989,5.08574694275195,5.2028493456981,5.16514864086104,5.18273981346085,5.17521851712733,5.13507024283108,5.14507428586803,5.18348961868453,5.13704239452914,5.18384097764309,5.13893845036407,5.15234451258682,5.12580704490844,5.17203700241389,5.15285580062669,5.15336558303024,5.13615511106651,5.20915745770513,5.10668693899825,5.18042228439217,5.15191965603683,5.21619549687526,5.14916069158122,5.173385809337,5.1399886007534,5.18248112019037,5.15095315271402,5.18244994774936,5.13315081920501,5.07863038163875,5.13374853901994,5.21498028027175,5.12515188005754,5.15686038203491,5.14020355884569,5.11383260637876,5.19804878600695,5.16151347494316,5.13011619321676,5.1226204316026,5.1468403281339,5.20720601419739,5.08625616678509,5.16480901258493,5.12862906924279
"44",5.08617950297083,5.36533464927514,5.30086063683635,5.20718144871512,5.58020240353229,5.7194741330854,4.91914348523537,5.12108104741175,4.77055134290964,5.36734346216446,5.31976875965328,5.47968270189464,5.57716134157699,5.67004451869331,5.52334462115171,5.46086880946603,5.33605329300094,5.88597883376278,5.42166933097792,5.08058527648696,5.58612554802676,5.20385402817411,5.40073034053489,5.34634675374453,5.74005729371932,5.53118811986443,5.34730584515329,5.27897800411074,5.38163547274133,5.09975215509208,5.34813393826452,5.47055103222092,5.71249042033577,5.46341983361776,5.57567466322829,5.65702953938742,5.9516699545353,5.57735891266409,5.2359749610567,5.44663293046258,5.98193412524331,5.70180891912516,5.1833006434972,5.39620386102353,5.35743049116654,5.99839129596502,5.73354608223728,5.38785577494445,5.42856119109946,5.02977127315823,5.39191689186897,5.233958587705,5.52457680512712,5.75000154683699,5.29261756522515,5.42768882302892,4.80786083323123,5.16042419355202,5.65375175175455,5.18582709273817,5.36363732196206,5.52333646657964,4.71554079564116,5.54353245863835,5.43764258623895,5.18620016898699,5.033533105884,5.17978766981124,5.16407338172317,5.35739277650483,4.89629377189061,5.34125569583119,5.77722418543031,4.8887926660243,5.04546598431584,5.76914024034255,5.27300287890615,5.33983918897585,5.27192908267655,5.65123028518651,5.15777483947358,5.74125164754466,5.54957634833077,5.21455713949482,5.30986317955757,5.2565756100534,4.99974791554801,5.31729903931763,5.38654921067378,5.57953835890754,5.32900931105017,5.56662840300784,5.4691737880157,5.1933545810491,5.62966422291584,5.46868029453679,4.96514783055721,5.66574652263584,5.33951467812649,5.25060322142749
"45",4.97594823139053,5.51208857071268,5.9240048184079,6.01027218238035,6.08767832009914,5.75688457293052,5.16273504554109,5.18267491041352,4.56502340846522,5.53432847832966,6.05444397720064,6.06343429138281,5.7755082247302,5.47796806488401,5.48668049457266,6.18481081371335,5.53924037270417,6.18832103221482,6.03504187895593,5.82902557176069,6.55511901576335,5.07343886460009,5.53350472566551,5.66309662082545,6.15004756386809,5.78172451541247,5.47538907323255,5.9531946481113,5.25498406258701,5.63840308511169,5.52282583264896,5.33753196447906,6.14773925358128,5.47726746913643,5.99793955207141,6.49393305313563,6.68995030492696,6.36140407434338,5.8536664849548,5.82978138403863,6.67129005014201,5.72604280989228,4.99966208121454,5.92752553703123,5.24968793509671,6.38233191300529,6.01618266483001,5.6558611344469,5.67436702693082,4.79815078193228,5.82955417009079,5.12538164456256,5.71682269196563,6.39526117578233,5.31617200260387,5.79786758367607,5.09983900242094,5.43632040534578,6.10651128545871,5.46846952959386,5.54495171010019,5.81212844998794,5.26350194618004,5.29954918451712,5.64873158207746,5.62314741771329,5.40520606818068,5.11262514602747,5.33545459008091,5.86194711735993,5.35087726713945,5.23943178708616,6.12592971732785,5.43733713265547,4.76479233937107,5.92197941352128,5.94927326467905,5.43453922814385,5.2525059337507,5.99886632314439,5.38306627986773,5.79985886680484,5.43968118479818,5.25838158880323,5.46260755084169,4.96741532223077,5.70407720275921,5.84809841462951,5.52400381965064,6.02525983634559,5.21194835012234,5.67987982563201,5.9622404025726,5.55180165034005,5.5498120299687,5.20827926398991,5.46393941727017,5.09499931307773,5.38578870694064,5.71005134411214
"46",5.40685200280362,5.46157937253051,5.52942120043547,5.52665240258184,5.50235638674062,5.52404808222023,5.42773375377855,5.42883403542528,5.39151821361109,5.47374676650186,5.51051695275186,5.52032220652629,5.50671471145815,5.49588635372234,5.47107037476568,5.49169836039289,5.48522110018874,5.53075745726735,5.53767435084533,5.51568199141469,5.56094759160282,5.4035202402019,5.44430099864623,5.49387627249941,5.55006573470584,5.49132256405058,5.44086070737803,5.48595728490789,5.42380749591069,5.49429293867021,5.42912387346303,5.43064247194054,5.48334585094318,5.47163432931946,5.53585185735611,5.59013886957682,5.63091269604434,5.57865121361209,5.51706062117767,5.49208532055045,5.58352266644876,5.4659596237225,5.42839268710235,5.49580153659205,5.38944234915738,5.55253610538205,5.4831961668447,5.49044920085171,5.48237778796267,5.39646329891091,5.48206894725963,5.40795762622629,5.51971271447019,5.5561243498956,5.5011181987512,5.51495977179956,5.41624175144196,5.44615853962667,5.57238552402047,5.47250394349836,5.44103051345912,5.50900667639065,5.47842247205305,5.4257767374007,5.41312059844989,5.49470495969228,5.46177617877436,5.45465806876227,5.46847962755199,5.5117142309549,5.46059674964226,5.42183702369728,5.56244235176703,5.43958355586625,5.43639998760115,5.51061345374244,5.52820079370699,5.43804489604202,5.47348801680771,5.56499847112346,5.48796586632393,5.53278106834506,5.46243103735598,5.45440555435819,5.45307154044331,5.44483102709515,5.5127468006915,5.54533050605987,5.48394942017879,5.49881110548536,5.44821172433994,5.52021573360382,5.49204901278014,5.45761784094418,5.53929381790508,5.43959656673297,5.49525554116167,5.40739266254083,5.46533367893412,5.50355015439654
"47",5.9947174076647,5.82539769272607,5.88680256510739,5.24686357973961,5.85061834252099,5.59499273973066,5.45776191398295,5.57502945108764,5.40552184962556,5.67164905255086,6.06781660670207,5.67984580971761,5.68373177486996,5.54585558842751,5.43103173927183,5.77699601416654,5.59420291508698,5.42275030018174,5.92164692730806,5.68163358752926,5.83829411220339,6.06651905465375,5.72281568626412,6.00420438449982,6.27941234194917,5.85850210014713,5.89576248613388,5.84958282058517,5.76287097588157,5.55066005473589,5.48965548548226,5.64814218221094,5.81292835892535,6.00697683299393,6.04605361015335,5.86459471146803,6.03893628666445,5.71398574263386,5.63645789601142,5.45751529808487,6.41614408234123,5.6131844322936,5.8382891133308,5.70818669865393,5.15149710007963,5.29623386728647,5.66781197367629,5.54210208256893,5.45508473376933,5.49562026891341,6.03757032457571,5.32423852233425,5.80561541359668,5.72417449200977,5.6271989586676,5.86389110267785,6.30970224914458,6.05263585917953,5.54227490751354,5.17738647534371,5.78380532438378,5.66653866499458,6.15523982759078,5.996381228727,5.8379578044203,5.58967536844279,5.90554537582491,5.79975032503023,5.89210073191586,5.79523805099955,5.68714726655668,5.68853714445324,6.204468937615,5.47064705292243,5.62797426090626,5.74006660850289,5.70342464008341,5.55973057067545,6.00035330721835,5.5539278187827,5.88746266220016,5.92936363337923,6.03587485015929,5.45092539810648,6.09670909154021,6.37618940080059,5.54479848638965,5.77607735595697,6.0701657459912,5.71325410322666,5.28123492211971,5.65396806880315,6.11019200687765,5.58922535875489,5.49703516227485,5.58517927576179,5.66888314735502,5.84598137048574,6.29561902778568,6.20014219787081
"48",5.83784557133542,5.36314415911577,5.75455880258697,5.38518782854539,6.05842483985714,5.94465592906291,5.25395509570785,5.95544807708823,5.11400380693282,5.87606767695965,6.05025673828045,5.47325863497488,5.50507409202293,4.91033118118059,5.52747631957287,5.67298312262637,5.30975794245762,5.48110104985848,5.75819694099726,5.56984196009153,5.81718259114697,5.81988867667375,5.58893167601391,5.82539557014139,6.17740131779121,5.81908885425088,5.84921223368826,5.60229184787125,5.53635826773476,5.71975816894305,5.56190818834442,5.44829815957332,5.5461849543436,6.06677968193876,5.92104968707161,6.05322355691102,6.12203367282318,5.70126859754592,5.75935090902405,5.26890199125919,6.54751722622579,5.62610039302985,5.62109466940347,5.47954393381934,4.92883621384064,5.76163434459917,4.95891944970355,5.75187051607387,5.5927801961444,5.66353224883038,5.92682434894548,5.32355066929403,5.75915273446372,5.44431855103219,5.54334159711,5.6995735202333,5.99849041973196,6.00365079558744,5.82354253643372,5.23597574556928,5.93526090155441,5.37130090741796,5.92180813375498,6.11644335916551,5.46074280845207,5.55962525194191,5.6817801765498,5.26376024240331,5.67648706555277,5.42569712159815,5.26737854647608,5.47979229502812,5.73208495813404,5.32487826375076,5.46681442606739,5.67596160841611,5.75520985469646,5.38866292308165,5.54646562135646,5.01188231285805,5.95803996802741,5.67027711999802,5.88504723384051,5.41747577075381,6.43331645561162,6.64371123219789,5.14365971366005,6.1350293788744,6.27297444316634,5.85237859967765,5.14808052144068,5.58584736374487,5.7571465031805,5.11954698354732,5.57651761761933,5.42337650751558,5.44571518673345,5.85096918896672,6.25316916898011,6.29105698815518
"49",5.82983030706276,5.04363384299337,5.61565499649081,5.25930495033586,6.0679746521415,5.55661604834083,4.74573781445056,5.0086988844664,4.79743402069883,5.61185059951165,5.95831038103394,5.58151875499133,5.52624642617321,4.50821268194555,5.55718464656147,5.50766942404133,5.06344566084021,5.16903988823216,5.98066784608524,5.61125080897839,5.82868457573142,5.35183311134204,5.62078269027467,5.69791048329243,5.6281648780894,5.76574112392558,5.85371456913342,5.21090746840938,5.15479347766439,5.3086598604687,5.68860503121308,5.43362284541662,5.31619248984683,5.8874604993303,5.42206014456157,5.80451887933611,5.74376931867294,5.51089427931292,5.44917097437735,5.32754135993727,6.3108703742656,5.4757882809059,5.60814807415811,5.46667278528878,4.55352721728627,5.88982491148479,5.01733147883809,5.16902112124938,5.30568875575444,5.27426354467048,6.06511892853402,5.11234221542333,5.64318133990051,4.9973378319016,5.33621544754314,5.58673629952138,5.9731288315206,5.84736519395947,5.97101650204087,5.34332800918802,5.43712108510422,5.06696899551855,5.51660124071053,5.76506015237442,5.52088061867388,5.42203846382408,5.61572024844098,5.07834134131888,5.84117591004377,5.07454102594951,5.17009828615697,5.44060791483465,5.18460675784961,5.27910980335697,5.16393467067663,5.12812694219731,5.74053101336016,5.52162397878306,5.65015803801639,4.81740269932776,5.84466855123159,5.34173809311609,5.49598374649556,5.31859342378697,6.49216448212299,6.84087310754992,4.88696328602692,6.02605268825697,6.33047220860369,5.70182035574036,5.19105752828,5.73560330123308,5.41738666348231,4.87155283873064,5.46896896765503,5.29466894359063,4.99395705581539,5.85401079672679,6.00537783524373,6.07112822556069
"50",4.88194184956482,4.77448665407395,4.83447443623976,4.81893095985789,4.86769831520231,4.85389348710571,4.7492448657161,4.79958853898938,4.77365208019686,4.83718222484066,4.84664442849795,4.83925303538093,4.90324374272636,4.70063535283777,4.83801747108785,4.78087058273663,4.73406611886965,4.7660590823543,4.87785693463161,4.84500409590093,4.86243617851239,4.80791693007216,4.82232967756967,4.88132018021412,4.80415651618211,4.88881557989165,4.91083138323997,4.79267178893748,4.83864111790184,4.84420396866293,4.84443667983704,4.85007668131636,4.80491402030089,4.87819455617416,4.76586399733064,4.85656201415746,4.82306473305125,4.79142813541632,4.82664309719219,4.77943239350244,4.91686673758153,4.81826052449133,4.81565909515582,4.82654711658121,4.68385288532127,4.88550544779298,4.79558005985905,4.78715187832595,4.76943039577675,4.78348651051432,4.91292066910517,4.76850873018743,4.84123339675001,4.76225075885497,4.80320701800576,4.85038288641784,4.88069733566086,4.87205754811311,4.92670513681762,4.80803714905687,4.7987907296076,4.79294456770463,4.79933527155961,4.8412681130537,4.82406175812083,4.8359772604599,4.86351522624643,4.73752457634514,4.8659186638413,4.79055800615144,4.77331217234599,4.80908507393678,4.78213035230645,4.78164785643068,4.74817536601506,4.76753682843315,4.86311060260571,4.79746634611706,4.91582392921837,4.77227423224932,4.87929286517136,4.81918771353781,4.80076642246232,4.81372252660125,4.9569585750104,4.98236926592165,4.79508674144744,4.88530077759537,4.87559125595097,4.89700488260768,4.8087690662124,4.87404279600586,4.83593793552312,4.75322630177169,4.79315095867315,4.78084993087657,4.76515690835404,4.88324125709661,4.88871337792905,4.93651965335511
"51",4.98387874784955,4.43018884371965,4.25878913511359,4.77252323502123,4.66369704139041,4.7421920149949,4.39401009361925,4.17689260566978,4.74607134696294,4.81083631260629,4.61293553477239,4.7022309940519,4.62761375326185,4.41931361849073,4.35621355785535,4.73932130032506,4.46846510685922,4.31648903631703,4.56473599021234,4.81879157339277,4.61571322686618,4.61797134714852,4.66526108952466,4.54394434524406,4.84875727124625,4.96880620138282,5.17242226851634,4.37903612425576,4.62299223474326,4.95237285740542,4.56789737734761,4.65686105886146,4.69332163369573,4.99830185913058,4.80260993056308,4.81624686757591,4.82897213391824,4.55394672961638,4.45159266924263,4.87584068322475,4.84407291345471,4.55935151366578,4.64748656059299,4.60155057971845,4.66798277533543,4.60962884039787,4.87588025797085,4.23886272460101,4.52481781150471,4.62491318208523,4.79612007038393,4.4026905660957,4.42205832923122,4.6332673809642,4.90998487712566,4.54634253736716,4.30900359236234,4.57390082285181,4.54187984864067,4.58926862217521,4.91975244084608,4.5780669945012,4.75670843841918,4.56091464491308,4.61763910109753,4.92479656755735,4.54849314688463,4.87476085108312,4.70669860858698,4.87400506935576,4.75120681023656,4.48689159350747,4.35046839632546,4.67316703369744,4.24939346036371,4.35804530090528,4.9706693624287,4.6367507140663,4.83659581812801,4.63139612914672,4.58789520988231,4.57533125597954,4.98841644948088,4.77525379727023,4.66426087834937,4.46455766945934,5.01676648878189,4.75033584805762,4.65492483259437,4.75405922324942,4.480900264395,4.75946809743726,4.64183378857036,4.59284197504834,4.62091495870316,4.41382133498947,4.42372050346866,4.33778399935638,4.27737026365537,4.7580290101676
"52",4.67805418815371,4.3188705679446,4.18191723711198,4.60588151707171,4.46139317247495,4.73323558201844,3.79839805620419,3.49661520391402,4.30486677292621,4.72786169322555,4.29786639313858,4.3906205224694,4.64888994263143,4.07105333742928,4.26044872055778,4.52620036974301,4.25113276427204,4.03588817092903,4.54310864223817,4.80098400663142,4.54468541262299,4.39257788275501,4.42235226287993,4.5079291689185,4.76842390147023,4.67895722271409,5.40122093138625,4.0406402089582,4.60265904231902,4.41497609674995,4.34015455922802,4.39557576573404,4.79530422005226,5.09796758970094,4.71296880790976,4.59210368465817,4.65090416433414,4.07280714343188,4.24238337748775,4.80698738286831,4.47849908911937,4.57081583094207,4.86654629188616,4.18227010613568,4.46810042621463,4.62510833686022,4.93575858703687,3.7032346143078,3.97266260976199,4.38488836239269,4.48728324410537,4.68753601606063,4.32444125039956,4.1614681242126,5.00976065781717,3.96703284851255,4.2784025765688,4.32895629282119,4.38360151791889,4.73658619659912,4.72083299452987,4.69025011864661,4.67842191748961,4.39514273103846,4.75164281377825,5.04849601299183,4.50235181436689,4.82406977643411,4.68350896929886,4.87487718759866,4.48803845181937,4.2917137002004,4.28972030366544,4.40622542604339,3.84792786985556,4.22738980165635,4.8761848151412,4.51279741025588,5.12952890222015,4.83264131091108,4.40338667760872,4.56330364561018,4.73338637486556,4.77202386546968,4.39993195890923,4.15532472119434,4.85308591758175,4.42651083514716,4.27210934496258,4.85626276210292,4.1379281871131,4.4937833227586,4.57598970820313,4.53886068764452,4.54690261152425,3.87562654671384,4.04339246248233,4.40824836552658,4.10607975617056,4.4758589691286
"53",4.36416821912086,4.08337895508665,3.8594317491275,4.36678432062471,4.06900260285816,4.67633968601535,3.71517710340497,3.29502313039864,3.75212525342059,4.30786841205827,4.34794033256168,4.08931758413732,4.24840368159773,4.11057248846384,3.80937521213574,4.27729379636529,3.95214271063784,3.89974397470369,4.13579278523964,4.76041248999045,4.49913521665146,4.3310333840383,3.96535702979117,4.263339481135,4.28875953114939,4.52102729348868,5.32951216882747,3.70564139267476,4.47200194390623,4.09654349604294,3.7650288672166,4.34450513396483,5.11441984468581,5.23297438163417,4.63208725469064,4.29836794872103,4.48016742451205,4.09155032346381,4.06941922342085,4.78935871330235,4.1477197660025,4.49274934648089,4.76569778636239,4.02705956341768,4.46383564994422,4.42945593790052,4.77226328684934,3.69694074725861,3.68219240720271,4.54832882970933,4.43698612047743,4.61589459070794,3.94180782913638,3.98342567601865,5.17352395479244,3.85890133185787,4.19886267311162,4.13376820342409,4.64635568590553,4.54390736055358,4.49261383569583,4.07442226251577,4.23736931535854,4.34785605498139,4.3549355052522,5.0034913906871,4.2667406923241,5.006701124402,4.67310982808246,4.85446362324546,4.61496185000925,4.32655163720658,4.27496125654995,4.21350234226459,3.77260590322606,3.97602055125387,4.72746450769454,4.20312209331679,4.91282468406386,4.41174064089937,4.41786389386642,4.20546562318733,4.50180807999125,4.61818967642744,4.50451868792422,3.74643653630275,4.68390944439291,4.52762155252272,4.22235632362216,4.8555251350213,4.02735785264515,4.16191742278635,4.09714239296842,4.52891298953582,4.41117431244831,3.83104550455592,3.65874919476145,4.37719943009019,3.87369833337462,4.40714462239225
"54",3.85087903802018,4.01858493058321,3.93237989135702,4.24073205660736,3.59683661471526,4.47621834603035,3.37857665596056,3.52367219029012,3.77485397392337,4.02439865965842,3.84641315077704,4.08217086311851,4.38749046685079,3.69431198293275,3.74323395335579,4.16993194791936,3.34742719528284,3.97454566370168,3.89592834384735,4.90849284709265,4.6592009328984,4.56450754872742,3.88065936904629,3.75575374356964,4.19867997330063,4.43443555014756,4.98115285094427,3.29096015729442,4.23760904418813,4.1169787414719,3.13560553394683,3.76735777717697,4.93849254689621,5.24735632886392,4.5712065714706,4.00757824462563,4.28104840083502,3.9822554721504,3.87427073066009,4.23810148404155,3.57488595502328,4.04391511626736,4.55404322512693,3.68296997808952,4.3393039492571,4.21187156378698,4.44214851674167,3.39590292644387,3.28805660478419,4.34089282560705,4.14481831274049,4.58690848118205,4.11356340846978,3.87168946957773,5.03854795236808,3.75026065623854,4.15623351209777,4.08919139244254,4.31533641539878,4.66782479940154,4.38578930357884,3.75182127493154,3.98024445576285,3.89114123605972,3.9095115006818,4.41359201499194,4.30666767580331,4.78083284253436,4.27433754383717,4.70550679093803,4.0841718087365,4.27346437134266,3.9325663257063,3.99062775663709,3.82333998005851,3.63985685524505,4.86188256708376,4.1030768650904,4.85258055162788,4.2213016950678,4.14839199050971,4.0173739372493,4.76335577590185,4.29214253278695,4.48771994733577,3.27420314086161,4.18894989768486,3.98737252258717,3.71900340569091,4.44418155232914,4.02683057104517,3.739131094222,3.79334168980595,4.3657115411809,3.94128266099525,3.85519285298791,3.24308890196139,3.98715238518626,3.25346216784182,4.13008763939703
"55",4.01022439266822,4.01571081795715,3.76393830248058,4.5951144986814,3.70465750414431,4.49623149570511,3.17966738222293,3.71443440139197,3.28710683922218,4.09892350803265,3.56506548352893,3.80679987866563,4.25050436536192,3.24818831680151,3.48955703001479,4.01274138345084,3.33374001411024,3.64805006467571,3.72962763788787,4.76957927014801,4.58065455755186,4.28581208663284,3.6941351549409,3.79658883226882,4.05583474807393,4.17517018321497,5.11319752362061,2.79038246328696,4.22121573897484,3.98005920162199,2.9180103174977,3.63580401992127,4.46370390011842,5.00838435201459,4.26848917229285,3.66354792831015,4.13720674818471,4.2002791523447,4.24997013719164,4.41493361006638,3.27452915002294,4.10425519933472,4.53411669275446,3.51107323174231,4.3412052994984,4.26291948177048,3.80723776963585,3.39531075249565,3.02957501021323,4.1554390575128,4.00398165156142,4.2947558265398,3.67725007185914,3.64939474041246,4.82453383620151,3.6375476280999,4.12102839371503,3.72102453154176,4.11742348266704,4.47261210127346,4.44084087199851,3.67118361166316,3.72136624000829,3.89079139572606,3.80593527006696,4.40847087460042,3.77280684946696,4.37647061311497,4.23184889708984,4.90867863065119,3.90054195462525,4.01765430799104,3.55044225476917,3.93473066482583,3.6749039821639,3.47559324279268,4.99081141899715,3.84547958437225,4.60615804895036,3.90056061487965,3.96166446835747,3.90973523682653,4.65084196621587,4.50086440609119,4.34137109863988,3.44547405760794,3.69279589721301,3.45295940115139,3.73296881099294,4.39789493801235,4.45705174594957,3.37808075269549,3.65723476205195,3.93950280280784,3.75741914380556,3.7021122666368,3.1418424402242,3.68862209650298,3.49960108771602,3.77883576626511
"56",3.79000609885723,3.76680176262837,3.64732894723651,4.62826531535382,3.51071061158719,4.3700363550554,3.24964295066822,3.39701510406317,3.12012920791002,3.97958468158362,3.27313437567118,3.64121584063311,3.95541896692332,2.74700519569183,3.24031719770499,4.01867959707187,3.05188561278752,3.62219021437736,3.80745437361736,4.7233914825635,4.27741356534435,4.29197609530303,3.42229944037503,3.60421770014634,4.14985810302328,3.92150221111548,4.78773473769975,2.67139651644834,3.71746076718814,3.83602368043376,2.93090730091169,3.376792876123,4.31170991419426,5.16525486980496,4.14839380797399,3.76972315869628,4.12341039170388,4.27065449041105,3.70668595522097,4.2734018471207,3.10565814333283,3.96077798259966,4.26874994225105,3.21464027441509,4.20475042244301,3.90976863583428,3.76560761167168,3.35421807397549,3.05928027800082,3.6515093982937,3.53421786657377,4.19606804109909,3.57657915239093,3.79166308055848,4.68436777766413,3.44258843249193,4.01348337544867,3.52621356668973,4.06111619582804,4.4668840656975,4.20460757072268,3.43712936571137,3.3645895057098,3.47867959099307,3.54353258233179,4.09412739772749,3.7723228705144,4.32872663970489,3.86944532039915,4.60324076758847,3.86189081141372,3.63965507119421,3.45331587296842,3.54617429231513,3.52379840049967,3.25749317192163,4.73569687732589,3.51297290655242,4.24168263873607,3.81333800520929,3.74956883225656,3.74344618148596,4.68953389803106,4.19447761788568,4.49714970956246,3.15195785502054,3.82662132193091,3.16190368025403,3.4018460312951,4.6030890418286,4.30025075013553,2.89538581414287,3.31350688431574,3.46452223383415,3.49630477412415,3.58441744152825,3.49047690383647,3.41189885189978,3.49483350415349,3.51789983169271
"57",1.93306571767606,1.91181566493497,1.93148481200839,1.97501043192298,1.90112105037254,1.96304643479737,1.86921127347421,1.84660703072418,1.86745448230227,1.93669428350555,1.86913102313154,1.89668275942968,1.91426191249001,1.82692090332803,1.90282358709936,1.91868339832252,1.86029597195873,1.92486728808361,1.89812142407252,2.01730953034092,1.9386190149419,1.94396142556129,1.8710719531167,1.90581176402598,1.9567458405644,1.90306085610135,1.98340160176545,1.81648786442313,1.9133764847129,1.92270627115852,1.85840344065346,1.897104583677,1.96412480187629,2.02575991865939,1.92705122482639,1.91022853336074,1.95961201212931,1.93444400666281,1.87166908120992,1.91692914515156,1.8724843213491,1.91894422452525,1.94861486323491,1.83431460713795,1.94004046252589,1.91072182012011,1.91068017884196,1.87603075759422,1.8543552953607,1.9063380884195,1.85912996195051,1.96905391640446,1.88604432780791,1.90738274107547,2.00718838101133,1.91969531347622,1.94583857024134,1.89929780226567,1.96612176448812,1.9549814165294,1.96487205215016,1.89784829167636,1.90476822375447,1.88222496700554,1.91711560214026,1.94991174440184,1.89893335584073,1.9635118800029,1.95222749150238,2.02752956261636,1.95279572847171,1.8968512072417,1.88665395523033,1.87130336865127,1.89106596983545,1.86803812875985,1.98501702802657,1.88471032141179,1.93434887894411,1.92036970776549,1.92359858599604,1.90315861794872,1.98516809639049,1.94487281934508,1.97484356617993,1.84283592941794,1.93813388721945,1.84087438003602,1.8637911433709,1.98117743581012,1.93932697875992,1.83598646627481,1.86778300172734,1.88724466801232,1.89611356536007,1.89365206000391,1.8861981671264,1.87292963215075,1.86383087917614,1.89721115110949
"58",1.70279772155931,1.9158292590445,2.25604912828173,1.699649792469,1.7071910885953,1.71621579191566,1.71709098439707,1.85247714228028,1.9011979576474,1.54028646569292,1.57182586170513,1.826472034774,2.11401607177587,1.47979077165947,2.03571972671224,1.85785047469954,1.59469181632026,1.88881553539414,1.69479142173838,2.06713180538225,1.81105557286667,1.52737560396541,1.7923364605028,1.63759611118246,1.73588718088889,1.87397994220093,1.6867296318707,1.65378357745108,1.7856171781064,1.62657158355079,2.00627500294876,1.85763662326088,1.88560048460306,1.84045909619113,1.81180189346856,1.51976279762348,1.33572654305929,1.81366375222345,1.55207940931844,1.76552202033368,2.0286767231155,1.47932102203197,1.94182211008696,1.72000404997883,1.96715771083418,1.56633118658365,1.64111531784966,1.41728977485065,1.68574540364625,1.60663007859276,1.39659493230851,1.94957620604197,1.90611798952891,1.65791906570406,2.12062863262882,1.63211563192049,1.9526575881236,2.01253743113136,1.97348117299369,1.76769052955724,1.92674248974623,1.44647095058141,1.66089178997512,1.44504914926751,1.4322177334482,1.73953073005852,1.51371682272393,1.95460811138318,1.75213601947531,1.97170130005911,1.46132191245071,2.02454900908585,1.60059108764141,1.73627658119159,1.63306405717778,1.82869316746466,1.86336184836146,1.85301948578927,1.43070338079325,1.87286941323024,1.81870029945068,2.1974437484898,1.95196746872909,1.73548227290346,1.80033512890134,1.57982482170581,1.85136910221848,1.82592647712793,1.74289904112484,1.67336521316378,2.14157375254903,1.73997802214499,1.55254858752783,1.57949397155158,1.66520228287056,1.6376507370191,1.99291303776782,1.61633616310177,1.64051089906844,1.95905733049101
"59",1.57880842276845,1.52132298671025,2.00592945824932,1.43621151206221,1.35041570043244,1.4521889511699,1.49318135506722,1.80382575499726,1.72912639397373,1.42468082988095,1.51392673319599,2.17890068908193,2.12508572090236,1.41267666241422,2.15104226369904,1.79672418253386,1.26699133675421,2.06801547569502,1.63222581687331,1.68830841987964,1.27750487002044,1.69085172190891,1.51934669523373,1.49683382497652,1.55861201633953,2.06456972236747,1.54247142219103,1.32069919438853,1.6878913526059,1.40445659867388,2.0865779466611,1.69214039164704,1.86544199872025,1.59850561669132,1.61016985779056,1.34014915482402,1.27792140366458,1.58971715402561,1.32739428176106,1.4799822774486,1.96931148081838,1.13836273279622,1.95062082425649,1.50907450188864,1.98723066400084,1.34151472416784,1.22466734401356,1.29818852203778,1.47459748698179,1.10041118561983,1.30752430919041,1.61678602023452,1.70974607455841,1.48280826749796,1.99536908904486,1.4803524145458,1.72329901066337,1.83219637783975,1.99081196124037,1.62975013231352,1.9155169176944,1.39727783239264,1.26651959744947,1.05533069378982,1.4025151682554,1.35410433859332,1.50723939331423,1.67975869466482,1.97677413564676,1.62024457452499,1.38795330341707,1.97134578854563,1.36026164413837,1.08206210536159,1.58179901965565,1.83347172684324,1.94472114763644,1.33478378759008,1.24345479878947,1.37772304073368,1.91937548496913,1.87969659717144,1.59866733512082,1.16444029924945,1.73326130356807,1.55071449745042,1.6426065262215,1.50735793892859,1.53927966863541,1.83018009002218,2.19303294884504,1.31437333333025,1.84838547006011,1.63444119176788,1.20477250095067,1.53850868199837,1.85569028861061,1.22321102326775,1.47272781896669,1.86022727276154
"60",2.37495444061106,2.39945512876441,2.41233625106692,2.3878346380893,2.33613518480568,2.35783930181371,2.43291540747773,2.49781595944966,2.49255561370958,2.42010687560504,2.41241004878032,2.56587028703557,2.46338951580716,2.36457598209903,2.49639433588851,2.43749339475948,2.26855855136474,2.49260671867907,2.37608050290804,2.40342666015502,2.3032472571179,2.43293318470852,2.37505837382034,2.41288270902109,2.40097961898815,2.46610935750235,2.40135880929538,2.39348843071918,2.41539173678635,2.36411459827331,2.419314966039,2.35435105005531,2.44867337970174,2.3501961191842,2.44014017625474,2.39279492736751,2.3039790832888,2.43269852305227,2.35257918516901,2.30452410066913,2.366081123364,2.3648689494386,2.38872656952895,2.4004649803049,2.46914962201458,2.31002879770759,2.30067201796336,2.33889233487431,2.33598569152066,2.29207598869166,2.37500855865064,2.3621771049035,2.39227237629489,2.3528156337092,2.52511238685586,2.39955235695044,2.43138952438586,2.48244563498266,2.48315911676612,2.49022836210461,2.48987992512751,2.39421200326952,2.33604211427906,2.28675292239196,2.34102503115624,2.25245552007797,2.40269236409388,2.36846781022711,2.45352771337819,2.40119372930461,2.36779647685444,2.48177722781777,2.33978417970615,2.28268211603238,2.36651402403502,2.36934521388772,2.49018952422188,2.36060820728467,2.31359006894174,2.34063413311414,2.43621470878601,2.5091524303672,2.40885305003377,2.25077422252785,2.41971913578425,2.33464356212584,2.38362443898963,2.40583347498595,2.38580186316948,2.45032113924029,2.5044930958234,2.36674724585187,2.46244719788253,2.41254093201684,2.31098185367733,2.36496261473912,2.3928800823872,2.34036743191831,2.34303228139921,2.4537007720084
"61",2.43762662581794,2.43102769303101,2.15575950271117,2.48175188214156,2.41777995506048,2.24721402072586,1.8787970735563,2.17533279697667,2.35388839333962,2.02070980686274,2.32056313706256,2.11069238827471,2.59888746435217,2.31275278283018,2.19310673651976,2.33716179867913,2.23321127244828,2.1644792732029,2.36762998900352,2.17762166045214,2.33675138199965,2.37580581818732,2.236875533675,2.22046221354172,2.3053206397481,2.77404467846454,2.19444942698323,2.22550755072016,2.46894139266318,2.07313007798783,2.35398453356371,2.13547572991899,2.50622495328434,1.86326746060576,2.02862208903596,2.33940926059783,2.17166852517628,1.93487757351097,2.10348611798682,2.03743435907843,2.30258594613793,2.04164943620229,2.14719144223997,2.1059526673164,2.15026713772157,2.43655872828188,1.93477040766766,1.98231985596052,2.25697362678296,2.1496980667218,1.90529211035556,1.86973378450562,2.20840124841,1.88064523659209,2.23822273951308,2.34895625255176,1.95784102340672,2.21291579339054,2.1435932596375,2.50525283071879,2.30519061602948,1.99709674370736,2.35958969376056,2.11283107321135,2.35679380093679,2.06312773795259,2.53075307240414,1.91574356168397,1.94400412010395,2.10469626311986,2.16503335950834,2.16652175520157,2.00677651000334,2.37853818290554,1.9642513267108,2.07977286387938,1.93340282415662,2.00658610873252,2.09585132529555,2.30216674195892,2.28835391488812,2.32322885081187,2.26518270223313,2.18287081076008,2.26373481958593,2.14002229164128,2.34660611502016,2.01796566126914,2.19997518659529,2.0116217632199,2.44082067089382,2.40853508966252,1.91215337564022,2.06138733259808,1.99996867178252,2.09906695580826,2.33398627096777,1.95823517266979,2.12735387725173,2.16471409355008
"62",2.36528860107148,2.00947486000288,2.14788548938731,2.18086962298422,2.32480140580548,1.86935115875398,1.76141708116723,2.00308935119427,2.32974432043421,2.27412961808849,2.31231816171218,1.87285842033161,2.26227326453541,1.95864625424152,2.04620566228121,1.99544719880742,1.87821901411898,2.04100085225445,2.26527040545439,1.97558236218827,2.15281320823396,2.01755094063265,2.13468406249329,1.90718630239267,2.39220815885421,2.71264213396532,2.21837244785501,1.99529434527731,2.17292153671583,2.18950440519029,2.49133994815778,1.87181029923799,2.46534766256855,1.86934060689214,1.7162836593137,2.32816449005394,2.28546172279005,1.87200289973192,1.64984044300959,2.11588949451698,1.99974788652801,2.00114863285519,2.07131642095796,1.95779144632734,2.50443096971083,2.40818786606353,1.62361324642149,1.72396020907004,1.99950590079565,2.2093595147057,1.6955932714819,1.66035831740998,2.31974599666781,1.94119308126201,1.79722479790655,2.28963739710607,1.47474652876355,2.15611732314079,2.15516166657746,2.3686038666235,2.19632705120551,1.93666776364691,2.39489824179825,1.88200116821506,2.02077150211308,1.78153711650314,2.35296979360137,1.83248240096932,1.56315842411676,1.8957250616032,1.79316128788141,1.94467736385657,1.97108167929904,2.61375603086356,2.0413921559331,2.05341109400485,1.66794419497512,1.91110745816094,1.91614254333072,2.33279720517776,2.09926473232821,2.25450289528237,2.24837155164751,1.82785437302519,2.01561640874397,2.10676516685068,2.28652915555462,1.98205840627327,1.88223790995309,1.70790775802912,1.87726865051888,2.4122191370996,1.98667098535567,2.10788824171704,1.74061405693351,1.51700008665364,2.41510268473849,1.7257526135583,2.01246549972912,1.83240819705909
"63",2.4724267544513,1.84442713506006,1.60875495971055,2.26888783396592,2.60987466772605,1.8620220630227,1.64034601378229,1.78870260815822,2.34571910473143,1.68177687408657,2.17231344606453,1.4604417937088,1.94107694688068,1.92135755973293,2.01821403194919,1.76303890533184,1.74631187291971,2.12171784917804,2.2318466489552,1.68472840638656,1.9575183098718,2.05860689504596,1.95450847355269,1.91240396321418,2.4818887124615,2.5433390796715,2.32129271350613,1.97857982770147,2.38910299717978,1.90735140705025,2.28727617652301,1.65544934373276,2.48167659497405,1.72606768192154,1.37814629479804,2.05297961471201,2.03927042397005,1.60515902273086,1.39067653475514,1.81485264358924,1.63794298858002,1.87218835776255,2.15214309444319,1.66317146817876,2.60124634286708,2.1930151014379,1.58608345082513,1.44242582468187,1.72681782512919,2.30769237036143,1.57886416629332,1.24313503066724,1.92612344838682,1.77119288082651,1.899504005452,2.22228340017356,1.20631272663551,1.6362000752633,2.27798863486532,2.03696656787898,1.91502816676542,2.07344019384776,2.23406249954537,2.02738614666462,1.94703798416481,1.55201137598846,1.9711336817488,1.55358702351149,1.41518739284978,1.79839062901402,1.57385013977915,1.68170608818506,1.74113882077477,2.12440936433383,2.10999070089745,1.59966973680492,1.4692758896412,1.76215170476449,1.7184352668991,2.29460972050948,1.53021800873433,2.25271754809672,2.10709954525377,1.64507556571933,1.54345329683321,2.01474388348967,1.75247177154634,2.12546523501176,1.64294943650635,1.26376182700329,1.85934592352827,2.00165540312842,2.06788970585082,1.68777970675668,1.34084205060729,1.04633788326572,2.25621496760251,1.40973037738979,2.09491420612177,1.79736182104188
"64",1.67581496463883,1.6061773018549,1.61396826779888,1.6831865679839,1.68498226211763,1.63304854401591,1.55545496484085,1.649324429449,1.66967758843432,1.58085536125503,1.68461166229031,1.51522285107722,1.57554772515146,1.65660374342768,1.66124777616419,1.60190637345274,1.57407870308033,1.57031615529906,1.66201622283579,1.59956630264533,1.67787938967123,1.65151525822267,1.61978145168248,1.65733884963378,1.7471240284832,1.7444168752403,1.706606180919,1.63688196468845,1.68735226889691,1.59744130600851,1.70970642739211,1.59909606059489,1.71413797200666,1.6403584241495,1.56707887733544,1.67337206308553,1.62361895016891,1.59295105136527,1.49989081422185,1.67002710085908,1.61357247846721,1.60151418468621,1.61468193268158,1.583734542519,1.73049162977736,1.65732273207747,1.6143845788593,1.57196026479567,1.59949613597721,1.6121440758411,1.533334090071,1.49949487846026,1.64885555858521,1.5967676922808,1.6128360754281,1.72448838186488,1.51804301174318,1.55372589173883,1.67977758125872,1.71323748892429,1.59619159117609,1.6993010253969,1.69701841907498,1.63250398539585,1.62838658280551,1.51800442985605,1.69048143105893,1.57035407746285,1.5850826324799,1.57045487942394,1.57534779940415,1.6200363642824,1.60618678368942,1.73048602819946,1.69553450092619,1.53300166543258,1.55759781229075,1.63741747463478,1.65770400769752,1.70732444156415,1.56745026975284,1.58210339958285,1.64133314008988,1.61775838642489,1.50481769301776,1.60540736623909,1.61029297367282,1.67410820626973,1.56039253893927,1.54527214734867,1.62767535115412,1.56006539412513,1.68324019124741,1.57533126794749,1.52230279312704,1.4754695736118,1.68173214847409,1.50360632602949,1.72050910854389,1.57878518336603
"65",2.10546352835232,1.67527900731644,1.98396893598683,1.60030507324112,1.62195148315551,1.68959826657859,1.83790456719108,1.90748507363435,1.35943926022448,1.72877103978814,1.37520930510826,1.39702516155058,1.8982189998232,1.44361671857629,1.96797085170182,1.80778254598952,1.49955522266815,1.98903888824275,1.4905189442244,1.61724221174033,1.24645530781536,1.37041816371822,1.78538241460391,1.80640247646558,1.72408310067432,1.78477051896389,1.98996727846353,1.71199746859698,1.42782283539705,1.54928173749219,1.8654801292977,1.68742814439784,2.08326716490764,1.94361752585685,1.63219940369985,1.94872136917916,1.76701497644451,1.46067706314688,1.86236740674187,1.80095750569642,2.00290132558155,1.73066061115664,1.43316687121609,1.61923148727686,1.68117333693426,1.89125164239706,1.45952933154617,1.69965237613966,1.7747476723164,1.7510467394896,2.08560980348779,1.66263136189832,2.03348753878559,1.60666504692897,1.62120050481723,1.93897576308625,1.73755702682949,1.71167521394782,1.61420662318923,1.89888773303752,2.08017313195266,1.44448389875691,1.79289529362128,1.92491280761683,1.66992622230451,1.59284622623383,1.76193124144856,1.51633215406349,1.53790959881512,1.23079825664213,1.51209631445605,1.83348316323764,1.60279697364069,1.90167646950922,1.50549683101782,1.79176401014488,1.64208491746317,2.00442920286124,2.42308037522573,1.70199508065815,1.21618291182109,1.71641241061357,1.45993747894306,1.79706296917287,1.5817449099141,1.6080582901809,1.58736013441005,1.61004591975776,1.65162833776827,1.93067033930773,1.60140632671338,1.5824119924573,1.88443229096053,1.73589570533336,1.78191780768985,1.95976611899837,2.11288158312976,1.67947256208835,1.74365107719302,1.43070964731128
"66",1.82325513803303,2.2777905817387,2.08555520798676,1.99525282590688,2.00209228381997,1.80683027792771,2.14033736318733,2.69412103416902,1.47638491085891,2.6461514842512,1.80412426287543,1.7376969470835,1.96058481828055,2.19579843518878,2.6541820624803,2.5010134216245,1.58041855866935,2.54661618129996,1.78722703268482,1.93637191310075,1.3182575305668,2.34352488972831,2.36063624276628,2.15354374189146,2.66669301455759,1.93830647983996,2.64250017167924,2.42393549960545,1.72287057125638,1.86683514172487,2.47655876392878,1.9540934984574,2.97010424978051,2.07964264648935,1.87913439978156,2.40394493520909,1.82468968746463,1.85561596895223,2.75013289216071,2.73908964812364,2.14521493141569,2.23737445034227,1.58091025719896,1.87274993257189,2.36361821378039,2.1064403101998,2.24453232309725,1.98300090469733,1.60462165847105,2.09471764511765,2.43984717617932,2.10408834687383,2.24404739029458,2.53455819062109,1.70332308775909,2.02681197426954,2.54743526597314,2.22445327529873,1.90599893919411,2.57982256656957,2.34422008371886,1.95477633694122,2.11605060940733,2.2954104434198,2.35901904051466,2.14109533322393,1.82130114328983,1.70220501722987,1.94309966417644,1.8021591140465,2.04256201769047,2.16420968375591,2.03650982048981,2.20937686468039,1.41037610431774,2.20142681317047,2.42542720268227,2.42252442844755,2.73645800678297,2.12151180630939,1.65311377332701,2.45055821537969,1.95607753214063,2.05413465168454,2.56233904062983,2.16739312125419,2.37555785248436,1.70175931896185,2.15813450205147,2.13471355079419,2.29803779062595,2.5115441577574,2.53688829287009,1.83674649354483,2.59328472526756,2.62628500652974,2.4428956738413,1.65863804723033,1.8819751155886,1.87627877383742
"67",2.05065414166611,2.01639647296908,2.09150513989301,2.02276430772349,2.0144795087651,2.01873227127148,2.03705406579529,2.20083793358033,1.95095713751656,2.14577794762937,2.0287577756284,2.01643484998825,1.98211010490475,2.09494904191692,2.07649159225818,2.07802123486053,1.98038432864202,2.09703474809877,1.98882649803815,2.04827527037133,1.90095217192945,2.11487631799917,2.15594295056377,2.0850404267598,2.12683808538945,2.02277591985654,2.15773156901344,2.11800451108214,2.04919987051649,1.98858759999094,2.07188675112747,2.00073820736032,2.10064858085966,2.01882981420497,2.0023152635068,2.0998637354491,2.0586523371557,1.97380455306931,2.05612512328786,2.15439444629786,2.11785807233187,2.09027686803193,1.9179457190962,2.05108057108538,2.0778465747909,2.07928729057476,2.05231455271532,1.99506642755516,1.98185004309394,2.1013059220651,2.12613626989523,2.05033177612359,2.10323035984662,2.02570804592923,2.00761469786366,2.02152774559713,2.0656980248981,2.0000407964728,2.06160881102642,2.10641697909758,2.07602783165679,2.05366080673024,2.07441632878734,2.09214528883427,2.10171982694477,2.06472540545359,2.02527212211617,1.95336260791982,2.01067253072126,1.96315245774073,2.04311316592875,2.10860071835234,2.00751345792363,2.11045418301643,1.95380937567858,2.06204076102479,2.11414771057872,2.05056281696187,2.11846747922048,2.0962164139836,2.03626809445198,2.08295846250013,1.99581546794344,2.00194635980139,2.09423126048347,1.99969988397765,2.08169798390592,2.03754629106367,2.08564118112979,2.05496889240681,2.04202014144363,2.08001174333798,2.0448757148615,1.94660752931633,2.01712576643738,2.10017905429457,2.06383251536247,1.96636605682528,2.02960976313216,2.00360777723792
"68",2.21522861481574,2.78814341167497,2.3022110640501,2.36350086963631,1.96247049728658,2.17245339364428,2.31644359435728,2.8963777909563,2.31372125138699,2.15283793815453,2.2567389633948,1.97173654000251,2.33551791999995,2.51885182583638,2.2270631729487,2.7086466789137,2.67360607486782,2.9369599533255,2.1721403810877,2.36776462076801,2.29889396909945,2.78311387181065,2.62438897281175,2.65739146979915,2.37814648465993,2.68332435087046,2.52336503471842,1.83613504926105,2.76979177893103,2.38380819581847,2.42054115039337,2.26227845771736,2.24842937382775,2.81458177019631,2.13570512071088,2.45162166414222,2.82262239254892,2.374928051214,2.30738775273509,2.70399635693786,2.61262042447546,2.68762310917496,2.15911867270162,2.67377472841762,3.09151026591452,2.57696908464334,2.16572253692238,2.27605696392567,2.71165306005546,2.56789674545991,2.02694677973034,2.57862979014858,2.09972695130563,1.976042534924,2.73615342002153,2.53358774971428,2.30506452760494,2.13805987505648,2.95767937633127,1.98081961871898,2.66437734859908,2.68618355339096,2.52105459079464,2.72132705971077,2.85216192622288,2.62386320947131,1.94294755635982,2.17427899709158,2.6214638506456,1.82134071145826,2.18915747107703,2.25858107968942,2.20401149534089,2.05279035221769,2.28550466033963,1.80888482625069,2.32036029130791,2.13293545006138,2.22201195934816,2.28437795608262,2.67264802711883,1.92019505554563,2.53635638134304,2.2145138331988,2.24408437144331,2.12075978370004,2.04927964431739,3.14223809519208,2.08746358942729,2.17397479778364,2.54668201355984,2.51081733229013,2.59524805379342,2.29622928379046,1.95577383167302,2.68469920106341,2.41149887658321,2.03431064935952,2.81097606141023,2.69545715934318
"69",3.38087649533636,3.39313286713577,2.26640826801501,2.602333190369,2.24630226054178,2.34744906570069,2.67346091059262,2.85323826178238,2.75749982614804,2.40470033763549,2.25282955326744,2.3171602255681,3.12373088502124,3.21491929209934,2.30613927858829,2.67305281419056,2.8768351088755,3.23503213703018,1.83299180376568,2.48953488078633,2.85816707180097,2.55747977965385,2.03468422141336,3.03924272250951,3.54986293688964,2.79916345054457,2.14278124988259,2.19072598008316,3.22906777834129,3.13596648313053,2.37959254114976,2.17880144518596,2.60812783686534,3.19082364021456,2.98016017926176,2.84895817945007,3.23450910992828,2.585193288442,2.68289329135158,3.13417098057482,3.02467942560021,2.90084457031348,2.29965028042802,2.44689271498294,3.60531393329569,2.90376875024134,2.22274051292662,2.69347303758329,2.95588409425252,3.04396906454449,2.04225282569482,2.43282213545723,2.49027353981795,2.60028742609372,3.44666994959326,2.9003025059707,2.33007794159773,2.36143174335607,3.0810633119643,2.48791185356505,3.2535234384107,2.79620111530676,3.04503885542374,3.11115893680962,2.93608480233258,2.48921168801348,2.24874703897278,2.33777896228986,3.10858761210138,2.09558755204245,2.71143930216692,1.99179425400323,2.48428792489232,2.58589076029708,2.57236515774268,2.30325087239264,2.78736373606828,2.34098514139109,2.59164677060709,2.36677474755881,2.85670727325798,2.29423814230194,2.85781183623071,2.37896184992904,2.71540614723847,2.41907968487399,2.34520444495385,3.60320199292307,2.65656137952026,2.36788742586453,2.82865357823534,2.98356423155474,3.42418325752431,2.98228166802915,2.14259621734995,3.19642409565333,2.43417119703306,3.00967991277048,3.03873277073466,3.21661931661999
"70",3.72911109363518,3.78989405805932,2.97137924277199,2.45852699181893,2.13234513167862,2.65233233925818,2.43794235628088,3.48085860707582,2.97076312017307,2.62671005492809,2.30262198828391,2.70976638347713,3.69252407652374,3.54021051343934,2.47320714582244,3.10819904989547,3.25845282093269,3.32799626407714,2.2052138011618,2.5433527141108,2.91447986241867,2.72494031716607,2.51635660701479,3.36617714561834,3.75043274236328,3.05564529241258,2.72465512437494,2.70644415797026,3.59614351247256,3.51676213322536,2.57847554905821,3.33340232499469,3.0589172803622,3.3454143657023,2.82689316719622,2.86341297068106,3.11441912994058,2.59795978937079,2.61299703330372,3.28487573208358,3.37762473246019,3.34748361410545,2.18285804843724,2.87581189274646,4.45732773546968,2.74941675022162,2.11684338883773,3.03901373574531,3.73457336077454,3.54917471644633,2.56002243766179,2.74619409129042,2.9293883174454,2.87094629158383,3.96782117306619,3.16085630649019,3.27608316489906,2.46009843770339,4.22929780795663,2.85149524010721,3.51853905966281,3.28430667424105,3.42507536508174,3.467594871715,3.3820513518418,2.71162998730903,2.57102417064919,2.7098950571225,3.46585175861906,2.28547956920714,3.16763596964504,1.90707321449246,2.8563699546643,2.94891045815299,2.96915282018535,2.09829628613349,3.29155643489124,2.4143346460893,3.19681990921712,2.84178030563772,3.60665744967717,2.62978984662091,3.20224308821986,2.11586332574963,3.0375133167356,2.48861613863163,3.23250988034445,3.90046670859539,2.97171176561399,2.66003515262021,3.18265574477401,3.09903708189317,3.53857461120005,3.28045112715878,2.34181599348737,3.48852933480968,2.58282293088573,3.33181447775535,3.50383685108709,3.38968197116703
"71",2.50396735658059,2.51272298372485,2.42178326890648,2.41124869937759,2.42660745538413,2.4139996725878,2.41328762030761,2.52286668958259,2.47730506119912,2.41372157852283,2.44124861847918,2.43736260230132,2.4821498146995,2.52302263098635,2.37671483591438,2.46895612248103,2.48297573259091,2.51378849053021,2.36885306399636,2.43932595543427,2.43960713800367,2.45353394049865,2.43602575154067,2.47019024029062,2.5478431124508,2.43420398097178,2.42100246819809,2.43292739734288,2.50971548569961,2.49564677651773,2.43070809970305,2.49818394401162,2.46612979873191,2.50350582989799,2.46686170074914,2.43438357044281,2.50045488321048,2.4506332565704,2.40437732135014,2.46082553799628,2.50945349856432,2.52379280202863,2.38906919854047,2.45704271266303,2.5759292898626,2.44687957741609,2.38956933018568,2.47377339072719,2.51112871562051,2.49248657998854,2.46382205195241,2.43354602807602,2.46920638338648,2.45882120542887,2.52285129924944,2.47698097247359,2.4296134264358,2.42883443846682,2.55932422146038,2.44821441746537,2.49306266223047,2.47169166082633,2.49058762331258,2.48746443150447,2.47271754827534,2.42603312369896,2.42362315944099,2.430258242467,2.48763336620016,2.3710489559509,2.4503935728693,2.40161512369772,2.44714429611839,2.4368049681665,2.44934193792848,2.37011979876135,2.48611339285545,2.40249363755794,2.43371336718908,2.4438953739225,2.52242314827533,2.39781575468001,2.48621685910263,2.36884504883127,2.45960522711393,2.4297000635084,2.51303738427429,2.5157778552969,2.44900876971859,2.40932249237585,2.45255911655688,2.46701902235186,2.49643449156383,2.50746959332144,2.40840588532378,2.52355299369091,2.40464317253234,2.49955392625555,2.48738177629888,2.46316671927693
"72",2.11589878814742,3.14846832733017,2.25933507819736,2.46325259851559,2.82251182233131,3.20098364338667,2.65248164880612,2.75665304470355,2.63320595953577,2.46019642842158,2.45482620977199,2.75652977926285,2.62688043376358,3.04875374826816,2.19219254585787,2.79538659033087,2.7578183309794,2.54591282257396,2.38210567361076,2.70492480276621,2.93171007266073,2.51118891997762,2.20695070252237,2.6164616881182,3.29824494060927,2.15535188039415,2.65530004022724,2.84432613902052,2.80497826468422,2.96734481462354,2.94066224576574,2.24278682479467,2.51247121038793,2.92012611066676,3.28570817332957,3.04617580180369,3.12530289242911,2.47301203515954,2.47876968927698,2.83408787762362,3.06720005575355,2.52239038162135,2.92929476313122,2.51639085782964,2.55910076449368,3.11249901559312,2.70310911232327,2.54623676283745,3.05215926369479,2.30458552802152,2.68274325530579,2.62593699611982,2.9664235742468,2.55096967150754,2.76084557110705,2.76510913329855,2.70654673658664,2.53996350432829,2.54291524804485,3.14283204693582,2.8875251067383,2.91937434888578,2.6147122263094,2.59081165294184,3.44334025948245,2.76859940462661,3.08706802220372,2.82986595252546,2.34009831071125,2.34730439145141,2.06736580736977,2.7223211334262,2.39741075041878,2.61636640259355,2.82593022103148,3.09689482070528,2.47964401572549,2.37321316941387,2.43682428090182,2.46883591484301,3.41582939085639,2.29231458010661,2.93141783629641,2.32317600351336,2.780378894467,2.45164755363644,2.76949313194868,3.02358515515643,2.68816083717317,2.64475451776991,2.89519006131393,2.72301379563254,3.16157193077898,2.84744777623227,2.56832025765371,2.97054286472905,2.55708472127431,2.11083240611069,2.28074577112801,2.78536824936274
"73",2.99827253914044,3.690534516499,2.55288937212963,2.84591325808156,3.00100844987786,3.65873879967097,3.09311172675824,2.90931948134287,2.89078413677251,2.8282045834103,2.10047528647216,3.11523078497577,3.15954157131559,3.32461196447403,2.51780899289684,3.24218625033824,2.62476692543915,2.59030037314997,2.58590052412703,3.35381011030729,3.07121128084019,3.03759194500177,2.78348951554481,2.8839722701505,3.43029837051948,2.40700490294933,2.92503353244664,2.88069884364876,2.95525634592513,3.55610730610912,3.05589257560781,2.64281437817476,3.04046018962072,3.0882933328024,3.94164483924784,3.77578063991892,3.83523884291549,2.95298481482917,2.51999650905795,2.56836064797098,3.2158622935296,2.63113250049121,3.19045819157951,3.12845279577847,2.81971353904679,3.43118176387803,3.03657709397568,2.59267233958051,3.69295514694119,2.12625220583158,3.1552749016903,3.16703355031474,3.24585996786148,2.94658882575812,2.80024801532637,3.36049288455185,2.5828415683415,2.53852284874084,2.98502714559135,3.32102773208158,3.34412094384708,3.76232611332904,2.66404237708541,2.79307567846928,3.54063032708441,2.90847571640003,3.39771878128213,3.08171211910711,2.29342072031747,2.81052552778191,2.79616898063373,3.04415933757627,2.50766280438922,2.84450543932627,3.28103254846157,3.1948135342836,2.48681860260002,1.98348025600039,3.05263230461326,2.77987872691519,3.67643951544326,2.48074451343463,3.05359168987491,2.40210859110229,3.42570426699648,2.50294648621432,3.70757917379445,3.18562302346956,3.0624829796377,3.32361855345979,2.9183741100532,3.13868801706327,3.59419933642343,3.00088479101555,2.68348864393399,3.20434846230349,2.76144225199773,2.42982997500326,2.37757225649102,3.04531135429732
"74",2.59178158768539,2.61603972904753,2.58755516065517,2.56745810330118,2.560062713363,2.65335406049895,2.62496017541462,2.56667201430256,2.52030191103539,2.54281305223433,2.52775962263007,2.59245358065068,2.60237032204269,2.66667298404222,2.47988098960571,2.61409416825485,2.54938947183566,2.54720523206126,2.4819168894849,2.60362791511869,2.63784835692017,2.58707360012158,2.58455684883618,2.59968380079949,2.63392352103247,2.48683995739713,2.54400777983321,2.56834950615015,2.56509150791705,2.64412520959003,2.59136527687619,2.52392614722817,2.5612252749218,2.60675991294462,2.72367778054104,2.69277629581697,2.64037666150507,2.58504074223926,2.51426380389199,2.49824743552176,2.59829675369112,2.52952202134733,2.59273831240987,2.6120188225262,2.61235957746863,2.65140436035825,2.58808268646182,2.56045136597019,2.65773406150847,2.469855545639,2.54185890613688,2.57573701915678,2.59917328405597,2.60134002801837,2.57464337752887,2.64483188631788,2.58602961563835,2.58256015147358,2.5575093673533,2.63706820033713,2.61846358642635,2.66213078061488,2.55872408519076,2.53894155320154,2.6252490138305,2.54630957847009,2.64864631605426,2.60155491727541,2.5150986622022,2.56177826392014,2.5208725761429,2.56569013991325,2.52158552899376,2.5757352310964,2.56222917239456,2.58320765629084,2.54190109220912,2.47300533034962,2.61686273328641,2.576088061456,2.64180192168136,2.51841173612537,2.59243346965277,2.51939755835606,2.63189793080586,2.55784101129615,2.67577939656469,2.66142008565212,2.60990580935185,2.6371930832963,2.52285789750661,2.5805964237017,2.67231624716873,2.60803742701857,2.52544659487698,2.63550175535424,2.54670880179673,2.52212791610104,2.53327509379161,2.63954955926654
"75",2.56027293877506,2.70554122915049,2.39071496253294,2.83759492892728,3.09699670740324,3.43633119333737,3.17534211724762,2.72643060230598,2.75843845376147,2.78306408486259,2.96419873501113,2.8169694633852,2.44301689748209,2.5811512719899,2.74654937258956,3.19260313829497,2.82457859979596,3.40228966618799,2.82457416425661,3.10423824835695,3.14195407133899,3.16822207959347,2.8192997776599,3.26661406682053,2.55399125308957,2.54555499492623,2.90317085606064,2.96897152587118,2.89784621546573,2.8822391658626,3.45502614088908,2.3665795800098,2.26948076779661,3.1289791647874,3.10347198407407,3.15217307463869,2.64743507188042,2.99120791131858,2.91132267461818,2.79070184816152,3.11540101035538,2.77051734011085,2.8688357381246,2.35430020314114,2.88671575172634,2.4765424909372,2.00733313324337,3.07636030706196,3.44539470758668,2.44663184440048,2.51228170888018,2.60638865122944,2.82822929709289,2.9868340513529,2.92205095768685,2.70023179579257,3.03790222874427,2.51792346907705,2.9775412901811,2.66268107650983,3.05964325730248,2.92172522295694,2.67930456275512,2.47172825447718,2.70411462493953,2.94153148860644,2.69005278213262,2.99581369929103,3.12735088123196,3.22876453667813,2.338664818183,3.30497199544509,3.16017253235559,2.33723219158766,2.67908642455872,2.64086233624799,2.72611839987563,2.36815031043937,3.01890516368781,2.56003238648327,3.08293600385892,2.48805627267773,3.12737169686404,2.57804519849586,2.97986229382917,2.59229622970482,2.77378926414513,3.34553803233129,3.13336782373052,2.85164164348637,2.6996868122949,2.82386104706689,3.13696501088469,2.44311260350599,2.49213071528848,2.69132004328407,2.46378190957147,2.96483183134702,2.89075629392768,2.97159691771365
"76",2.71861746567362,2.72131050864104,2.46268555555336,2.8750982626696,3.00542794888519,4.00813816869422,3.726514985632,2.99631300804314,2.57207313925728,3.43855529572548,3.28596080234965,2.67749472768128,2.42110109240242,2.58229749485934,2.15923544514427,3.46792702395243,2.83269198544981,3.57112398782739,3.12908779447525,2.48027181522072,3.53861273849966,3.08507799022515,3.27997609951038,3.74838379029408,2.61936868200952,2.71620343011714,3.18089450795498,3.62167280952814,2.97657542563053,3.35664153061077,3.59689052027182,2.5370314754795,2.37394264674204,3.7661692506406,3.77830878891141,3.57176447345838,2.80817020334996,3.27994982020993,3.4226371394683,3.05210822292565,3.05731013302881,2.5910092076924,2.74452529609092,2.56150736618291,3.37452462805649,3.0788896266782,2.44982129532147,2.68658182567603,3.62040570074719,2.86602023864914,3.21662773931469,3.00436452570841,3.24279433459193,3.2395883760777,3.15922474010963,2.96065422057426,3.06308694883589,2.65739471655376,3.00170115201845,3.17603318622453,3.43165229466832,2.73094506411209,2.50946255948546,2.8621629379508,2.91163727426803,3.49807075845859,3.16171845090517,2.7997451941742,3.77161891472529,3.34262848506398,2.54900037610106,3.70952463000818,3.46815420384737,2.54649605606902,2.97060097159924,2.89051858641461,2.41515105161202,2.33217997409628,3.64601992989018,2.35304767850324,2.77206586720509,2.61910409192531,3.55966759890372,3.21114674205295,3.04362653829912,2.99728405542217,3.08484008336513,3.43597589538097,3.3347256793123,2.74218856140957,3.20806617621667,2.69165648722936,3.41631865415102,2.3456142995688,2.78480760529548,2.64674825454407,3.0385208694785,3.07226187886867,3.41361512994135,3.26473401053855
"77",2.92759536247647,3.09522855256105,3.04397325035952,2.76600504590267,3.34161214050701,3.6995506813279,3.45747670608785,3.23144132252383,2.97194967424395,3.56222555392623,3.33015456238109,2.79702838035086,2.55652615388363,2.87924627337546,2.4929870810425,3.8343133720779,3.24193070282577,3.3497612503184,3.02696645278662,3.05888378847041,4.0330239381895,3.4198613013989,3.32234333970742,4.23885722726275,2.97182675927146,2.74196249315276,3.13313119343283,3.61755069909857,3.42951964772429,3.44246665198991,3.76014710357135,2.96810169271256,2.21570429594161,3.61034606150888,4.19457832097442,3.96545893905476,2.76312638078813,3.58074743906933,3.31878579187794,3.04028857254319,3.2917416309114,2.5575682088427,2.9017902467543,2.67544961011603,3.59546111446358,3.53092669134382,2.611008176199,2.89025718072622,3.47626026420125,3.26991193379631,3.55056261572169,3.10762941666799,3.71522290125705,3.92153509872071,3.72710077034267,3.53876533387265,3.54446325190654,3.35916892889541,2.76220464590029,2.80451332483709,3.52169933841606,3.06194641053446,3.00957306879077,3.15985058997271,3.28747432747656,3.65787724701126,3.53171924340102,2.80487769236895,4.27918008257653,3.43535409609254,2.74471868218083,3.96663367479505,3.74054267612748,2.98775087971315,3.43395085139976,3.08549587713127,2.82118944509036,3.16881904285465,3.17915977267029,2.41343489278522,2.50017109915055,2.64764668520157,3.71835848258436,3.36236933375106,3.76551461019503,3.24290262934707,3.51808062798812,3.77613620988066,3.60185165671085,3.11035434469541,3.569757561887,3.1063574324732,3.36401331845903,2.47623537145271,3.43191582039027,3.43120020875073,2.88808069533804,3.29998966194472,3.33239008291332,3.80595379681775
"78",2.38111385450948,2.38540339954171,2.41087726121576,2.3693804698919,2.43078916079887,2.48991951086382,2.43032593706246,2.42837036281903,2.38376356951995,2.44958338176631,2.39066024967981,2.31192648347791,2.33402454376909,2.371523277513,2.24889148456389,2.45269457125197,2.33629310879684,2.36953061500477,2.42860305982557,2.37594991901034,2.47307204779913,2.39964502486111,2.44053816041487,2.53218154632802,2.346034532194,2.3224483211167,2.38487321156945,2.40560604800499,2.42663518969447,2.38887996724849,2.41415428479553,2.35814609440495,2.2796642140186,2.42760653953666,2.47875238608762,2.50823854399975,2.32644091158415,2.43228950051131,2.39598529050729,2.41799287090066,2.37617813817996,2.34409837932882,2.37289372945564,2.34062540245802,2.43454482087927,2.36796900939245,2.32343372642941,2.37672913217678,2.39285621401651,2.45501864437423,2.41306275712043,2.31953369448927,2.46751966977933,2.44057830187513,2.42008965412443,2.42466344466854,2.42755095864301,2.43173488647472,2.35515549765723,2.37932315745175,2.4259803091402,2.37313805722935,2.40296399882111,2.40236309064287,2.42008541977189,2.41661001091501,2.42305008136132,2.35597625190215,2.46667535941359,2.3980952425936,2.26842186273735,2.43934652631203,2.45383889380119,2.39517066243665,2.39525827013199,2.41222712301413,2.30182654637826,2.39114844657561,2.41904897881955,2.32467363470918,2.33368644270947,2.32547176358948,2.42260048145924,2.43657510998925,2.48970695786886,2.42611072099173,2.45350194296288,2.45234011718727,2.48774481448242,2.39245685013472,2.37878684045695,2.40320163360488,2.4787960089421,2.29582289795715,2.40667481291582,2.4051061736011,2.37489440490953,2.41807294615304,2.41645167862655,2.48158264284645
"79",2.04927605639128,1.88008698009382,2.01806338773629,2.48075361772708,2.20722181498179,2.55361277152275,2.38852631606932,2.11390644275929,2.17559649982223,1.72045857960753,2.0782189093734,2.05982843139965,2.27178665020521,2.51078407605542,2.382104072238,2.36909002213564,2.14918329441035,2.27575066715506,2.18920492891988,1.98143860505076,1.83439572219266,2.01290438419113,2.03822425681869,2.19290400025204,2.36681832631012,2.06308426247249,1.97383761398555,2.08809293059266,1.76177558576346,2.34783149744879,2.22307178425894,2.01876097353245,2.15637045052047,2.19618862418278,2.30204499763312,2.39844676176075,2.31321526795028,2.24191179062814,2.13164354323755,2.33063774855791,2.23511985918719,2.2724788930406,1.99289647541869,1.98466530007581,2.44229754139166,2.41028234054073,2.02461195765406,1.80830541576394,2.44257608436768,2.12018411013713,2.13074181311721,1.72670733949718,2.35377047894314,1.83019418970244,1.88269267338107,2.35422541180308,1.83416196704953,1.90488121471491,1.82195308598701,2.07476561353728,2.22958363231391,2.50711622343149,2.28970575648432,2.4279777073823,2.2926814981077,2.25402121912202,2.28972121452669,1.88478824611568,2.09031510985289,1.58028551297589,1.92099131214388,2.19954665167193,2.70884797379806,2.06110234119094,2.29912448393754,1.72400051583515,1.88238905560421,1.9718584913687,2.49188525852461,2.12889029300163,1.97438189333936,2.27567161225302,2.55195345994307,2.51080044614028,2.30857044773052,2.0510556306091,2.37690064541382,2.19354427763547,2.05423634863984,1.58551383852758,1.95974956069355,2.32102180897072,2.18322669106549,1.83334398402657,1.96078757953042,2.09127919348601,1.91173767581394,2.01575980603216,2.18488831261843,2.23215258062011
"80",1.91279616313554,1.74362274844287,1.95621678096068,2.52260015918964,1.77380769114309,2.54756252012736,2.05509852689825,2.34770907198366,2.13137461679369,1.47998306359912,2.08887857702699,1.85407824327471,2.02632072944118,2.17896184245943,2.28981799597556,2.04058383265004,1.96531449058616,2.177851038877,1.94495895130974,1.89392238754135,1.66348314478439,2.0472917824802,1.97145764074131,1.89280976112894,2.1074656171564,1.70825441646676,1.55030188479555,1.93240863281844,1.71098640613836,2.01937694395295,2.15054087590915,1.9107706821707,1.82299149811785,2.03049821079376,2.02898880479026,2.06535093928335,2.23673900942223,1.90160292188805,1.85626681129044,1.97957482124024,2.02032482760376,2.30819602553864,1.98663037715402,1.81298612949854,2.56633754259664,2.09335991714027,1.60682443889749,1.80389043840427,2.17566147916179,1.81878446442181,1.9791127176687,1.71675339595553,2.09737126110919,1.37594367777752,1.55268039647556,2.34061099893726,2.0778093140903,1.72219472818155,1.85855887437889,2.09037163760058,2.1183468244473,2.13706009104415,1.8916584452497,2.30808947140472,2.32788997920037,2.33246328657653,1.89742475465896,1.65019092930636,2.03565821727898,1.17750827047337,1.97191509274536,1.90381807028649,2.37289315837171,1.7950474190377,2.14229188654339,1.31627181319162,1.40027621293763,1.77670890428986,2.45375606936895,1.81697733510101,1.82091702164472,1.90712514623814,2.26244236296247,2.17273273043947,2.22809764089072,1.79604946362787,2.08363675873362,2.36211212030011,2.2514435511335,1.70373188436416,1.74861366667175,2.25040602315141,2.0784842357049,1.92181566081137,1.55263800458846,2.29713484025229,1.52726099764649,1.62733851868235,1.8459413676756,2.2756844584192
"81",1.62340185323471,1.69839955367642,1.52499434446185,1.68080626406652,1.66346862961052,1.81302730493258,1.65438640572599,1.67661476643891,1.594708271292,1.49987139923033,1.69188613356367,1.63618394919069,1.57693975993364,1.63099726117423,1.70887765684405,1.56819077517705,1.61745608591507,1.65593212378875,1.57123694238424,1.62512327696969,1.58979990712827,1.61196434009708,1.71763868283746,1.62397620318794,1.67766025921395,1.58752096766659,1.62415811848455,1.6053663209118,1.54594742509697,1.73958092083188,1.67959363373741,1.62619613919652,1.66217869555603,1.55854425157017,1.66007370051946,1.65789448242984,1.68197601363242,1.52343574913394,1.62644528295968,1.67696403188028,1.77595224484455,1.67671532620211,1.56767198326717,1.64186282212678,1.71548763897537,1.61799103975135,1.53032992928548,1.53405409394209,1.67195448212549,1.56704690275327,1.60742608733243,1.57704629839882,1.62329064098447,1.52995609835249,1.60543687420443,1.75798219630355,1.63802939407425,1.54020698042176,1.60799654353069,1.69299440854861,1.67325933967911,1.6663680103484,1.61083081855246,1.70172244438594,1.65842438668205,1.69725440638894,1.56521532874955,1.56169741456325,1.65026744140968,1.54068791021467,1.57661176055705,1.65938035907743,1.70947585049158,1.56824516951983,1.60006545612105,1.43450949107954,1.50955211262096,1.53702549680131,1.79543234414029,1.62687744860283,1.65531521064026,1.64321979519947,1.5495890657198,1.63415795398683,1.66268486313515,1.55439851867208,1.63964968384977,1.68689962156896,1.65254670998092,1.60779441393028,1.66319521067223,1.76003962538319,1.6623158382106,1.54683226293636,1.47057716977348,1.67018985508278,1.56626917168094,1.57620720407219,1.50636296861755,1.66252509018268
"82",1.34828833269463,1.52112600443576,1.16571985533276,1.7821322867954,1.20545493702311,1.53346045330858,1.45445204596685,1.52616634595461,1.45377780567458,1.12509186062116,1.41057876305898,1.33691250869585,1.43909168603114,1.57377886297201,1.59285613073833,1.64299999388441,1.51671792663596,1.50531222983738,1.14309855718196,1.17656900490402,1.22564268252828,1.45135305668431,1.74770555193505,1.47770677487944,1.37988425138011,1.45296119765709,1.32846576129201,1.21318391292508,0.957247413361397,1.57120215790786,1.43806441312947,1.4701469352243,1.32769003502363,1.14171101618808,1.50461222322981,1.5883407036459,1.47779694070005,1.59156899174052,1.45935504754514,1.3814549892827,1.94844790610007,1.84553866947019,1.41591797385509,1.51317088884709,1.66551845629773,1.43063399727896,1.32247522717381,1.57061061118265,1.756416862208,1.58996271152278,1.21071372217448,1.42290395417533,1.32388348614969,1.60377927084564,1.42437615083593,1.36191124491287,1.55853159178132,1.52164166509515,1.19064375369213,1.53924625151834,1.70801263336889,1.2074182268326,1.59110538522511,1.57316439818861,1.35002633120541,1.47722222958193,1.94100460964742,1.27066966753274,1.09716820170128,1.7098274434347,1.47069482231124,1.03687391575276,1.63242400464317,1.31611172740141,1.28521812817441,1.36435609634498,1.06444549551734,1.15398136101979,1.41656905812072,1.25180346949548,1.44839631983016,1.51453703395765,1.79584705100474,1.38162206282948,1.38694980422203,1.21097802578678,1.53596852913935,1.6925637464967,1.43069684685485,1.45629549893001,1.68930644005511,1.52256051154081,1.57208644041391,1.03104770813935,1.07304467494075,1.14015961202043,1.33675106327444,1.47908138493841,1.6765104729987,1.36525521533975
"83",1.14822179824487,1.65164624136999,1.06032384378294,1.37493711444118,1.13717045018708,1.33166204371266,1.55052177530714,1.63946747570295,1.45912685025835,0.868077692815741,0.997917783383921,1.32176727838791,1.1084429254613,1.42971065517192,1.49883139755566,1.68130941651381,1.61005830255114,1.29694100308445,1.17065458055947,1.23889195890676,0.955785055920816,1.34253599833727,1.79715109760191,1.2458946061785,1.16876001762206,1.45111103469921,1.13601024341597,1.05181795941987,1.00616076294029,0.842914109344272,1.37299437950743,1.67521371438761,1.01633098854322,0.912234369466094,1.24664548824702,1.45164522582829,1.26657870737461,1.79740168903659,1.30415760858485,1.19053182659893,2.02278150632986,1.44541651542853,1.22924672998241,1.32378937030765,1.50335428412734,1.00604590513644,1.42261271556058,0.948954625661404,1.77175696988236,1.57372179265847,0.948627779945417,1.00505063288028,1.20375247925846,1.56918283303176,1.0655372456219,1.01457432901559,1.66349479188142,1.58663341775181,0.915964949824502,1.37028374937838,1.59928026062188,0.898933874206919,1.57385333592055,1.61994030561733,1.23700382042024,1.39964528302386,1.73702360480325,1.14792694538028,1.40269206343217,1.37082457855804,0.911071739593165,1.09769436348334,1.43525869004107,1.38760143026225,1.06663334770106,1.29927742191023,0.853496072680406,0.735406188188605,1.17379481442149,1.00858697581195,1.36904012982554,1.19917956718938,2.23829799413767,1.43997374202986,1.38420523792981,1.09312321682296,1.45808573628808,1.63205189149089,1.53419397931443,1.0145587315606,1.49745949224091,0.806596188232258,1.57867905793776,0.668164944799552,0.345659276046616,1.40890769429572,1.17701586159192,1.3093640182568,1.24270814196498,1.58401848879842
"84",1.14581752833034,1.11373916403264,1.3191868334388,1.01701391811613,1.26881496117715,1.151042976514,1.25449766116646,1.75768679290035,1.51883375028279,0.951005912162077,1.03153201128833,1.29758293624205,1.08277254808841,1.56189878822767,1.41017079345777,1.24796321286685,1.35690036215083,0.992818731635035,1.05317374442752,1.27821605022183,0.490300899004509,1.0940381310629,1.41782493720418,1.17894168461291,0.888258487545281,1.09880214830064,1.28736448321721,0.722183922131423,1.06281529290849,1.09095590854598,1.1604441775983,1.32588026652259,0.964367753360021,0.706074224928851,0.947998337471849,1.22727795005956,1.0330528368564,1.60045509163727,0.914985745030645,0.608415213475547,1.81294126228832,1.43052696827094,1.35234104990254,1.44264078774938,1.25824023312321,0.72883174221175,1.28707050508365,0.873600657042973,1.71138116436143,1.51605935349062,1.25411577493619,1.01708737745032,1.11941798362515,1.43463180550258,1.16423073551681,1.13286757571979,1.09358138393313,1.35058583723041,0.569917260894572,1.39467036210746,1.39512302998414,1.14812653607459,1.41965611383515,1.43317234961967,1.26283754070579,1.04779656288255,1.45350505993073,0.920733864342251,1.51442189429268,1.48979491122127,0.63264659790321,0.551942154728233,1.03043716435222,1.13968008605354,0.945531032651238,1.4211922876909,0.4504752711193,0.92252660324996,1.30101019918647,1.13703737867787,0.990933445958921,1.04808300902561,2.26378891590808,1.5901080973158,1.50488728598394,1.21413627333171,1.35321313896077,1.49484319874095,1.28023711650785,1.08449449417877,1.33397126966203,0.576070372982058,1.33024831367236,0.11017849229367,0.247542140661908,1.56883323002644,0.921722803653341,1.25948379648429,0.844961697069435,1.39323069983989
"85",1.18490529785827,0.84876164861739,1.24478171157023,0.75444343386366,0.987356453742108,1.03925746469292,1.1172822976464,1.82641497844077,1.38725417961542,0.811479873469121,1.04736853734713,1.03202142508734,0.735724358248002,1.53837780037436,1.34312468740229,1.43362745609892,1.47123117255856,0.677550517028555,1.1368103141616,1.28598013476822,0.462397657771077,1.21731048771044,1.59024944749856,1.17368268051404,0.587840485180054,1.1089938261407,1.33600150722414,0.895422939467003,1.03113601657177,0.894624754311458,0.848732860333945,1.05369427630518,1.07624603385803,0.760871936025074,0.793661679174376,1.18754484638737,0.626744927164935,1.59844285206527,0.498508827468008,0.20321258028326,1.24599008971159,1.26066238014771,1.11030867363354,1.48511776195553,1.22498559510726,0.273698954864932,1.00364738903131,0.861613287015715,1.61336462338998,1.30928600128914,0.986335075337498,1.02378217286296,1.21863266863304,0.944738373190746,0.908044858500799,1.01586535644698,0.90817165693816,1.10432303422199,0.233994769014269,1.18474306626495,1.33920144627877,0.89030303286794,0.8762623747803,1.46802458265875,0.818336102129863,0.848452167357571,1.37743050744137,1.01025155706957,1.27118733920532,1.18429201084178,0.706077781996819,0.697104143340928,0.892765477308819,1.07870326106811,0.804205891037115,1.07643653256964,0.113195791122182,0.822387798426538,1.4924862022537,1.36207583365095,1.23019067314829,1.20349785177201,2.46625389723443,1.32149234819337,1.34679515927714,0.973720056612231,1.07866880169253,1.17013035577332,1.35600881617198,0.936535983943195,1.42431670832015,0.336895109077401,1.52660581934978,0.219300608679561,0.260812769844547,1.65118888414051,0.69761487722423,0.986207870127467,0.558939761291091,1.47108768971148
"86",1.111244029717,0.707491258302551,1.41797921978641,0.609266878781258,0.772042512140004,0.77831222686779,0.864731484250778,2.00925292642672,1.31598333184301,0.692786323207317,1.0111384432961,0.579367421652011,0.461805822957238,1.37842776311052,1.58472225977028,1.41199006207615,1.14496379353616,0.272499712236763,0.774394380452592,1.5155226400196,0.423885469677801,1.07231183365127,1.51010987395677,1.04402466688469,0.528110478363492,0.845504867280524,0.970416352144981,0.464955691206312,0.738600266943883,0.489070112703595,0.704175924413227,0.846807211836394,0.854317080581104,0.635137857280238,0.890788257408806,0.87860279063219,0.586700345860501,1.55651474970936,0.0919736922981684,0,1.15586349268631,1.13345005377639,1.12828289258659,1.32646813710311,1.49704086950568,0.2280045037759,0.946985820183756,1.01395347794486,1.67350101702778,1.23884050838833,1.08424538480071,0.792691187455693,0.910057599049105,1.33365599975372,0.556108096189096,0.860021474153704,0.882486352049256,0.907448095763217,0.295400277372845,0.834681909928513,1.2911445421855,0.952756535613145,0.941003019831468,0.953109447776412,0.367807613038711,0.476393847221187,1.37852040796825,0.887425076903909,0.912262329734615,1.15995893714209,0.617875417549931,0.647670453278572,0.648855081591553,1.06872476426263,0.588869536566266,0.88912269769261,0,0.417737704509231,1.37372648023997,1.21624507925892,0.970707305651485,1.19909386609286,2.47818617119421,1.20643697086411,1.30120502806794,0.956324704228504,0.697137425785292,1.00005530703881,1.02483810104184,0.363083932297319,1.09960821352112,0.0978625680385272,1.3118547574455,0.166894069563268,0.276367328619337,1.32338397335792,0.550562183519425,0.694978305874648,0.254706894902772,0.904778552621142
"87",1.1744363827031,0.649733957645589,1.57139713412102,0.294515612509707,0.679532470771928,0.530429476177465,0.737212187756207,1.91368263373342,0.957673229139486,0.61569800610743,0.858427146476645,0.349490705340933,0.62693042706411,1.19826144950309,1.48947182167275,1.57098375130315,0.947288751223333,0.17612763892382,0.851338765761585,1.04037471291021,0.810232532583734,1.01962883447619,1.64739622680452,0.816954250572776,0.69488029924136,0.683153610574587,0.867871915648158,0.728022019311419,0.513926650340492,0.74090730021536,0.696614589692465,0.534383847819909,0.725697479269841,0.942555181406235,0.842833386419684,0.620719877346995,0.638769719295163,1.46812973946324,0.078215010272903,0,1.28633504113658,0.6433900163757,1.09694857094734,1.0465205613578,1.02432838925266,0.287427558005408,0.827374587239502,0.859992982818391,1.51601801295637,1.29398785000807,1.05480869680572,0.816254276196527,1.0646262333795,1.12831806937551,0.52819827929635,0.754703972587906,0.492814093144166,0.600229826183527,0.525858402801806,0.883484184043132,1.22470331317658,0.969571045757154,0.885569447126013,0.881760857072614,0.190171150372926,0.409647949689091,1.12474383733729,0.877217753514815,1.03862635808286,1.08603846028273,0.539559467476462,0.31955730949689,0.421499428897423,0.943427632445609,0.476079733594681,0.967073285112734,0,0.446689863453391,1.20901698301886,1.31009686795074,0.858047704461606,1.03131387747267,2.64831482290687,1.00124690073642,0.837856842046855,0.692630653789449,0.560025827797975,0.89377132783642,0.599414581176865,0.850812823097066,1.02374356538731,0.226694958138059,1.20121716988993,0.286387053082874,0.781672089380887,1.15996179925738,0.256242299782673,0.494208020245883,0,1.01897678273596
"88",1.127105458316,0.720437182550147,1.36071687281881,0.245983194784521,0.899670375865198,0.594361850132295,0.388526012185754,1.7035946724108,0.849717932428893,0.645291749729307,0.903184993377662,0,0.387950588138083,1.06476158523751,1.33288723311263,1.3360475731141,0.790209799762459,0,0.822056461606434,0.957776331988752,1.02951479366255,1.04268998976071,1.36856473444459,1.10977628477454,0.63042269542979,0.578746308620258,0.911635854184372,1.018451413711,0.66851408766643,0.76096796183269,0.795481044548943,0,0.689220394806276,0.989477638899928,0.633813798021158,0.488834916863982,0.282012951056119,1.38031736309726,0.0468574173095038,0.177213053468707,1.15182041490474,0.784175404294327,0.601102115867779,0.896732743390664,0.406458970134238,0.367711614849785,0.914961915693061,0.853075161323542,0.856101718120048,1.12042056515164,0.910468204030055,0.968644037189018,0.761145356164904,0.973740625752121,0.338394176903907,0.669267697149575,0.341992187386823,0.080429488283683,0.812534073532889,0.785637914662746,1.26830433770155,0.976032310437619,0.7694349663963,0.594378493381935,0.432445496507289,0.632506576039444,1.07610466816567,0.639183581903707,1.22233071607965,0.870902386849362,0.469046730247668,0.596010234444678,0.0664223827449457,0.744743451742631,0.245097845552712,0.78274615610884,0.241653377542587,0.221429171232691,1.1623803621085,1.05190010357635,0.819495889915339,0.923255618854885,2.55719622593343,1.00184065050018,0.790142680998678,0.583497358214376,0.807273650019289,0.594177738024075,0.489682585796294,0.633337239746346,0.767374126252613,0.201170341015659,1.04239479524835,0.101106762829085,0.741119551525219,1.0453467944804,0.0829743569919585,0.541286639337147,0.11235163422747,0.729740924194118
"89",1.18390598270029,0.0339388818314036,0.967756880504542,0.335497052128637,0.887631569720943,0.253772843082887,0.605999136946343,1.75063420723356,0.537264048731181,0.750747990698264,0.63104336788933,0.146410276913344,0.212622539842183,1.18992832879509,1.22493061935495,1.43008778926206,0.686724815041439,0,0.62969425720474,0.783170016432143,0.58126510796134,0.331564443135724,1.20650423284928,0.877752774353759,0.357019392977709,0.316293455361691,0.364019699429546,0.625631873503777,0.421026292128632,0.778262823191198,0.195818074215977,0.0119416965584603,0.579127525991302,0.86531402908724,0.217233767903647,0.282492465848566,0.119222773953318,1.15853520058413,0.103933601465001,0.306525982035125,1.11696910173876,0.619218272146163,0.0515632709980204,0.657077419001236,0.351756581863632,0.645102966194607,1.09737380796222,0.990687905198696,0.47738100663903,1.00226499115413,1.10693692461448,0.814602110078802,0.615798357799032,0.898773879009014,0.228981616705827,0.540682993634491,0.384056173907965,0.422484064852027,0.848748789381277,0.468259068189295,1.4150704025065,0.822353044168829,0.845365642053903,0.832878173773472,0.741051155907668,0.823299291340956,1.14462728080687,0.438110906847939,0.950172509704728,0.910988084597282,0.582838471405747,0.950521857011657,0.247148181883042,0.715828609422419,0.0223244354428368,0.397350491856086,0.109891827699855,0,1.12655914232641,0.83118046624293,0.565817990216291,0.882252984891755,2.30991368999221,0.756658846416105,0.841184503248281,0.464305190747527,0.83315535946163,0.0879942678337638,0.363619952448184,0.457185684335002,0.333635073227092,0.0696259503155991,0.966791565624686,0.198096105221291,1.04645974910174,0.708463469597651,0.145851575368799,0.41736290524141,0,0.825823623495791
"90",1.11635405427746,0,0.869957863423419,0.206400105148035,0.503804005159969,0.452458606029247,0.822004747349915,1.4447285868747,0.474556594778111,0.766534464869686,0.607002561157052,0.262938759647826,0,1.01462703053389,0.864864283743896,1.39019185935264,0.627231378425752,0.509576328150238,0.781822518525469,0.580669136688037,0.609208664391803,0.165169506577768,0.829492876010075,0.481077347113353,0.616670632773386,0.284704679377522,0.139244571994109,0.276050311149374,0.283411020579953,0.613603162052381,0.0625081946680277,0.749780616838716,0.434999915366561,0.827937723058282,0.174121221896696,0.636950671721623,0,1.09850759977566,0,0.252765149747155,0.762683646836015,0.57403494520687,0.171626878932873,0.932263619861732,0.473932597096795,0.290886724034093,1.09924643243436,0.801277956655005,0.330680345318961,0.800496984736944,1.26887160794989,0.594016455046542,0.39224345016698,0.741228390006006,0.527767601516362,0.612662697139898,0.283841501802549,0.645984568826299,0.876416741318639,0.354709076138237,1.20919708214579,0.465668897900579,0.38395821414439,0.783393527184031,0.634977342666167,0.527065074112818,0.942585041965269,0.298881818338008,0.838386233395655,0.485052078321727,0.447867700215349,0.874917794624963,0.0706878186067064,0.901884785756198,0.0840546918743993,0.214343323940686,0.0294668171003658,0,1.07023024426775,1.05236717829866,0.628309449738548,0.556164226131774,2.04468523254498,0.290956110300252,0.623840070239432,0.2903141675643,0.615925112882894,0,0,0.515650366499274,0.541111282286205,0.196756018485828,0.899907806000401,0.431847317527608,1.15082954044364,0.540335419616057,0.440166020530585,0.427621120937963,0,0.956453865195928
"91",1.08332841847023,0.134575890916152,0.599371532356048,0.348801913178888,0.340987019394333,0.026803410207325,0.78520579279585,1.22543383675681,0.423664579111704,0.497703625197543,0.377211054993476,0.265295756611683,0.125053476930532,0.962602213209757,1.06859911342765,1.11887105779573,0.214753235833023,0.573066136827156,0.38725904748724,0.724073114282885,0.440630282123079,0.0632827902811334,0.539185097110329,0.295633689217716,1.05713915227239,0.116079585323733,0.0128528078364039,0.224743185318195,0.0485200787839448,0.482084223358927,0.0994338640236603,0.837980507672093,0.0336646686852295,0.827711861282342,0.128391927753518,0.506825134867139,0,1.00615713129006,0.044227080350413,0.345337637739606,0.767545167134995,0.684688962492496,0,0.698367162563629,0.244324736521987,0.185143357257383,0.978770625151417,0.60947819067927,0.419813703241167,0.666954943984287,1.09723129475208,0.271891383325463,0.0441875363839089,0.708569095831116,0.459750159930647,0.44491890393372,0.270708492428809,0.300113176817892,0.395170081454592,0.266979984517958,1.36067783105515,0.228375234309714,0.0700501056428603,0.756735510119096,0.600719654114192,0.406403154683516,0.785601974152974,0.574100976760304,0.982071954021743,0.36423458530697,0.477735725519943,0.606402867288322,0.273007609517605,0.621406055406669,0.1425912934517,0.206677875692218,0.192485318866832,0.148757636423968,0.852721924892032,0.508443561233014,0.651764318934464,0.448251911990902,2.05540746326642,0.0200709131623173,0.322643027482893,0.428872175674072,0.836840510157288,0.0793027462702449,0,0.106173112735752,0.413333132953388,0.00107363235489008,0.782643137968047,0.628731959287622,0.896544309181124,0.118216163435626,0.354871369420177,0.433723680146212,0.175105407875281,0.560685763815525
"92",0.988134567403372,0.0364952169669714,0.779220400357314,0.0142147446814363,0.411802672101103,0,0.138378019613069,0.660885684962432,0.475021236117099,0.846498487846838,0.03011527187685,0,0.28686373233951,0.809309023182739,0.758860963604215,0.88713168570732,0.102105376147356,0.645212169744494,0.39369089715447,0.436109888792625,0.401523486016356,0,0.665894867572415,0.430205439431459,1.00993095432262,0.156020766192809,0,0.295761964620695,0.350187446058607,0.0564340389703007,0,0.735759303213324,0.214356159036171,0.453475481374741,0.0948749847148757,0.511403650193888,0,0.640401870885112,0.437924789278362,0.532359210197113,0.632715124498383,0.5262987701233,0.0634429406665009,0.184881253470844,0,0.10170565558639,0.793737890319527,0.456291764939553,0.128174511441005,0.66170730126492,1.15058426516167,0,0,0.452027846462752,0.139715344118459,0.615858205169562,0,0,0.104341322258593,0,1.62431082284024,0.273935075962641,0.0470742779506101,0.65443510062248,0.575825617791245,0.163706694269649,0.883392627396573,0.416260806500553,0.765277564738076,0.251908214915846,0.760424452933128,0.210165852301246,0.25951235253574,0.532121726675239,0.217826669365356,0.338782026826671,0.00158134019975873,0.00948445213420363,0.4293566384315,0.705931459338828,0.678907601502543,0.744241977821474,1.95824360395547,0,0.145318908910027,0.159569329068219,0.866964504691385,0,0,0,0.341394214219507,0,0.81681304665199,0.600339902408158,0.846523410527517,0,0.271908597335022,0,0.257319131404889,0.371651642677435
"93",0.852869043729198,0.868641397168794,0.510865835070163,0.597066237001177,0.320377240933287,0.343366791708161,0.214258322819852,0.843641328554404,0.558595717096866,0.800176356201087,0.573938983113919,0.470618653698369,0.332033482194503,0.557649895188609,0.342288254559635,1.00076736492444,0.663766455540454,0.684407342973191,0.533088201388189,0.701328859320159,0.690166037713616,0.12005089067679,0.326862168118143,0.505472175498787,0.897463798311928,0.619683443569135,0.700894212177169,0.600259477838601,0.235571511157411,0.228186181516153,0.524230601100749,0.588874339242563,0.740876120639681,0.723493447662087,0.318003268313966,0.360038130055724,0.588360428060884,0.632964381573627,0.454848485769541,0.43400131586606,0.519931528548215,0.458507660875816,0.53313651590136,0.217245026289424,0.322071457032757,0.569053586029226,0.301472435324635,0.680827175458052,0.525172917285239,0.865061605888621,1.0536085502816,0.503665039544577,0.381352622038933,0.505045330374172,0.609640251668715,0.863538326149652,0.722860168163395,0.502582372593192,0.435798778170833,0.609052189706061,1.32876672864862,0.751979805763634,0.0932616941861727,0.838378258411226,0.959284379684525,0.565406625864221,0.9153340290494,0.278949003834607,0.615784640658904,0.542773935241139,0.793054657928312,0.289294802035846,0.705804822900232,0.810420570669903,0.697150795106018,0.566896654514784,0.26510345988361,0.481879219500841,0.692098711405652,0.745802047630375,0.398309995495118,1.21007818882699,1.70794497403889,0.520738618442633,0.74210245558522,0.416092005111471,0.617585260494055,0.413308844200135,0.660775316115939,0.380028852912772,0.584812261703431,0.510455298003822,0.569560609774599,0.531959425568897,0.757779096438059,0,0.366686217219477,0.244274648096827,0,0.773563590915015
"94",0.848180439062284,1.22224276182448,0.866388625196697,1.06831873777194,0.391576579868472,1.15117724896079,0.958568131754892,0.744427506183749,0.865186883796746,1.01745774670762,1.02944689830498,0.857504803098817,0.881820211134976,0.989227872045883,0.825598254097584,1.38383399009592,1.48280413002017,1.29621595895421,1.26134556435452,0.661875092954421,1.09822368277786,1.07751594132435,0.829743176612712,0.79909016094579,1.19561421620041,1.43803504818651,1.41272752666587,1.18681980163684,0.948254123925329,1.04153152031286,1.34307591384286,1.5956524927891,0.948962706774999,1.02669953725509,0.565696980432485,0.95508009413159,0.844134468390451,1.1361864088219,1.01479766916038,0.913564648633457,0.866636299708124,1.02321847522375,1.02479994128965,1.32622536874537,0.767153050710959,1.27473401950359,1.0594972977486,1.17603509975238,1.58316070866539,1.48267796254971,1.69366133966796,1.05890022914684,1.27698305411788,0.794047148592792,1.60207800722168,0.636418447094268,1.20109584395157,0.998505403198811,0.585286711069653,1.43761752653263,1.7474954741417,1.2243270014608,0.704485114000552,1.86982438948115,1.68239536490312,0.851161755057268,1.532415421356,1.15202492434696,1.50643888593558,0.290819474300708,0.872477502000973,1.02731373308706,1.26604285235796,1.91645704870572,1.33472404057824,1.18831250452895,0.678996195592476,0.636401269518149,1.58483903750938,0.847849750088985,1.02069762662142,1.48810340260314,2.11438580724844,0.882641697013827,1.05034063126955,1.0860039090925,1.47215464233303,0.59588777742675,0.707749047718629,0.806928229431399,1.12359718504162,1.25870622690965,1.56885744171579,1.31908341389666,1.59901565786697,0.870285633646476,0.753958002982421,0.878452804933814,0.718206319584333,1.55390137719233
"95",1.28014559485658,1.66343940284662,1.15638092390333,1.4182699964563,0.574942255115869,1.70887338723867,1.17351211829206,1.11175184068353,1.39885011631938,1.72995928100862,1.2785035391797,1.88173278314391,1.53612895598578,1.70812386092425,1.43855722876721,1.71180354091272,2.03284778115962,1.17296431959641,1.80541322810493,1.42708099387733,1.8424927330079,2.09516231685769,1.01504782219191,1.40931974596645,1.30683149272983,1.76991960096001,1.73939006409475,1.58676372435115,0.76554024633089,1.62347784966874,1.53769358519731,1.58006255897945,1.71259009652537,1.08870576686556,1.01308605416315,1.41475578578994,1.21492729788076,1.65237419402813,1.36125820153023,1.22083654755137,1.05777139221367,1.52751819949061,1.25232724855352,1.21829359982567,1.44746436413668,1.25221782213452,1.49176549673428,1.39376523329208,2.17926596932778,1.13423744769773,1.80373070145104,1.81426532867124,1.21642094205657,1.00333179301455,1.87995710771736,1.27429705415677,1.52544915880403,1.21570760817515,0.989373306673389,1.63865072172882,2.0620062042004,1.84334356324857,1.05548248939831,2.0838490555051,2.33652044708835,1.26016641912153,1.99569357196083,2.08135930209757,2.24283487619677,1.23719707503565,1.86400028077011,1.08144579091402,1.56684143631517,2.15271995829077,2.03797387852498,1.91993597874893,1.17532924351314,0.956594310390725,1.86978888251045,1.20361164173233,1.3882886304874,1.71964243125435,2.46601923599681,0.90739299747807,1.75472446990536,0.970118892613318,1.41851654376932,0.942401167037463,1.91496768755564,1.12167709753053,1.85094633478516,1.26407178848577,1.50338118911386,1.41942745892481,2.09005161426782,0.938074354222165,1.4618623440804,1.72617931738728,1.08093987182489,1.32054704790964
