"","V1","V2","V3","V4","V5","V6","V7","V8","V9","V10","V11","V12","V13","V14","V15","V16","V17","V18","V19","V20","V21","V22","V23","V24","V25","V26","V27","V28","V29","V30","V31","V32","V33","V34","V35","V36","V37","V38","V39","V40","V41","V42","V43","V44","V45","V46","V47","V48","V49","V50","V51","V52","V53","V54","V55","V56","V57","V58","V59","V60","V61","V62","V63","V64","V65","V66","V67","V68","V69","V70","V71","V72","V73","V74","V75","V76","V77","V78","V79","V80","V81","V82","V83","V84","V85","V86","V87","V88","V89","V90","V91","V92","V93","V94","V95","V96","V97","V98","V99","V100"
"1",10.7129526518684,11.1785979177456,9.79294156222669,10.3327858734356,9.61195916234906,10.1736261369441,11.9933786932764,10.3925536048269,9.74479720480627,10.372723253423,9.91004206551153,10.6652715315566,9.76040215127609,11.2700175619547,10.8198001241383,10.2391480341701,9.67898724970724,10.0330027111571,10.2373687964328,10.9922874027512,10.6656807328624,10.76128660378,10.9544149213389,11.0828980683148,9.87860480614628,9.81839169543274,10.5989495026434,9.83143522926588,9.74061453818911,10.162823251228,10.4346488194681,11.0102927437487,9.30570546954646,10.4113835569624,10.6735984096791,10.5862510644531,10.1266907060024,11.1443075316512,9.6449986327402,10.5421041467366,9.54011662716609,10.1215610843094,11.1235168911536,11.0638043635306,11.0271722820352,9.63730330248447,11.4809897242851,11.1737849039675,11.0523782787979,11.766958218817,10.4810332205299,10.1682488560501,9.87915467452886,10.6370634199228,10.6068514883749,10.659573343276,9.73677529926259,10.1349392718101,10.1554818122757,10.805688015175,9.88066993119085,10.3234038360758,9.81957537262727,10.6186658365553,10.1959201606108,10.9511683026146,11.4502665059282,9.66289687684765,10.4834472348629,10.483141950495,10.5638091889309,10.4980069714145,10.6514642262693,10.3265744972676,10.3820146975032,10.9303548267343,10.6904228775014,9.85060063546295,10.4908160282913,10.5209617872816,10.79097824112,11.1205139289321,10.1030602684132,11.1493639580566,9.85134502489714,10.3410022077177,9.52082100583754,10.2301795630164,11.1978301216785,10.5657003217349,11.6531479574905,11.618825268089,9.91751419839389,11.04098736854,10.9493233682784,10.7320434414134,10.4682779681178,11.2900001024301,10.3626458859773,10.7320235134291
"2",10.7363541582996,11.9496610094861,10.1654490121404,11.3535864171839,9.79276461912977,10.4135846994453,12.3653233632815,10.8581819420163,10.224310876161,11.1011847287946,10.7209911179205,11.5396635330102,10.4965447891934,11.7530470555376,11.1460518678345,10.0929616919689,9.96635000843827,10.2308597895603,10.9226996526094,11.4265111806386,10.8881810746582,11.1003304818783,11.9284948895944,11.5198995793508,10.3716874075538,10.2578836099238,11.1497208718427,10.2783554283284,10.3776310504062,10.5531358171006,10.7289155914724,11.3458311453086,10.3577175648005,10.3727736059192,11.4636686854062,10.7279056276837,10.2036911382325,11.4614172316334,10.3908597435399,10.9460520707596,9.67862939295482,10.7255111649438,11.7632565176952,11.4473599237026,11.711086473052,10.314179797058,11.9302598661223,12.0956073009752,11.4922963304815,12.0627955339202,10.7245028676406,10.0254638847881,10.6519166173148,10.8779855761323,11.0157355335855,11.5320609719624,10.6048400853128,11.0230513003431,11.0669686310362,11.1781374272199,10.0955021705951,11.1970675157385,10.549287270798,11.4697542575147,10.6095586092861,11.8114566547679,11.757705526214,10.1336174675963,10.6887384310882,10.5781409169166,11.3727578890073,10.8662375385562,10.7777687393206,10.9820476673485,11.1473558091259,11.2438350217685,11.4059480348307,9.88468453457709,11.4638978540436,11.3436332714517,10.6018237624057,11.7664681881472,10.7876871729726,12.0129278597143,10.5725479765942,10.5305551215292,10.3554888175847,10.9438303625368,11.8659324081504,10.8804651214719,11.8751407986936,12.0457248147207,10.7497417791191,11.9923338865129,11.4689297430558,10.8414380056905,10.636785208751,11.6762355446781,10.7278994861465,10.9260268074013
"3",11.2783421974175,12.4136585939133,10.4646154601406,11.7427523910412,10.3608074626869,10.5894433415572,12.8604561122412,11.4757464589285,10.772736690768,11.4862680998856,11.3555135309038,12.2492106608302,11.2579326785252,12.5268052575054,11.9474461638252,10.6260417695504,9.94286166142965,10.577689061402,11.4867213550984,12.097527897852,11.3425184254108,11.1969993492309,12.4984326137215,12.5319739921581,11.0453973512015,10.6030825487482,11.1821371450004,10.715210451471,10.9195872643702,10.8968138959861,11.2857210269763,11.817029532708,11.0056777309624,10.3771682214156,11.5769244942074,11.2180950506097,11.0262853511731,11.8115654026266,11.3075591525296,11.8161749351128,10.4065907567438,11.4580352441028,12.0080834333579,12.2334237899691,11.8819122020135,10.7509133133735,12.4396560419945,12.3159294137926,11.8292490042915,12.229660756431,11.1632697561998,10.5222172481117,11.8822250067453,10.9485098625376,11.4802119722835,11.5448073482116,11.4493286618175,11.6072919673298,11.7146094831602,11.0962275804193,11.0290015759404,11.438659580312,11.2520740535756,12.0117976673979,11.0796714411859,12.4637799922207,12.3675963710076,10.3385379894304,11.0832371806799,11.1546509298305,11.8162322612909,11.3269287659449,10.9264788152699,11.3151583369646,11.4511990403758,11.9374111772317,11.7231530784112,10.6094394030136,11.9721446451298,11.58652359126,10.9371216586795,12.46993228335,11.2563658618481,12.4549090026224,11.4275747642567,11.0858868063364,10.7432872890191,11.4654397876285,12.6713856772878,10.9936079664393,12.3020123024472,12.6887367178072,10.7080150508406,13.0448925092179,11.6588454988624,11.2397903428324,10.9606511427693,12.6289421864481,11.4401344418259,11.2408400934182
"4",11.5983154973332,13.2907772106627,11.0139303968059,12.0753339465054,10.8053290741438,10.9341531496584,13.6510409476298,12.2777284373073,11.4673319214153,11.714953256684,11.8696561754476,12.8266367192682,11.9604584006089,13.4325840535404,12.2517218472421,10.9819787473064,10.3050142606882,10.8269017296471,11.9162268066543,12.7913630530188,12.2768881291426,11.878476425111,12.7674185692951,13.289626661411,11.7657211667532,11.295639541633,12.0451710276661,10.9822677025821,11.5221928857888,11.2771226919862,11.9420541314605,12.4418169531788,11.4987161204187,10.7582780498419,12.0056049464287,11.7377054402701,11.5633204113842,12.0689530385003,11.6276763605647,12.4559160991109,10.7478942196918,11.856088929706,12.7350090006441,12.5669824521631,12.1242839999669,11.353362799949,13.1077611499589,12.9309805256176,12.3481635798679,12.986062873332,11.2130629939516,11.1097280752243,12.5375947088524,11.3218383565668,11.8765810705916,11.7736252903358,11.4819998155778,12.3997367636962,12.3821767679442,11.4439004365409,11.443560613503,12.2002738237066,11.445008084517,12.3763490076459,11.5388741578202,12.6232279810687,12.6770781800147,11.1868571700528,11.5508659444477,11.9504473463929,12.3378597864868,12.029089343684,11.7062332196267,11.5797460722427,11.7163019506229,13.1507220781768,12.2364619267683,11.1637353055387,12.3969303353743,12.6610227902319,11.4207438472053,12.6185424809975,11.697679523127,13.6712011434655,12.503054170239,11.3994397467882,11.2385970000356,11.681519091506,12.6790587470818,11.1478271993955,12.8335381332506,13.3154583824554,11.6485654895536,13.6762396304992,12.0916067425702,11.2728700049765,11.5113047917747,12.9756486223279,11.7731796592328,11.4161425706121
"5",12.062793242557,14.1680976298052,11.6608702598211,12.6329417405559,11.5449575347136,11.2881992505305,14.2886294629492,12.6921747433492,11.7473084477177,12.1463681732815,12.8068010380465,13.2558003184062,12.627411715554,14.1875116256615,12.4546635109955,11.1705794918455,10.6963191887698,11.6002203173771,12.2742644057017,13.616043601797,12.9624914244349,12.0532467400802,13.1057148178353,13.9323792643082,12.0156667617216,11.6425318156064,12.6230265297055,11.0823945435572,12.3385826412014,11.7942622814269,12.7389349634615,13.1585889859763,11.9743992250945,10.7756796092991,12.3674167241159,12.0501630999068,12.2709162606672,12.6121452370889,11.8516363884833,13.3391773798702,10.6582901979596,12.4635627284932,13.2345766447207,12.5772531183616,12.7461855832413,11.7405455941103,13.5584187770456,13.4475183966116,13.0410269469758,13.8242670645301,11.6001437010053,11.262705670139,12.9526213397711,11.8328500862855,12.6055607101123,12.154479730774,11.9542039631712,12.9155747502533,13.1767463437712,12.1218962330282,12.0763442346277,12.9122579776789,12.0322144573252,13.08626043446,12.0711659291582,13.3520773858018,13.3968381115693,11.8525210026008,11.9029200034264,12.4293197076835,12.8916347691897,12.3442571163721,12.0928967902457,12.0640337018838,12.08487240129,13.0312295506681,12.7823059561765,11.9486009361179,12.8524679932594,13.446019286965,11.5285661074411,13.2435372786927,12.1522521808327,14.379841231198,12.89586797234,12.2540973059939,11.6183676185588,11.7331090461268,13.0429045803221,11.581287109444,13.1710007664498,13.4072602174773,12.1607381340437,14.236029940364,12.5075733451523,11.9696813517518,12.1237631796063,13.5578398836063,12.1662833826977,12.4180277702301
"6",11.4884281023471,12.0942670062055,11.5437221109321,11.6698639868342,11.4557842527744,11.2045995613394,12.2068599892146,11.7702182929413,11.4532611729555,11.5937689133145,11.8571429884883,12.0915610000567,11.6957613408109,12.1987400804459,11.6604175636656,11.3281842694581,11.1509517135313,11.4346315905485,11.6759426769973,12.0052302186594,11.8210916582789,11.5516189516223,11.9309434575521,12.0763665779265,11.4351384899566,11.4606254792665,11.7879182835789,11.2891765626601,11.7325227465376,11.6275544219437,11.7562678003871,11.8540439925218,11.4896102223837,11.160866028622,11.7623427734559,11.6066947434193,11.6047974103017,11.7363832799088,11.5775992015544,12.0345568256962,11.2384776662901,11.8225909134158,11.8572422025469,11.6832624625689,11.778441548416,11.5257431688752,12.0116827805683,12.0582928631849,11.9211147955791,12.0955784259905,11.4893559798381,11.2758483642161,11.8974348175363,11.4274616279101,11.6970677952028,11.5186740985712,11.5163865719011,11.8326346339519,11.8541682256439,11.6272069284073,11.5637256955439,11.83724785297,11.5444269642375,11.7226853143527,11.6319138789918,11.8896026354026,11.9262889871654,11.5129820272255,11.4275466833183,11.6403179894197,11.9189657020495,11.5648834709594,11.3448268802075,11.5781045037171,11.5415921730189,11.8963678470163,11.7718805794174,11.4521661241959,11.6478833466023,12.0315880114099,11.4077697738452,11.8733282802051,11.5008364700126,12.3056866232861,11.8687254030753,11.5574322379471,11.2687240742998,11.427257009544,11.8519125752379,11.4067739464441,11.8856415438306,11.913249935184,11.4668977426594,12.2199709354496,11.6469967384362,11.4315698407887,11.5117753024507,12.0897884499984,11.5923873264713,11.5324185487957
"7",11.2740241125768,12.7119909861022,11.9224695824173,12.7728472804144,12.5047179090691,11.1418156069225,12.4533616384277,11.7327024472155,12.3098438720577,12.2594940112281,12.4260766821977,12.8149877533967,12.4070890366211,12.6194246636935,11.7655306818655,11.9985751324433,11.316686360838,11.2338307294609,11.9655593755321,12.2657392206946,12.2975951526569,11.9839660851291,12.0844590038931,12.5011800998039,11.625979753016,11.5767727427022,12.2726042045944,11.797202734794,12.2062419559536,12.3342492755787,12.0117702263476,12.1103491238994,12.3696834631919,11.5308493994408,12.6413486395388,11.9322958840292,11.930692305173,12.1206773630505,12.1956665615962,12.23940194896,11.3371627912869,12.0807131455089,12.0259481781815,12.3151389563851,12.3316377625356,11.9100064527567,12.6089180701403,13.1749812321204,12.5342468838728,12.4731575670309,11.7335835781129,11.7937215384129,12.6791416731317,11.7571271569608,11.9568077474932,11.9585606053847,11.7583981634531,12.5579200891517,12.7063342215161,12.1351601412821,12.1690622014292,11.9010960492756,11.6913148536144,11.9957258357879,12.6135416632644,12.4197944766811,12.1631906608264,12.165458911424,11.5605547706163,11.8423673296002,12.5914023819157,12.0865500532319,11.4760006999502,11.9245135883338,11.9066788077446,12.238360750509,12.200230544376,12.5221861840511,11.7654384155056,12.4140699031612,11.8216343630504,12.2199918047986,11.645905576131,12.8619614363968,11.8415721568873,11.9052917769098,11.6081118365943,11.8653656903608,12.1895287694635,11.8071818531666,12.3912776223134,12.089462674937,11.9167334610671,12.9737975263032,11.7364311095231,11.7534043493104,11.8305975594277,12.4657682871825,12.0378651184976,11.3809221404199
"8",11.4915088105892,12.1938652722412,12.0098852720035,12.2845294980024,12.6506849421041,11.5957809351376,12.484382852165,11.8277944069811,12.156431074892,12.1216209783939,12.4562059722663,12.5781425519164,12.4721958301335,12.6390235328092,12.0393681435934,12.0947897480535,11.7481226243857,11.9047337703922,12.2942991061309,12.2928260316728,12.0292280893933,11.9727774717733,12.2477181677313,12.3401708956817,11.7968814768795,12.088687730922,12.0835316269025,12.0826143744012,12.1984887001167,12.4689443584911,12.1480040455269,12.1719069069204,12.2304621566589,11.6388609194127,12.2963727468472,11.9059848597527,11.6997429649482,11.8579938439086,12.3362138997614,12.6641884716836,11.3986406220173,12.0498030352303,11.9386645892149,12.2014900857215,12.2406878481012,12.0608264929881,12.3086271606123,12.5793683654903,12.3603553613674,12.1806952400811,11.9758580981961,11.8951031953281,12.568506700539,11.6122550579369,11.757621887736,12.012006704563,12.096537329082,12.3240059395982,12.5543211860345,12.038954967331,12.2883692108499,12.0813790329202,12.110014691779,12.1715718498187,12.811648016756,12.1850568239627,12.2601504992597,12.4001968374942,11.5840852149224,12.0099278078914,12.3305354739493,11.9245770457548,11.6645987942961,11.9267703536692,12.0806301081539,12.1763979569967,12.4001529070579,12.1753787513075,12.0762256380509,12.293951045063,11.9591517112603,12.053807990789,11.7503800428892,12.5693989247785,11.963895947756,12.0046388123184,11.7315268122512,11.8605471451882,12.0253386989736,11.9719933027043,12.3763221439148,12.1933076915518,12.0570449673747,12.508289511929,11.8510022372329,11.9014384404897,12.1289422250168,12.1483455968845,12.1761683980319,11.474091017539
"9",11.5229106100376,12.8917514449087,12.4015605644148,12.9257235615729,13.2222535275744,11.9255802477437,12.9781338113049,12.1937057083811,12.354545224196,12.2984180724881,12.8812456414292,12.6766889959974,13.2396201211238,12.4694065521676,12.4447834708236,12.7152508805253,11.6398162289151,12.3029261587129,12.9424275199202,12.2992008535477,12.5820498195066,12.4357418686918,12.8394065845457,12.3493705759801,11.9668731246168,13.0122777040956,12.6088041258242,12.3143335434531,12.9988045283763,12.9834215642274,12.1731741866893,11.9920810200527,12.6957191281603,11.9868433028048,12.9933440595043,11.9430747381996,12.1883858377494,12.4149115582114,12.7563153796463,12.7992535322919,12.1525027478748,12.3953648755293,12.4151024077763,12.7454217172498,12.904123168121,12.5670710509943,12.8309401361385,12.9984220498506,12.5006481228722,12.7900731131998,12.7567076502119,12.721121338861,13.0804726215384,12.204719701472,12.4925910603402,12.2909393227598,12.6236876469503,12.9325487922763,12.941479157851,12.6340815333373,12.9366191939956,12.2757030684679,12.0445941996562,12.3810003109411,13.3975991415094,12.3431312242596,12.5714322880494,12.079890475084,11.5994736816877,11.9863376220539,13.0653796539283,12.2332416776472,12.1909512979428,11.8201206471705,11.9313866294963,12.4425985807195,12.8006738515274,12.7280816296954,12.5740416779112,12.6374699927933,12.2417111146339,12.1884756719469,12.3924497044629,12.5193065710502,12.3340340801385,12.1625808419088,12.1402035172298,12.2348173609093,12.7828426626282,12.3934096917549,13.0241147071613,12.4035530415167,12.6692453638055,12.456246854518,12.4670992521552,11.9539275103252,12.3619593371401,12.4151919967025,12.3757116172534,11.3944204416441
"10",12.1865703176268,13.0199138435662,12.9834739606439,13.8472374651696,14.2063381190661,11.301289614355,13.2335630842295,12.7326244964,12.5298215665371,12.4980668002299,13.7161894908643,13.0618670561924,13.517058427386,12.8139679628098,13.2159658382318,12.8707900520323,11.9111014230447,12.7593993387606,13.2590466692071,12.6603067328615,13.3046724198548,12.7020138560041,13.0771857433726,12.5838025975497,12.5533451584064,13.541812119984,13.0990864865526,12.8511085799354,13.5053119607108,13.3791348857542,12.339831560824,12.1714752047151,13.0338348241691,12.5438793261233,13.3603251532607,12.0345326518307,13.1288005862948,12.5715208652391,12.7807464756429,13.105088188659,12.5653301415942,12.6639789576087,12.615998864264,13.0905102487069,13.0928324915493,12.6189381192037,13.0074015334506,13.1988233584662,12.8660565155423,12.4282990949468,12.4445750178028,13.1362750219987,14.0193132530525,12.8638619519061,12.4854402960037,12.405972206257,12.6431533458044,13.3953504280096,13.4708613098106,13.6038464372057,13.2669474288267,12.7086882867321,12.6275503130269,12.7768104421288,13.6816057239775,13.1207676713425,13.2497144231533,12.5759585644428,11.8999172988563,12.1647439769311,13.9019312537566,12.1791330424586,12.5241711840905,12.126123658256,12.5934708051709,13.1507471471477,13.3670183896126,13.2787043373397,13.3184773883436,13.1142160747893,12.691279307514,12.2895371142926,12.8366134692615,12.9570700637136,12.9907016122867,12.6939931659163,12.4574492101992,12.3980779662624,13.2351670028535,12.7932794982081,13.2166071446418,12.4281013838485,13.1457883356918,12.883538077648,12.6561022962068,12.1420654506287,12.4892443334852,13.0145164571076,12.3860157520164,11.7270436778154
"11",12.1724871545018,13.2660712374215,13.274328469359,13.864754927704,14.6230888003418,11.8568442166503,13.5727940438974,12.8640949281893,12.9205459688688,12.7833500928294,14.6605161910415,13.1151443048499,13.6198031943004,12.8829378399679,13.3206413392986,13.5250428519832,11.8937385876932,13.4257876195724,13.7270365392274,12.8599119376252,13.8413389409376,13.4218731392942,13.7305162137603,12.5970593386957,12.7606464841219,14.2383093020279,13.4377815046105,13.5796096539719,14.2646906515571,13.7235804865176,12.7283627097997,12.1408652422615,13.3166529641923,12.7447034138298,13.8297387676881,12.431279256133,14.165999622051,13.152666334502,12.8431830462397,13.708495290566,12.7810618320551,13.2533751391277,13.0215182937927,13.8063406083847,13.3744177368321,12.8263486740007,13.4529071604041,13.314956246409,13.1476534733376,12.5216473789738,13.0815444172723,13.7790686523829,14.2935316522831,13.8730655636692,12.7633057826404,13.0305855688566,12.8800065342097,14.1074196271803,14.0942846058598,13.9742309764932,14.0877383927086,13.5373840573485,13.1570481751062,13.6162261490939,14.0278748361601,13.3374430584657,13.8485035099901,12.995672169951,11.7299627422685,11.8715072843968,14.621581185584,12.6563672933588,13.0310593321416,12.4173695835133,13.1823401450457,13.0270353358514,13.6652027399543,13.5961804522021,13.7776657593403,13.6441430731273,12.7509401271149,12.4222649893084,13.3719491398961,12.9976933841273,13.4124764433805,12.9213386935376,12.4038771193325,12.5756913161073,13.546237961339,13.4627763846215,13.3448818951418,12.2167101469402,13.3824409107537,13.3450413980409,12.7012446911114,12.539932452554,12.9676860139582,13.5659499106207,12.714972166392,12.6337742947042
"12",12.4657867067832,13.4381029917097,13.4895501732392,13.8936702697989,15.099534884775,12.0511983919955,13.933074252396,13.2097796955958,13.3186517511046,12.9122329615425,15.403997543057,13.805282114806,13.8463283015708,13.507668279639,13.3397133128201,14.0485367046168,12.3745868307458,13.8395287428762,14.7205590822757,13.0846889070304,14.3934931477045,13.7609813650935,14.1288778555972,12.5196822181011,13.5522467240514,14.7696587344951,13.587682100208,14.233203100315,14.6615442686615,14.1329553588523,12.5198966545526,12.0075114475188,13.2556906998543,13.4247458313553,14.4153355014097,13.1925559094926,14.8702547879412,13.3919459391953,13.1026118517784,13.9686660623854,12.6121842598571,13.7545849152989,13.1449498963773,14.2287395735473,13.7074366948527,13.3126703029424,13.6078401802624,13.8074452614182,13.8051534557643,12.7706159389314,13.4634433421917,14.1752334179394,14.5682491142704,14.4240151330436,12.7001553321722,13.5165304780071,12.8790085887995,14.6568984266396,14.8873116400607,14.357846908537,14.4056559137668,13.6883830868647,12.9823478592438,13.8895319360936,14.4277911833177,13.6613472050131,14.4818075014718,13.3223393292759,11.4482268475345,11.8375968355357,14.9536115584132,13.2271378218803,12.6516537762559,13.2680630810597,13.2752336948112,13.6416988910993,14.2173861286737,14.6852288339722,14.7932880642355,13.8570246668421,12.8261490719784,12.416215592683,13.4396854890119,13.6795968207071,13.6787530788845,13.3390639836499,12.7393050220417,13.0652806575403,14.2188183489666,14.0621643530187,14.231239517787,12.291706306274,13.8562323965666,13.3569530191703,13.1128903042516,12.9373499718442,13.2059316793311,13.8555201120291,13.1794780990745,12.96600306708
"13",12.8474815768048,13.6949597166389,14.1046113162136,14.5614652093473,15.6627218182906,11.8494728112313,14.5845947633877,14.0818319171443,13.3807477119838,13.1979589527358,15.7622954803165,14.3215765348288,14.4395840799208,13.6705073256707,13.4991435071769,14.2163241105797,12.8959637619847,14.3450884091087,15.5553823860281,13.4493944970872,14.7067299623318,14.1330335006113,14.4828656226178,12.2831336980541,13.7641897950026,14.9940138944139,13.8701087840865,14.5295628207887,15.2426779530123,14.7762901564291,12.6342207994122,12.4670339925187,13.4559068095277,13.9518950004881,14.6330675309163,13.6034742327506,15.1831435066535,13.839430870434,13.7946305098604,14.5392421482617,12.975680985851,14.1805061860344,13.1185843188998,14.6965917439389,13.9267087546016,13.625599288775,14.0489491636696,13.6022231538119,14.264881338097,13.0191378414665,13.7777420476728,14.6869485758132,15.6444094690735,15.2094174303635,13.3436778571946,14.237532113074,12.7809008034114,15.3169018147,15.1589369568566,14.4353401826326,14.4846276834083,13.6270623807868,13.2255763232192,14.5167636294065,14.7720305778624,14.2515165282209,14.3694436359564,13.4696123895589,11.5583635508006,11.9946908011196,15.2202667106301,13.4759984248264,12.5560382102158,13.6342322886425,13.6812236870443,13.7069207542301,14.7712808687327,15.2808330335438,15.2718150875918,14.0332073710708,13.0343711390493,12.4539841490793,13.7983398974439,14.0956237533536,13.9230444330378,14.134303560236,13.5931024787778,13.4530887590576,14.3938207362107,14.5967959159539,15.0338831547529,12.1706115063643,14.6643604060136,13.3866644716505,13.4306498328431,13.6498380426084,13.4102974604556,14.5022129731804,13.329541946435,12.7598405118815
"14",13.1638183473338,13.7890362751902,14.5942456950437,14.9336545470975,16.6361764409421,11.9137655912832,15.1350956748845,14.6720285481126,14.0242467527066,13.4844381730641,16.2702739379665,14.6978939844232,14.6442672599456,14.1372112105987,13.29422663935,14.3161006316434,13.2211244731331,14.3484761293384,15.6680574967918,13.5404347860536,15.7082010700069,14.4553902040339,14.4722400609117,12.820802143608,14.3885938272628,15.2218446226669,14.4913568428521,15.1142632120309,15.646424377291,15.2763154410557,13.3270392231221,12.9469911426592,13.6895788473775,14.1095480776805,14.9241114785479,13.9147207112738,15.8907259904161,13.7850562970621,13.679877864872,14.9042398076117,13.4025865926437,14.5660259105269,13.4839772720992,15.1485607900006,13.8600327318566,14.1307056937723,14.496603825355,14.0351703822703,14.430852554611,13.4548714997317,14.0667311117298,14.645829821905,16.0392360998825,16.0129446610075,13.2793706358725,14.0292983012128,12.9640110710836,15.9402521621682,15.9546956328175,14.7956106089918,14.7744567792085,13.9860328604659,14.1942078828401,15.0457307910521,15.366893513371,14.6380826272543,14.6326629130132,13.6551124500697,11.5323260337004,12.0979458231137,15.3813072708457,14.0505738507347,12.451516652501,13.9679219058102,13.9640309416094,13.8025359628188,15.5352924313074,15.7088801252564,16.0449374140996,14.3663217784798,12.9351688237289,12.2536915916819,14.5834030260745,14.5489560980961,14.1829202982854,14.7757429203128,13.6719085444444,13.8247122593804,14.6152810274707,14.8484775590693,15.5828558652554,12.3013475858916,14.9400703529161,14.1297817424392,14.071996810284,14.1997649897538,13.7319967926244,15.2600921259851,13.5203993139085,13.3973185237047
"15",12.5387510685457,12.735213430736,12.879309408064,12.9143988372735,13.3018031135161,12.151425547209,13.0156052225954,12.8787041529143,12.7869876646408,12.5882518698001,13.2857370966598,12.9185349119587,12.7855642954777,12.6432668990187,12.5689286681187,12.6718243209619,12.5810016300426,12.8215735404423,13.1030452654566,12.6093287793713,13.0958214738186,12.8956697905784,12.7500566146167,12.5123609326364,12.713415834025,13.0176595318659,12.8437632141093,12.9197639450879,13.0376380422951,13.0652004650045,12.5390589787917,12.5317767504317,12.6557173709243,12.6416187496933,12.9244432961785,12.7501259554257,13.1338879236783,12.7215908926325,12.5884222206067,12.9156957894699,12.5710521537169,12.8304799264469,12.5667168651158,13.0079981172521,12.6353623154594,12.7148416718752,12.7728232840921,12.6844403295322,12.7315084333812,12.6091266050563,12.6246798355416,12.8270881933913,13.0996281663653,13.185300919498,12.5465555782189,12.6710652497191,12.4855698591383,13.0762735113705,13.2599774474984,12.96571161346,12.9708217830641,12.7653906159353,12.7013960867717,12.8772240714255,12.9810461423731,12.8566216438294,12.9328995489589,12.7425363487491,12.1371789102927,12.2430031998258,13.0629723094565,12.7114555642242,12.279651398886,12.6199685361478,12.7039977077801,12.4936325795611,13.1038190226702,13.0615395240263,13.1200639756576,12.8528397935777,12.4474091082877,12.3000256492129,12.8434564111366,12.782435279134,12.8115151512013,12.863699624237,12.6902539590941,12.6815280320341,12.7681249168779,12.8436395515465,13.0249936023145,12.404963700036,12.9941032351024,12.7708819686918,12.6430460052211,12.7640494791306,12.6730125019704,12.8955125800423,12.5267994256365,12.5198652574503
"16",12.996110668561,12.7656752579782,13.2065459464087,13.2165179319663,13.8418143933137,12.4850506753624,13.1496486889675,12.5246797372678,12.9718454760147,12.855988591067,13.5627704218516,13.4190060974713,13.1635391188862,13.0741147266652,12.9491267320402,12.8243986450763,12.995196513397,13.13506687379,13.2417706625249,12.78828431578,13.2517926408565,13.2434740626769,12.8450560489767,12.6849459701278,12.8904156942763,13.4634530384813,12.8792479469936,13.2377916991368,13.1775887768953,13.1241407102884,13.0207084787704,12.8747754591478,13.240334463948,12.6312074402377,13.2252972270005,12.8968001378192,13.3436069561954,12.7421488999878,12.9654009595678,13.1445238908182,13.2376898753521,13.3981731778901,12.9490432537387,12.810880099845,12.7393393739877,12.7338962196909,12.9427846912785,12.996138293451,13.0890733641216,12.8254427248249,13.0379847187609,13.0645460180168,13.5133151695614,13.2709798312361,12.9923344473409,13.411640454631,12.5353657693947,13.251619945977,13.2235368627452,13.0418851854726,13.1689421922309,13.3185807711521,13.1960052598031,12.8955459919462,13.3239118033043,13.1032637914957,13.1932202289721,13.0847380988762,11.8057317745299,11.82570943327,13.4147173031442,12.9731834266214,12.1327690583212,12.583223233571,13.335960199083,12.1381354640703,13.0287289884497,13.2036636071554,13.5555028570538,13.4327857474666,12.8603326097791,12.2129778560284,13.2673158597428,13.1124341489982,13.1861769763808,12.593833921448,12.8093565025567,13.2084146798543,13.0027110531115,12.8135541525077,13.275713719063,12.3442997774031,13.1810483158376,12.6724023878874,12.5497767170095,12.8798985861159,12.9934672924755,12.5179174655817,12.4040055440012,12.2729322656451
"17",12.6910342570523,12.53406528642,12.9028099977471,12.8042051679695,13.6454947387029,12.2326987438632,12.9638871294371,12.2349049375881,12.6257915255084,12.6297366051699,13.0843687387861,13.1703878799804,12.651048574669,12.7646700810995,12.7227910713139,12.5629301881118,12.7162091752702,12.7912960100394,13.1403618453236,12.4328269660162,12.8561046821213,13.1085063743355,12.4504066660731,12.3319336873958,12.4657811495568,13.2922413954034,12.5457076901677,13.0226412041395,12.8198385311722,12.9064855936128,12.7540081537902,12.667218653337,12.9726320646132,12.5095156592368,13.0540205235916,12.3294714332093,13.2652042907375,12.4987156134567,12.7910295607396,12.9435962969633,12.9457907862479,13.0182314979471,12.6754784593531,12.2988345632604,12.597830514002,12.4747731932087,12.7118042949853,12.7023232235801,12.8768323764706,12.4028434082723,12.7739179366896,12.8142503256035,13.1509376897365,12.9979866711655,12.7783540847961,13.1469753477376,12.0510929185448,12.9456444695446,12.8379431620345,12.7275347462297,13.0085142289375,12.9903102724677,13.0368306650971,12.601744527474,13.0258542073706,12.8615618897762,12.9686357,12.6737708740225,11.6588890749745,11.6604687053766,13.0540512801985,12.8613362046462,11.7673337036617,12.0799386468816,13.2911046527774,11.9065538894247,12.6027407853304,12.9446087221365,13.1617669936717,13.1722552679209,12.6112400029637,11.8876150471849,12.9348768223969,12.848949517904,13.0025191874048,12.2790427477118,12.541128429166,13.041052601275,12.6360154148523,12.6563910677126,13.0930272656503,12.0910289675757,12.6260038172086,12.4885365919679,12.17223320895,12.6458605855493,12.7575341914511,12.2460649566301,12.2269997893026,11.8717477208757
"18",12.4562925288333,12.3804424554742,12.5406145892855,12.4249004613016,13.4060242334206,11.87356649125,12.4018561669326,11.9716925044279,12.401811273209,12.5174737771891,12.757298692509,12.9643821721475,12.3671773374107,12.4137901555473,12.5883642075205,12.3699714512549,12.508370805715,12.5935505795694,12.7120699581227,12.1970404369133,12.6492857392633,12.7150684274832,12.09292704124,12.0728495796901,12.2907106189868,13.0342443284161,12.2022395331163,12.6628834169044,12.7041323957037,12.5989632830619,12.3417500591866,12.3250590521401,12.8019240579861,12.219950024708,12.8787065743886,12.123948047875,13.0102639166917,12.3205336379907,12.4476920280137,12.8224713695961,12.4730122686827,12.7375554776173,12.3725990212132,11.8421228664921,12.4143161936569,12.1095542072761,12.4609403099157,12.3540353183101,12.4927152955926,12.0017921349639,12.4916561565667,12.5181771261798,12.8212008373916,12.6185570908796,12.3430485365429,13.0655902352179,12.0454157113253,12.6945789174706,12.4537104927555,12.5250429254514,12.7705845028028,12.762363661049,12.7763712972159,12.2844723072809,12.6339300048175,12.7673745032173,12.6220692309226,12.5117222702086,11.4658981465061,11.4075716417579,12.8371857126758,12.4920474993818,11.3788322206076,11.884766410886,12.973994839267,11.6045987825372,12.4046458220897,12.7271027110148,12.8888341913637,12.8569282566071,12.4481586089603,11.5557059795022,12.7130380113804,12.6938790524368,12.8127991010742,12.0691172684384,12.3392416066693,12.8294832081373,12.6509630422018,12.6039642693827,12.9418313291313,11.771602203959,12.4441647367598,12.1236053619861,11.9823238775909,12.5691612045378,12.5123336660081,12.0857445240898,11.952796938944,11.6175699827474
"19",12.0973748261229,12.0472373413824,12.4078052669336,12.2911388648924,13.3881017000796,11.6242318371738,12.1213378287239,11.8897805906071,12.0804740708192,12.2694554239239,12.5645747335917,12.7690428822869,12.2397941592847,12.1131624872418,12.3310837814635,12.1649890628902,12.2530324601866,12.2363700512397,12.5319616324979,12.009568177904,12.3105858994542,12.6079158816494,11.7597093946048,11.7194451478973,12.0310069361963,12.9256274440447,11.9472396612588,12.2788043617783,12.5027197566538,12.3991330020486,11.9915146900533,11.7668010451577,12.5143805429003,11.7720124385313,12.6980025575656,11.7057754810671,12.8490854592633,12.1301264287878,12.1621515105501,12.5167615229231,12.3635267042871,12.4434714256612,12.0391783677805,11.4708012281106,12.091539037139,11.9111253938868,12.0873739436605,12.1668367463048,12.0836975589716,11.7916228354425,12.2463187889548,12.3031653226798,12.4880946553354,12.3414868670946,12.0568472564891,12.8362737710688,11.6380095635725,12.6255329004772,12.2210503782645,12.1766333307273,12.5048481164788,12.6437785429304,12.4482371373683,12.321881528059,12.2990842368534,12.6542341967997,12.5625863474072,12.0985138794717,11.1696484953237,11.0351850795922,12.7264735505656,12.3741893049386,11.2674618980283,11.6834375159514,12.6777321441608,11.2005892169117,12.2989912967431,12.4650871732486,12.5150560522339,12.5348634521643,12.1673020252846,11.3810652560895,12.194785849747,12.2666875529953,12.7234790894164,11.750947120665,12.1012441512861,12.4999614949041,12.3662255683339,12.1916442336831,12.6565835658023,11.3299306077779,12.2173756570008,11.9079271402639,11.6421047457881,12.3740333107828,12.2169957029983,11.7875971762334,11.6079687420234,11.426505213629
"20",12.4103635424547,11.7186871858876,12.9514016779705,12.4601741699197,13.8141102343426,11.929011675643,11.7568883162298,12.1014024534034,12.3155723581877,12.2100906388981,13.2533644661618,13.5918494309301,12.2651812441198,12.0831847991184,12.699847284229,12.1407508580242,12.3424350284909,12.3657074630754,13.1840285572036,12.1154124841826,11.723155419558,13.2261276472003,11.64815832012,11.6069611350897,11.9626547532533,13.6013050020806,11.9998455140496,12.3637964064372,12.4428973580009,12.2519989116723,12.0489586654899,11.9253288107534,13.247827786282,11.7879978436783,12.6899317352814,11.6049510468991,13.2373698534573,12.5494320481051,12.7001340979475,12.4168192190773,12.5870293661542,12.6560310629387,11.9326468254442,11.0676285602293,11.8648826616471,12.5493687021406,12.1278905095379,12.5060276760745,12.118361864158,11.7806964231097,12.6282215850836,12.3597601940738,12.6954052821139,12.7607655158955,11.7577990300335,13.436054865963,11.7082112079126,12.7269970055845,12.6460403904783,12.6054359605707,13.2758695876985,12.8091518422945,12.9722773236748,12.3144502440051,13.0741663821433,12.8179963139761,12.7913646702415,12.3152166693985,11.7155699384407,11.1136497343209,12.9532642148668,12.3277232257639,11.6701500943773,11.5222302515885,13.0861582503834,11.0855106436155,12.8884163022602,12.9713359383024,12.6471952087301,12.9590491388152,12.0205564865822,11.5287689572076,12.1492010973074,12.233670265198,12.8169105137469,11.8671329100363,12.4773506417577,12.6103245942552,12.290435583443,11.8250213083427,12.6365998733001,11.728426156466,12.5968946385491,11.8381326508196,11.6049796371462,12.3995721527645,12.382023701534,12.5264782746757,12.1905283143239,11.2602079077469
"21",12.9661551264858,11.5312615225186,12.8683948986066,12.5709571183339,13.9711621612472,12.1732959893747,11.8725952224207,12.501602724953,12.4470948184549,12.3738637736074,13.2482445161503,13.50352386273,12.372753287209,11.7423098335761,12.6301053606089,12.1818063562878,12.6436429287649,12.5692756619241,13.072006578864,12.3436026927697,11.5456955508868,13.6283594265461,11.6011553348386,12.0263993543252,12.1404292662726,13.4276727764203,12.4076263391022,13.0739494784014,12.8825926220007,12.396215999397,12.2959546482537,12.2937517704016,13.3889612472838,12.1755475055584,12.6627621124521,11.7030676781562,13.8177265511582,12.2850531141134,13.3812409577714,12.5770767685096,12.4457371733008,13.4967758087778,11.7425954970311,11.301846456524,11.7238674232779,13.3237476288515,12.1169945364022,12.6352776952298,11.9406092607053,12.2193612855469,12.9584213309556,12.7123326481409,12.9011450564059,12.5038210251846,12.038880058142,14.0001022870467,12.0988001259894,13.2047473819673,13.1418171645875,12.8281035348567,13.5598730987142,12.9704186404109,13.4163437160825,12.3497953360234,13.1994863227016,12.6402020254768,13.0427787666422,12.5564274089794,12.1096905235772,11.286255359511,13.0502656221436,12.2863253024263,11.5133711567186,11.4822001338848,13.0399045555922,11.2068479420162,13.4228608148883,13.6204356744015,12.2827961234318,13.7559423142318,12.4473512230052,11.8358570346271,12.2174824990038,12.5504073099612,12.6007136073364,11.9390951271216,12.9234978786234,13.0103468951255,12.1503861854022,12.1015121645928,12.5262865648655,11.6527951509776,12.6846246879831,12.0213159150321,11.623808806968,12.4458638474325,12.2889253005608,12.6427963512212,12.442828730874,11.0199217243046
"22",12.0065792177479,11.4852443946137,12.2953010839106,11.9598563008536,12.4391597362871,11.8428459178059,11.6864305434346,12.0171885462892,12.0573895760159,11.9575393728491,12.1686076159295,12.4119429489134,11.8970266219438,11.8436075890429,11.9085604657342,11.8677439097994,11.9206010070624,11.8364439162346,12.2727001373753,11.8238501622007,11.5768664892214,12.3301057866279,11.3884607429535,11.7080335585834,11.8119905410846,12.2083405854031,11.9053016839683,11.9354232546658,12.2488963264319,11.7991711189102,11.7803116984881,11.7228884408016,12.175403416304,11.8100123964799,12.0644299554551,11.6387670686223,12.4678777442887,11.905158296876,12.277532464811,11.9529435723541,11.8877063796613,12.4322036957971,11.6023733731104,11.492059508519,11.3645574443211,12.279977873101,11.6923086022907,11.8755463454647,11.7005180211115,11.7651605889715,12.030221928797,12.1419978986108,12.1693504977723,12.0990773736216,11.8488948164855,12.6332987066726,11.5918122317654,12.1154280584397,12.2836643893478,12.1383797646227,12.2736013167171,12.1467516173894,12.4754049881891,11.883453772961,12.2165489809893,11.9953511395606,12.0692438587345,11.8925292746411,11.7049489777876,11.4461338414497,12.3139388707003,11.6851175594872,11.6372709788744,11.6049655327841,12.2657238704737,11.56260556019,12.1625315897453,12.5599586684905,11.76593487874,12.3560859269886,11.9298573003638,11.7622066619898,11.7254000905824,12.0059572961203,12.0663476873921,11.8345450912233,12.0668700565763,12.0901039580276,11.7977992329719,11.8341184468165,12.1036262073288,11.786897552146,12.0435843469356,11.6862423819817,11.6375265914437,11.8113112386836,12.0227066656626,11.9677769690892,11.840412024852,11.4360555617338
"23",11.7464679741371,11.8197412482114,12.2622562242163,12.5953207866997,12.7387343555741,11.7876273303115,11.764908683743,12.2097573647542,12.1753740749561,12.2783807155916,12.8896961553116,12.2983998726381,12.3828917563601,11.7082041908561,12.136073393476,12.2983019036971,12.1317327503913,11.011961003912,12.5569153554273,12.0854194043142,11.7972981466777,12.4971108418943,11.7697948027734,11.7151054501615,12.0170177478987,12.5678110669243,11.8275748180948,11.4970061226141,12.0094675251046,12.0424869531427,11.9836480501551,11.6929939782398,12.5937980620349,12.0605143513624,12.6081524287345,11.6833544841418,12.7322418500692,12.4200371447152,12.3082924815424,12.5897171551885,12.1155638294275,12.526255054242,11.0010313346482,11.4040001059329,11.1042669060299,12.7824711765152,12.2406017921138,11.9108005837851,11.4030983441011,12.0716308711581,12.2990721438355,12.6692422205666,12.2309759227971,11.9359425499754,12.3241178820116,12.9409559894969,11.758655467653,12.0441848413062,12.5124256050124,12.4976362701963,12.7115481316994,12.0305818094334,12.5953652837489,11.5057887919462,12.3860658153882,12.4401882238808,12.2317857469068,11.8081036541798,11.483683094415,11.6293696725441,12.110718315325,12.1599719584065,11.7777850418829,11.7992102889573,12.5850934126672,12.3330493456776,12.2743085151561,12.3253800988207,12.0770081365106,12.6188327384417,12.0050324977088,11.9170368148838,11.8184900233253,11.917227080568,11.7829501656323,11.832125887407,12.8036442807147,12.3176406287651,11.7053602824801,12.2046713405665,12.2224541772519,12.3249853390512,12.6397585475505,11.6842416141679,11.8042939916646,12.2842581472165,12.3064433744807,12.111895966918,11.9637324254201,11.6811619373196
"24",11.5167581504492,11.4906042323517,11.8452825277835,12.3585427336527,12.2841056588572,11.3675571769784,11.3983510164049,11.8660125543761,11.7637867627534,11.9665470919465,12.5573253780507,11.9503075653152,12.0457930275746,11.3079512296554,11.9311617874682,12.0682230741541,12.0648440044759,10.6624372487422,12.4830517188144,11.7245917630305,11.4242533268351,12.3224078524353,11.4574486037275,11.6036551539175,11.5994025676124,12.2841182895295,11.6415036120339,11.2158513584424,11.5903142246874,11.5492350459938,11.5230508977516,11.2334969565569,12.3264200679739,11.8777195832057,12.4604931498316,11.3950347905057,12.3887146403804,12.1126825746413,11.9384967524583,12.3958841504818,11.8907924707694,12.1506045445107,10.6418240110376,11.0273061072356,10.7325344546994,12.45779676722,11.7846225471942,11.5732203616322,11.0982395955627,11.7746115477517,12.0335354572416,12.3257684384105,11.883054729123,11.6412775405148,12.0747872863069,12.4264674795697,11.4447767019372,11.735830939583,12.3062951271097,12.0894815011242,12.209120795233,11.7859397888694,12.5857205644663,11.0291258817668,12.1930617371596,12.1555883738999,11.9165046582494,11.5288823963094,11.3363127126316,11.6156154709889,11.7355843032071,11.8830441593561,11.5682495914417,11.5596591089197,12.4528423951924,12.0213845188338,11.9182357405438,11.9668624559822,11.5734517815832,12.3331261722484,11.6071038579723,11.8388339650543,11.471577640963,11.696531149789,11.4108442078953,11.7373348623759,12.3965782835208,12.0864602891801,11.5051909083573,11.7835706480225,11.770871075962,12.0398226871515,12.2121553433576,11.3346710863782,11.4543982149685,11.9100863779563,12.0191363162149,11.9498246727621,11.7390331272237,11.3778571451213
"25",11.1480901145912,11.2144783175221,11.4749314824615,11.8167564750444,12.0800004398766,11.0385873397144,11.1225313181024,11.6733436769994,11.3599206948602,11.8704337747928,12.3584333937475,11.6486380708613,11.6860047309502,10.9021894326258,11.8749620740349,12.0219350151538,11.8118549001234,10.3723762537256,12.0460555955463,11.2916743869858,11.2062262564983,12.0525703755813,11.1422312002592,11.4701481587771,11.195501897987,11.942021703281,11.4193314975104,11.0056279376098,11.249486654368,11.1218868729303,11.0247829578498,10.7907804434958,11.9468049312878,11.6579418506625,12.1563869599233,11.2055653835847,11.9965469780128,11.651688897264,11.7297886761629,11.9853198986132,11.578971172709,11.8135233273485,10.2324575008025,10.8660989297737,10.2566979582579,12.1903155945769,11.5974759247975,11.010091678518,10.9589157070908,11.3935130656111,11.6920471177666,11.98440042248,11.6450484187052,11.2405766861914,11.8589225634399,12.195478952389,11.2162251911793,11.4471468834139,12.0982358086779,11.8910883264,11.954635165844,11.6509308418313,12.2077849800195,10.6970811052077,11.8344483320543,11.875983543901,11.6376536841265,11.3679361407032,11.1215178220984,11.3891380633052,11.4980803702226,11.5343276536434,11.2235015611605,11.2177341612561,12.1002619179763,11.6077521024111,11.3095318624201,11.4818703519092,11.1744853819457,11.9209155880969,11.3795751047783,11.5662298856479,11.1653683176777,11.6065657616551,11.2507477410086,11.4314848858089,11.9311026857226,11.747411374115,11.1747086977913,11.5383973127198,11.5966958037815,11.9196996340344,11.8487525176473,11.0799939504677,11.0414650606894,11.5339131091941,11.6156171754067,11.598674890109,11.3821436970571,11.0193878869963
"26",10.8671632454939,10.9683856960334,11.3257903219421,11.4698591308517,11.7393815975397,10.8908367427318,10.807055839262,11.6282149610915,11.0832693918175,11.7222491564502,12.1189626254503,11.1695440190721,11.5712073660612,10.4415964420919,11.6056071414857,11.6396419699784,11.4568995303963,10.1015812778075,11.7909866487743,10.8745764437489,11.0502797603416,11.7950409340971,10.9798979859276,10.932500839295,11.0380543938356,11.7921427815257,11.0304379737159,10.7114076924969,11.0118835905949,10.787894045219,10.7567749525871,10.4477249243412,11.7984821769482,11.5428881492663,11.7610728904451,10.9241831478675,11.6923440533293,11.4378249868886,11.3978382921994,11.5575668616126,11.3565522775917,11.7412844293279,9.8810990885835,10.6931250362207,9.94444360312937,11.7622003562704,11.3163807117371,10.8124686534003,10.7148330618188,11.037622650437,11.3044377747889,11.7492459572208,11.5384677931352,10.8533747540458,11.509968574907,11.8547267595668,10.9822983144616,11.0004906825075,11.9072293997667,11.5660070559029,11.6281941178518,11.4098297339761,11.9640991373727,10.2372235211695,11.5187604955486,11.6514478454611,11.4176874114035,11.2669871808745,10.8979330642113,11.050401159684,10.9854356915378,11.2130895457236,10.9586724111532,11.0228974367447,11.8887506259684,11.3478126680585,10.8917654541005,10.9882956584542,10.8950406154951,11.4984046443605,11.1231263138731,11.2532882346299,11.1316091377409,11.3522743126672,10.95230421479,11.199070348536,11.6352755396804,11.5508707568975,10.8109436933385,11.2656122535391,11.4250271660697,11.656917140034,11.7818449351027,10.8088351550831,10.806560018115,11.3582092752489,11.5921098627705,11.3190395459652,11.1158780675331,10.5807334780747
"27",10.7871080808184,10.9902812241949,11.0690444877173,11.1748119615505,11.3561120274738,10.8382337027433,10.7588981978805,11.2498746955119,10.9860586613031,11.311329293029,11.6187412422622,11.0136169564195,11.2538684926768,10.6480798352438,11.3286625375051,11.388719410626,11.2000509370475,10.3672587597429,11.4210402873705,10.817788568431,10.9254461472749,11.3467631987983,10.9035858240262,10.9046554449508,10.8296513775635,11.313123923773,10.8833048705948,10.6624893941259,10.9553162347676,10.7629812621718,10.811752704111,10.5404669674825,11.4454804569007,11.2117393520374,11.4517119737019,10.9072173013451,11.3968689542002,11.1592213913133,11.1172891548654,11.1366974452011,11.0487318943831,11.3740342070729,10.2163869755821,10.6512496436246,10.3057963775348,11.3544021683503,11.0897647562531,10.7793772096512,10.8133447067303,10.8581085243669,11.191862113935,11.3147831508617,11.0749017865555,10.8717386679954,11.2682441253314,11.3616679199277,10.974236523037,10.838042967389,11.3330840711081,11.2692928251195,11.2032732129205,11.2249689927558,11.4968354695496,10.4560679313197,11.2169172047457,11.4910697494501,11.1478695719274,11.1519237215089,10.9040141055132,10.9477940208146,10.9815489034482,11.1893953353396,10.8656012208065,10.9889338443018,11.5862443989107,11.2379010308799,10.8604616507563,10.9106017716576,10.8704584269891,11.2024104899381,10.9122432365287,11.0472575128425,11.0014189867145,11.1415550668742,10.81721335894,11.0499965171526,11.4701125653969,11.2803422771193,10.70850442125,11.0444453123076,11.1155291089081,11.3215367261335,11.3211943887218,10.7438536126692,10.7684255699513,11.1506857126904,11.2707721281048,11.1037594855198,11.0330375875775,10.5308929213585
"28",10.4950613380512,10.705885049054,10.6882425800795,11.0615759516408,11.2345555760559,10.6991424677342,10.3205979514947,10.9017748393532,10.6339865371756,10.8875453322345,11.3925681099436,10.7521673830109,10.9238277536648,10.4613186488101,11.0930459992105,11.1589579769361,10.8977372489016,10.1757234522744,11.1086940191462,10.5687076671877,10.5445015799912,11.1291993081369,10.6406163392627,10.5232980046615,10.545916123588,11.0807221371511,10.5943787512732,10.1865933875312,10.561870145887,10.4863620736384,10.6129965504228,10.2140786697733,11.1974865758689,10.8811737001372,11.2816477684282,10.5734476000827,10.9967306389934,10.9400347704767,10.892279721444,10.832794493825,10.8327813104922,11.2309330609549,9.79883550853917,10.3935665542945,10.2831346453189,11.0570845817666,10.9016524858349,10.1504521886914,10.4796322364421,10.585609668248,10.7914124073243,10.9102460309199,10.8028810833923,10.7881295489671,11.1289289071885,10.9152475234993,10.6131457619381,10.714681094716,10.7888341501048,10.8510945092477,10.7825100458851,10.9961374149391,11.3915972256667,10.0613466634888,10.9645660042439,11.2493716981102,10.8063830055095,10.8592829545168,10.660380779678,10.5381357771975,10.5044282354816,10.8537981949919,10.6785135365397,10.7886637499527,11.2765962069298,11.2265912012753,10.6877994958769,10.586036716861,10.6808345407793,10.7775753097431,10.5793900628311,10.6424055159591,10.613606829216,10.6643456836757,10.5906793838238,10.8068868213128,11.3450586198879,11.1508326662971,10.2241257863078,10.6293330146056,10.963507383962,11.0405005741299,11.0153612467297,10.5354229849853,10.5115361409498,10.7956451193304,11.1003760730893,10.8198479757931,10.7536376734663,10.3959452483514
"29",10.4613383342751,10.4250041822773,10.476785897019,10.7769201031328,10.9562938936118,10.6096390130442,10.3232153461358,10.5497911392098,10.3724464748332,10.6208862767431,11.0588989540036,10.5402550840701,10.7004293799245,10.4531769761801,10.7392827750223,10.7633844644373,10.745068797738,9.98762236568387,10.7753651843804,10.4881547684553,10.444010100678,10.9259682038768,10.3600210976388,10.2302783680034,10.5002742589477,10.8869071398074,10.3813731539368,10.0913253212011,10.3760982945637,10.3675497232211,10.4027471459577,9.93980562684452,10.9786172835221,10.6949157376797,10.7743615607242,10.216357690255,10.6651461442391,10.6748548795535,10.6614926899435,10.4429281585282,10.6102684893422,10.7543663456449,9.88702732137391,10.3545253229796,10.349141328105,10.773893810031,10.5918602878903,9.88824909517752,10.3147871705977,10.2063518802136,10.5314861421957,10.7564266079623,10.6873419193984,10.5895379628359,10.9194549973153,10.4591306209611,10.4711752027272,10.5406688753704,10.5126136473805,10.5838018043044,10.5233091585862,10.7793949328492,10.934425700313,10.0477628526971,10.568107545719,10.9078779735819,10.5215358614036,10.6532402471566,10.473464408158,10.3628448109895,10.3711844688329,10.7171047243686,10.4972372773226,10.6098930350913,10.9963031693612,10.8256968555673,10.5520025739201,10.47470412233,10.5229971027299,10.7118616482142,10.3315618817319,10.7128122027539,10.4407519991397,10.4681893335402,10.280350368435,10.6790352139483,10.9495951505255,10.8249563116165,10.3035923869385,10.3763182009976,10.6811611741048,10.636505726217,10.6001601167597,10.2885331875374,10.2506569183242,10.5635441852566,10.7371069072943,10.771483954482,10.5843622050779,10.3541927221288
"30",10.1617635642561,10.0292768291502,10.0814044062947,10.4279464199482,10.6675532606982,10.3122167140437,9.93276580845858,10.2218393889348,10.0682251109255,10.1936209243888,10.9038922270604,10.2377894403987,10.4312921677034,10.0308142514829,10.6225635115505,10.552947700007,10.4249573613257,9.69857099025164,10.3377774961694,10.3034106854904,10.2708923425352,10.5636866969215,10.1164181347524,9.89823078065416,10.2440720974319,10.6725143081496,9.96152158283614,9.83757721071793,10.0007355995129,10.135177368329,10.1430349121521,9.6000131984724,10.8420724176616,10.4520274492732,10.3269767087972,10.0593277708682,10.5222482890429,10.6377607894686,10.3918325663792,10.1157219089106,10.4181372582317,10.330085635552,9.55700357971792,10.2628507222587,10.1645482488153,10.4512498228294,10.3854086526596,9.64693011769005,10.1279305822968,9.93204302245987,10.1900335812757,10.3970216680418,10.3674483548502,10.2327827588218,10.7640568742909,10.271381532732,10.1609541192957,10.1970367029234,10.1581602947486,10.2301671227081,10.3265971030642,10.5790938349218,10.5267805299262,9.6275096631534,10.4788669275928,10.7359928731018,10.2600941168054,10.1633796593779,10.2456146376823,10.0270225360846,10.0862113237173,10.589584180946,10.1392577424296,10.0923518447244,10.7048274934804,10.588105550573,10.1907193714041,10.2545876202328,10.2821830646659,10.6794550867982,10.1041629871209,10.5072592144283,10.1726493615202,10.1878568709814,9.98769472974453,10.2784080894104,10.7275707893196,10.660038245739,10.097973309864,10.0865603383396,10.4619210133416,10.2165271487295,10.348191230255,9.98722997800948,10.1147170375841,10.1733886512928,10.4731226739053,10.4667265341349,10.310090185811,10.0101592163642
"31",9.90582381599457,9.85406160387767,9.96796475693812,10.2007087178341,10.344572278386,10.0852212578276,9.59304031806057,9.99087972723195,9.71994035077721,9.86587401583334,10.6728485527213,9.87307712845157,10.1314571455482,9.87373980834257,10.360674226208,10.263327127866,10.1581576820441,9.38025950244376,10.0484034612694,9.73350330160065,10.2042403558769,10.165315023798,10.1145531937617,9.67383283853224,10.1366794174826,10.5850027920635,9.71584500500898,9.50892575532801,9.73464630963786,9.870602359897,9.94774364683641,9.29212380969209,10.7462568166542,9.9902907152985,9.99135839840478,9.58540185833131,10.0931278377421,10.2810205589207,10.2025654647299,9.89335537881863,10.0386370731361,10.0745984511408,9.45838199660726,9.92425441581489,10.0770825998688,10.1401504525312,10.0317277513983,9.30437865236635,9.94453315599812,9.45848444054679,9.91549738072401,10.2190903492216,9.94807657510193,10.0683720921943,10.2289283818638,10.0274576692144,9.91330211633323,9.90259044234655,9.76057706046039,9.7237516428827,10.1179496329546,10.4342063142278,9.99983751191089,9.24777594847055,10.1033787623808,10.3895315710537,10.078182821147,9.81680915231766,10.0725077193724,9.74731979698805,9.90728735277918,10.3178063852518,9.77426070909756,9.80159268103098,10.4263486393111,10.4467243430864,9.97444584207964,9.94253357592843,9.87561714429964,10.5068931737071,9.88455146960584,10.1878724936326,9.95085762841049,9.8870080277934,9.6652619827803,9.92967969151085,10.3513433863495,10.7556872768282,9.85882660698839,9.6744012623614,9.95707771663407,10.032511189599,10.0260793841533,9.74082338810993,9.88497118565788,9.86745837311576,9.9676498275222,10.3058221833714,10.1263927458409,9.67474003790613
"32",9.57051900041122,9.53026754218566,9.77188637054715,9.72196413407519,10.028119576814,9.78736371319107,9.34478104146007,9.65404602253907,9.46096781830937,9.67822547083182,10.3173877486659,9.5921581554643,9.86749771563839,9.59907834371787,10.0340577794087,9.93665286947745,9.77659531457269,9.17903766084748,9.80889775754161,9.55465577353227,9.97390033664436,9.83705594746706,9.65198642748906,9.4022948878893,9.87904203128419,10.2703163306834,9.20183078928168,9.13868255756688,9.57557201292791,9.65647783235374,9.68451357725658,8.85171998844658,10.6367445494707,9.76604789658111,9.68695371901388,9.07390566445129,9.7879195267574,9.99830911971433,9.96368419008662,9.67435961825487,9.76758626380828,9.68650837939664,8.95966532190464,9.67435421806279,9.77285961255998,9.79045773145802,9.80360559269628,9.04081210623901,9.69937327154998,9.21728815122711,9.68140243953403,9.98169148711087,9.79773756938737,9.93080788675995,10.0734608253794,9.69840923303479,9.75003911262051,9.56419709770751,9.49358198972084,9.33795160413378,9.86049218698815,10.1456823366383,9.92515457724495,8.85690912961159,9.82040325685337,10.1875845617055,9.62515924195713,9.45801302334423,9.57362710440101,9.31684139819608,9.46610424728261,9.97957848012687,9.63862588787638,9.50048663492366,10.2305591705606,10.230969825323,9.79724806375183,9.68843560971604,9.69679533865965,10.2280757060096,9.6026395026701,9.84248977553487,9.75074042205556,9.61608754288278,9.32874826863399,9.57857160970628,10.0578038448616,10.4454560347009,9.48886193791371,9.42540487162844,9.88107822144659,9.66272256872658,9.77476769887025,9.44558707114449,9.52096164690873,9.5834512435201,9.86975853711069,10.176630675704,9.88809653193349,9.69936028840891
"33",9.17831917568888,9.15876519927406,9.39974430683164,9.32292360873311,9.77986400418825,9.50249613108285,9.24247828311649,9.31937064983509,9.12570868445254,9.53010767747951,10.1129768662694,9.48076488203162,9.53329622198687,9.3130780524972,9.79359245121238,9.5955815165113,9.64037752685152,8.87812029424175,9.58234307594091,9.19333820309909,9.77890002765352,9.58895662260756,9.63194032825794,9.01299118521174,9.45417135596053,9.93730838289856,8.96088804065936,8.73437880956781,9.07227607442682,9.41185017712246,9.35396414818747,8.64833835848571,10.5163040444473,9.53296956076591,9.52183470563402,8.75482568970185,9.54451956938981,9.71664231817395,9.76041023344497,9.38063317009093,9.70670466083414,9.29893877039915,8.67474928152475,9.49175422682138,9.60851695142518,9.53348422179879,9.53695668207927,8.74336544668169,9.34747049415014,8.96397468865134,9.44026713371248,9.6828607551801,9.41833341264924,9.73574045305318,9.71296139736735,9.46374761503225,9.58160706433419,9.45937132992618,9.21865052982278,9.27718628163503,9.41803103200902,9.95229387988155,9.69563516635454,8.54749963906761,9.65855244659544,9.76622996454436,9.28862996811418,9.28770203950671,9.30875981426143,8.93380825932211,9.22295573757235,9.63228136803905,9.34073780371744,9.21972465237031,10.0447858920918,9.95778108965747,9.46006562127955,9.56152130337136,9.18258150717105,9.88084892689714,9.30157402138932,9.56159285507923,9.4157193037111,9.18980421646049,9.03617666390306,9.22347431639861,9.93148778732739,10.1918441139457,9.09957344491888,9.34638864061627,9.56952736159624,9.42936186517869,9.45420659968778,9.07431082706097,9.42012459244507,9.22742663424272,9.51637925860921,9.83230638894072,9.80012741971411,9.23284974571848
"34",9.0979255522446,8.88229231931414,9.07261071222015,9.01403879181453,9.60078099010805,9.24502738916162,9.0307394683929,9.06723435829425,8.94248152586613,9.19482641307663,9.77828961984137,9.37319314919749,9.11689317003278,9.20609220301444,9.5247530315806,9.39861115385422,9.49455470059564,8.64495297797016,9.4237192093271,8.88993065584252,9.58995048619248,9.38309576148315,9.42870567156599,8.64808885122475,9.10771721316141,9.80392408592227,8.70693996920629,8.54535334744598,8.95996890756428,8.97863434316569,8.94846312494526,8.39449743798175,10.0888867371785,9.29477251581066,9.41865968289055,8.28898403495218,9.21166421221599,9.36339217047908,9.62356700754468,9.03826781155891,9.50448345795641,9.05068444754358,8.33174892414424,9.26809041252465,9.30268275181145,9.43711675004466,9.45684565637817,8.42816715311134,9.03574486794127,8.59519539994758,9.01061946836186,9.26964378074065,9.06893558918469,9.50151157181082,9.41192832986957,9.30305399510907,9.31647640990752,9.32377933498677,8.89008738811838,8.9694195578517,8.98595556634431,9.55786134206919,9.5053633944271,8.27041162821729,9.32839909218817,9.39567061912936,9.10008817583449,9.14049785305924,9.02017432476585,8.81877135514855,8.86168158280417,9.39890888391838,9.16382311002783,9.01203109405267,9.73066388396466,9.68372312207938,9.08379985790256,9.32725211161745,8.88209176580409,9.62659339443361,8.99103153933876,9.39674711542554,9.14381118991996,8.91706128447103,8.88059946770201,9.00398550090651,9.69106802748379,10.0078432818042,8.79868313053272,9.14578201756115,9.32095593008573,9.24944654513409,9.36236609730195,8.75067509139484,9.11332944399963,8.74955070207338,9.35339905744045,9.62815626940245,9.39955983727286,8.96464722872381
"35",9.29049917709082,9.11323051634919,9.28154724601976,9.27291332502052,9.55784597680444,9.44859428546956,9.2571682479949,9.32893788982551,9.19606078797305,9.21999057048842,9.74557222596827,9.41515385984495,9.30035980552688,9.39944644025795,9.64059251568,9.42682648836109,9.59611274792112,8.99963928153591,9.54442201116444,9.12652664578397,9.57208060929513,9.50288696502114,9.4587867941634,8.96247621497326,9.20278094504059,9.75412990721954,9.03497789513189,8.8502570350274,9.09128723353368,9.09720725915091,9.14011708780284,8.69108130343564,10.0559417226678,9.45808368194299,9.45431827937292,8.64006700947077,9.38380109258665,9.43985442251346,9.73384742668967,9.20607829702547,9.53039292513219,9.24824881325038,8.78754208646024,9.40327745566734,9.35091338132181,9.53360644431427,9.5489970717842,8.88539245754169,9.18100342158228,8.91373808623165,9.38348425366111,9.37309150670667,9.27506840173109,9.65990677052646,9.53582085540945,9.3090423821016,9.45423947025032,9.49467720934374,9.16122375998863,9.0900017796325,9.27927480339015,9.52190246413061,9.48813880939218,8.69279053263149,9.41426402738162,9.4918964948472,9.28424426178923,9.30077399268591,9.37966670080604,9.05204684693036,9.15203412276328,9.4435323698082,9.33662240242003,9.16996959610993,9.62968192114326,9.77559124891822,9.3091725154165,9.43222812325942,9.10270098849287,9.72120796048191,9.19053011920029,9.5626865393745,9.31478224886978,9.15465533131827,9.16641248685944,9.26517579100911,9.83480997085348,9.90732065104111,9.01094011559887,9.29141128235008,9.40100108314461,9.3627994626447,9.35457921297702,9.11183600573,9.29883565690864,9.04462420140479,9.50335268609534,9.78521963575646,9.55958899565712,8.98779569969652
"36",9.07192569063162,8.70339627609353,9.06145583066052,9.17696006562866,9.41119920436121,9.02049112544989,9.06961162107308,9.00415258566795,9.00171941290578,8.99514731704177,9.52225711422035,8.96793394496652,8.99989416104897,9.0287556231755,9.34288344666588,9.16901216988769,9.34773890060842,8.82476630682272,9.26557660895016,8.7511994498528,9.04045735217018,9.19328952310735,9.17177739288439,8.71465670378976,8.86332705922971,9.62679549069295,8.76538583405421,8.44663131742548,8.85967218089278,9.0252660289329,8.94496651863908,8.36712487774387,9.92299981949066,9.30168927750104,8.98469947765386,8.35503050827492,8.94275342887536,9.19115040539763,9.45416157049627,8.89247536348775,9.18052390619441,9.08925813041783,8.51803029198996,9.3152168881744,9.14774951242162,9.09192352588592,9.44018206428184,8.42348660227885,8.93834027880064,8.59128494814123,9.09887298255697,9.05279228871384,8.97686701417644,9.44144802314326,9.29089849577891,8.9152109815501,9.32513294472499,9.27949695965012,9.03313462857675,8.82540894422051,9.06790140837056,9.37757784151361,9.1784235147643,8.38025927880894,9.07139318222381,9.40160386736911,9.18899403290645,9.27300067562277,9.1138429357553,8.83928416729228,9.08946563512496,9.26225450221169,9.08290987506374,8.97116033414529,9.40018764485113,9.46501449902045,9.09506113954929,9.29490969704494,8.96303171175953,9.70939254304177,9.18578674465661,9.42897931582316,8.90572231521704,9.02012161974151,8.89966504164345,9.2611262987077,9.66140261293799,9.73055006842263,8.87838901906996,9.01269283061678,9.10116800078406,9.08624671533481,9.17370976734184,9.020927315705,9.08086481909073,8.81302516127772,9.378610746303,9.50863596173655,9.2964798946064,8.60978713959495
"37",8.95716836927304,8.43130017142768,8.77578059486729,8.68407978045505,9.11538369969078,8.80851008060694,8.96273890656216,8.74178130497442,8.8768393872958,8.78462215416064,9.3130591546188,8.63670895233536,8.7239032084464,8.75335332197322,9.20270877568979,9.02512350450875,9.07788232465311,8.43748200662329,8.98615333714461,8.42542659540955,8.89185071325951,9.25301088475153,8.96802064633344,8.43629881690858,8.57089427332907,9.36803464270416,8.52461739428806,8.06527505858234,8.48222418357717,8.80813558575062,8.64720592599763,7.84728169850303,9.69923038536141,9.16863560848834,8.76757455024029,8.03577677297749,8.74352405481759,8.98795484650882,9.29704559734147,8.72743804001074,8.95762555855325,8.70053442891393,8.23268357085401,8.96448894296601,9.05410227557817,8.80050767380052,9.03868373523252,8.18737788083057,8.57655293726127,8.3007305006318,8.92170661333567,8.78359339116546,8.82256767842737,9.08097443129853,9.09127522468608,8.57503366252288,9.27905597832775,8.92487139280721,8.64324775149639,8.43314375825032,8.65008419551484,9.1182376845769,8.8743296523715,8.11731822781547,8.88114800018755,9.23796311518989,9.04084236155581,8.94159925100075,8.75352631494982,8.58665377974999,8.92399667101738,8.94210382381844,8.82483910710281,8.84325714477447,9.18420849825983,9.18143541079753,8.72429498796356,9.14118542001039,8.62307502450491,9.36052624858479,8.83324963827891,9.23862867191318,8.54328716834976,8.9286903492232,8.55761100454708,8.83608642554067,9.36427461256709,9.63458752201451,8.63164027372647,8.64314974358316,8.79484899008728,8.55752354366482,9.00169200697831,8.79994245169589,8.75304739664807,8.49983125106195,9.14483930410552,9.1819652940923,8.95287698818766,8.44765727069112
"38",8.65902933066088,8.02348120624761,8.49091026327348,8.43952996324849,8.98160383928024,8.44317378861072,8.71113722731974,8.49051882490426,8.63688364298439,8.4853961265477,9.1500133699695,8.24960257351495,8.45821578163658,8.4195436337439,8.86528907836903,8.64443232983662,8.72687872889052,8.27357622265323,8.61119689836928,8.32432385730155,8.52292664754634,9.00732026934414,8.7682732389309,8.17530746143195,8.14616034552512,9.25225746943369,8.31354895348454,7.70034347141047,8.18220588753275,8.66141032587825,8.39684200088551,7.65479963926468,9.55068742733683,9.23650863113297,8.549070600414,7.6762106851342,8.50302104997168,8.63088283878981,8.95147338696459,8.46050926076361,8.52972085580839,8.44041778753799,8.0148358815356,8.52374699456776,8.68292927454904,8.50721963136333,8.67501870101196,7.95362764326709,8.15994057544518,8.0192858243308,8.50629222545881,8.48808216423358,8.61888057791545,8.61941576604168,8.89161426025717,8.36592151701453,9.19810946105664,8.61392382329877,8.49838438609555,8.04563470083733,8.27842427718923,8.86808407976326,8.71319822489851,7.87986426000018,8.65102764963835,8.94220838669593,8.74984325383217,8.67860390533411,8.31289854291905,8.38742012239616,8.69200420263653,8.76229497448823,8.70213771551901,8.4561586179297,9.10360597117307,8.93787040312492,8.62840688938351,8.88132986873115,8.38053740645621,9.16006760506633,8.35694475892145,9.00066897930283,8.36731592955617,8.75102108133398,8.1998273032708,8.76405888805889,9.12168630961131,9.44196068932204,8.26642068811747,8.41838826572071,8.65193355654419,8.26986807768687,8.86062008185962,8.5090858613341,8.68063527404271,8.24603972083611,9.00684630592707,9.01181127006034,8.72163125323551,8.35876500457662
"39",8.42886057836211,7.78191321524268,8.11875644892489,8.04151693627623,8.75692231633684,8.26324934792314,8.50882048481794,8.37235714076425,8.41878021468972,8.11559800660062,8.81949051525595,8.12989983433918,8.06366109228262,7.98683482904262,8.6864550880244,8.45385457269096,8.4490687313299,8.08667124473363,8.3053990731841,7.92838115893748,8.18871595121397,8.7385749892937,8.62302190595373,7.81290410266117,7.76332418325882,8.99360340251725,8.18623555151449,7.48356518636298,7.94239610445768,8.35987303088671,8.03843300916358,7.37999870113664,9.32855136101397,9.00963241395569,8.41745871577869,7.55210471993064,8.24741007149601,8.3884594438304,8.49912367169827,8.100603359027,8.31068269709317,8.19900533194894,7.85737893062368,8.1772556279055,8.38271240802064,8.19190349704272,8.441256059258,7.78302985117268,8.15835642713397,7.86610354978734,8.4146539893161,8.18460898956971,8.24225404311513,8.39602520788106,8.66602347524467,8.24294352188763,8.99857479200923,8.3471777484814,8.24125126441213,7.96246308855352,7.98399782324494,8.83434232383416,8.45930657480568,7.56453958760791,8.27777082073647,8.69755222296068,8.52545614171223,8.71902101182395,8.12814648823275,7.96879507789681,8.38702133810915,8.55735395330095,8.53596678084473,8.19380521871893,8.8688987664299,8.52156040023104,8.27231168813269,8.70885666391317,8.04542900184692,8.89496691202504,8.12042709296879,8.62148579489536,8.11243525359626,8.31547769291461,7.81299686736565,8.58506007296433,8.82345332934414,9.3261516764486,8.04257006230923,8.20839213704654,8.24562124202542,7.99375584864236,8.66071464329088,8.40401644636704,8.35210469168466,7.91976461882536,8.9260041482888,8.84019875945511,8.38562513454814,7.9140876408222
"40",8.2868037348226,7.58046145618101,7.93234620543016,7.54093425866442,8.48409914897525,7.89029536700607,8.13870342976269,8.26467779460155,7.95757720935534,7.6927838707105,8.57998376469725,7.86966283883533,8.00954991535539,7.65484053503913,8.37408922998712,8.19359939796585,8.25882187773248,7.71006762174457,8.01898916209744,7.62636259623681,7.77331049100181,8.36066370925381,8.30666368653501,7.53467538497151,7.57545054600126,8.81900378801065,7.87108072890388,7.21041481854043,7.77515732409782,7.95487637048527,7.90575298331405,7.11206645057812,9.1764609982314,8.88869989153157,8.11025003657408,7.43063222217427,8.06245466797212,8.08228336133653,8.29366403499167,7.66674122968602,7.98432241085159,7.94136992453619,7.66709392580418,7.67708406025814,7.93697678566696,7.95217014298416,8.24831805969248,7.46683806517136,7.81204335409317,7.69444859738284,8.18208999537915,8.10813651767559,7.89922526041974,8.3577713414757,8.55890183007344,8.15291206312479,8.74975972474188,8.02911024064245,7.9047867032606,7.66020613040807,7.6829436012885,8.5589051152652,8.14209799822186,7.23059309426942,8.04649036953866,8.51791764928515,8.38929995239892,8.51137534925388,7.8512484149935,7.59809809750086,8.21175118656416,8.17317234289632,8.16317682506883,7.89416536368801,8.76602824793419,8.33053877002891,7.96158737748956,8.44344571309836,7.71137286676335,8.69968032606459,7.77461392591818,8.256443279685,7.73771844469984,7.99969461758321,7.54384138131645,8.2537942211614,8.55695306448869,8.982481062846,7.83688171826385,8.04587620668893,8.05748213790718,7.8568987052955,8.55064121737888,8.10301708705849,8.06982574258803,7.82279409741801,8.52843751472446,8.40764882431077,8.15305324364655,7.68910861514492
"41",8.08870715051684,7.41696334105196,7.66881177381503,7.4111471898426,8.24405248975571,7.62872096545642,7.8434408168939,7.99777422589654,7.80391476844534,7.39329707722436,8.5063608831252,7.69872638570104,7.82123406013241,7.42238916426436,8.08536720445687,7.89557728585811,7.91215489178532,7.47758215147314,7.9088202863279,7.35664843770914,7.69087758217448,8.13745375357685,8.10707893836505,7.19451389244917,7.43954647998531,8.53517349219134,7.50569726728002,6.98894610858548,7.55618544538311,7.76346140560522,7.56647631850484,6.87722283165832,9.12551324793392,8.64465837972439,7.81056576700097,7.20209546293487,7.55389600013159,7.89207767800461,8.02065738219408,7.38950127916631,7.63030168312073,7.66667957953582,7.32573377931581,7.43997380682784,7.70758372713786,7.81659971096438,7.82431835166779,7.20388678555098,7.52780082509278,7.27772166621838,7.75774027177059,7.84539501122656,7.65478211515278,8.0507346706486,8.25401899988427,7.61880785353714,8.51697415917011,7.82783947159039,7.46557612520381,7.32841936734304,7.24661061175742,8.46264822053839,7.81033272749842,6.88797078054808,7.5703533100826,8.21333977698551,8.03908126784436,8.18815169111155,7.7960089281143,7.49834511084501,7.95986699771461,7.99057011925897,8.00520271955387,7.51671023373293,8.43060529428571,7.95163959642287,7.64431486649237,8.2287697824221,7.50314922014212,8.45514025551199,7.59426614969609,8.12897977010233,7.4761329795629,7.74516487671659,7.31807643109739,8.19501563892904,8.30359148776748,8.83798223281569,7.58855978209309,7.99387836540203,7.84100802293289,7.57713654739066,8.33288187053832,7.65549051977173,7.80363748000778,7.59348238183046,8.00272233292178,8.2473667323696,7.92718612818232,7.31113417546252
"42",7.75900834466588,7.09335730086715,7.22962188389123,7.10151618046818,8.08475425781742,7.31988857433425,7.60595698132929,7.8923428932668,7.64742988569999,7.09294873177149,8.27054294240733,7.37817229072862,7.42907257320648,7.24446332837851,7.90164038032082,7.53992290438592,7.76265281791232,7.41188158437787,7.70547861484156,7.07939138686731,7.4018111766818,7.68588580236878,7.74775066727375,6.890873440911,7.11505696586884,8.43064590015155,7.23814435128958,6.70241847507983,7.49083897600524,7.39370306580377,7.17479186269382,6.57170433266294,8.9625760766395,8.25901488921637,7.5077604627026,7.02221811948406,7.25167654563655,7.59506514224023,7.83982767764059,7.14161545944449,7.36088090761131,7.27155942445108,7.02072030674573,7.18487731945271,7.56651825643219,7.47512590977679,7.51567143442801,6.9360016070334,7.32939256213977,7.01736516564727,7.4211891030021,7.46807276315851,7.34596565877871,7.7872206172452,7.78916719787774,7.24780920271792,8.24674538405759,7.69296333940155,7.08721376626928,7.04856918885892,6.97988677331499,8.31236714651662,7.41134974858974,6.61421068747883,7.30452212568946,8.20293152342983,7.78288582881677,8.0854852131879,7.51411251915074,7.14961572072912,7.38556356693014,7.87756844255301,7.6877769343311,7.25924358824602,7.95141233574674,7.82028225545226,7.34574845786855,7.91162838520914,7.18202286433526,8.2405370282038,7.25425197310446,8.04930526465758,7.34910453009977,7.44616483606629,7.01344354990642,8.09399683711548,7.96594011283512,8.61218962925955,7.13012784895657,7.66961178571927,7.55170275737012,7.14640388962293,8.32374437822743,7.447939816124,7.32602173247121,7.32477169811576,7.90896909134379,8.00410612906709,7.74539807420445,7.09330667923674
"43",7.64499260615987,7.15802770132809,7.36447931435892,7.22551441220082,7.77635643131684,7.22404600342681,7.45306286432103,7.55404428268602,7.48810583425016,7.24760533797282,7.92972423218412,7.29413015640635,7.43210361876075,7.27407937269978,7.69108061943468,7.50116750240057,7.61730601671051,7.30343551645478,7.59305097595716,7.27685337161415,7.3670225263738,7.5915212761392,7.63048699156568,6.9858889249233,7.28687068556852,7.98434803528301,7.27914232111579,6.97605484674795,7.3718077043578,7.3557792254728,7.3262201987828,6.87799218017304,8.43583899217448,7.86271616516088,7.39255972343891,7.03404467500707,7.20072834655138,7.43160135146985,7.61007077138981,7.29192483119305,7.26672141702636,7.24243228607215,7.13955583124342,7.10070469364732,7.35380600742151,7.41135708662987,7.47438932073963,7.0301191530241,7.26105470451441,6.92792250100428,7.41404523240106,7.35987975704104,7.35967359726346,7.65009363190093,7.46178286044646,7.29500555076064,7.85218213800945,7.44295865550803,7.14473546038714,7.14045696637505,7.05534828856413,7.99336973108333,7.35447613511783,6.83313806685692,7.43140984186551,7.78383246986154,7.6677173875416,7.80416797924674,7.48175545270205,7.26876289652137,7.32131822276777,7.56944426203178,7.61728665047691,7.35395162655341,7.66426810770898,7.64982890748751,7.44629337000915,7.62309351881307,7.22458524389933,7.94197771339274,7.31490496669612,7.64156313907439,7.28519726284111,7.35879156569972,7.15452433052883,7.76577880333858,7.69671636123928,8.18367839428003,7.23345600937819,7.65249683549369,7.4348583908169,7.31127040898267,7.85000926287307,7.40306653190087,7.41486931554875,7.35091883626725,7.70223712420162,7.7228840833474,7.63434863393265,7.11254749618629
"44",7.51769972193518,6.64764509421348,7.23516784124369,6.95549017982709,7.40529934042131,6.85544368161482,7.19025981645703,7.15888655250897,7.12943774348199,7.08976892456639,7.64198272179749,6.83986782964983,6.97599548423603,7.02070409046139,7.32016689988811,7.41389639775241,7.45481719517305,7.00336727526941,7.20279813921649,6.95472888677267,7.14075122078409,7.23615344044365,7.36084896215792,6.72847552047999,7.18286925630478,7.66573017959406,7.03819686170871,6.48649656135107,7.15822322778724,7.28826684081467,7.12232408316213,6.51372228310968,8.20464187984696,7.45019671764258,7.10081893841589,6.78356268646656,6.98333527119251,7.04713322202518,7.51356103334337,7.11234562123365,6.96938224512797,6.92408643951508,6.92128226744847,6.78045364892102,7.13276512395264,6.97979546118287,7.07560659613012,6.77858408518006,7.05699716137234,6.62420906331618,7.15407590204036,7.01974445311895,7.14789587878619,7.39128174512573,7.14333690931184,7.09110332050103,7.44743407428393,7.16891495720818,7.01848129876947,6.90178246492609,6.68078413306048,7.71676076233821,7.29622771054184,6.47585840873497,7.33864217495692,7.69135272638868,7.39829881102062,7.58126160595605,7.20673330961866,6.95133296806828,7.16083948239153,7.25974392494611,7.33355358681918,7.15155361059724,7.43107153001322,7.50001590018607,7.30355831581454,7.43552532781604,7.11300615648921,7.67511772670045,6.94827695667289,7.32576869009356,6.94803797227146,6.96857155624268,6.86928020232358,7.55336209958929,7.53150134888473,7.91573437595929,6.97161446689847,7.35947625029985,7.15980772005193,7.06924876043687,7.55242855187778,7.42518493320641,7.32436046512032,7.20636670431384,7.37200472268701,7.53177850295497,7.49402433311952,6.91466406624738
"45",7.11428303549961,6.54180001494872,7.05433883543838,6.58257956272548,7.17066209582665,6.66375946782233,6.8688664363095,6.8798590126018,6.92018645170691,6.96901367975473,7.47420305493599,6.38271897627414,6.77080488587512,6.62151158188668,6.97776928163967,7.05843789871941,7.13134340728239,6.75758908019168,6.87238256595722,6.6249796864064,6.95165776690587,7.0153605816673,7.02575036675196,6.59605637458207,6.88990419126882,7.45467502916212,6.80121993319704,6.32101496535181,6.93294496364141,7.16452313290093,6.83143575466617,6.23195953515371,8.07646388159234,7.09199407360595,6.50885828170078,6.50916826192571,6.70932060747408,6.77089820409813,7.18348710402311,6.77330284363127,6.85859502453874,6.59523783736991,6.80136816352935,6.54215320449271,6.84441415837526,6.82694755421394,6.83364935635389,6.58312487939904,6.83219223008528,6.31836615542927,6.92980451689081,6.83468902023593,6.71472727404606,7.26042120333011,6.85474735800448,6.94275951135079,7.25783422858865,6.91917777184037,6.90095771689473,6.53710325842261,6.48954570293914,7.39504626567751,7.04258339124218,6.41419704112956,7.1068717432358,7.63824003533618,6.92034095009699,7.35941124260611,6.8996011911923,6.64647447262834,6.87264941793743,7.04603159876608,7.09365792153169,6.97989424045853,7.19109385346464,7.17198037438946,7.05754410841165,6.90187948953725,6.9934290778426,7.41091930169137,6.80873498729278,7.0584862664221,6.73877204419099,6.82080570800409,6.75243782930504,7.44429988979592,7.24292412461076,7.79167012737771,6.63328635998076,7.13089928388507,7.05865913424931,6.66207864030308,7.15381723469999,7.08912597747309,7.06983158347119,6.97145915381252,7.11587460482883,7.29602058601062,7.30939891316273,6.85009871689976
"46",6.76825636300909,6.23903754308308,6.70770731906946,6.23067097416575,6.80041591346064,6.3266691629901,6.72062783997366,6.61820950921624,6.49142602454671,6.72523358799116,7.39210688774876,6.34285658597291,6.67228742403394,6.26288972730011,6.75963888989223,6.69435481428595,6.93564620483165,6.47029990689446,6.64541709912488,6.36248680652284,6.52622471358526,6.66359394634341,6.82173003165889,6.38975943996616,6.69127388647584,7.11135219291051,6.54258825596191,5.93250491342387,6.67484553128808,7.14587061065868,6.41118222713653,5.96758753685986,7.65726625791385,7.02900201302767,6.31578214932292,6.20712127421542,6.49838878033339,6.55204956620939,6.98329796662497,6.49849684128428,6.51194045459349,6.24993340037587,6.64957621071277,6.31043042385597,6.83316976716028,6.67675506787681,6.54067783753752,6.22473222573073,6.56301097691231,6.02768004138652,6.54412674284906,6.55072249363963,6.50172982596888,6.93620432751516,6.64463249996185,6.65067426597514,7.00825440408745,6.79039384670745,6.58626173619421,5.98480813644856,6.15692524855023,7.13854116812531,6.70748156656664,6.21448625611367,6.71161498801219,7.34248981797795,6.59119225482898,7.00491758683405,6.48959599771972,6.44864023492686,6.69009538556178,6.77276176678717,6.97757658565645,6.67462873751676,6.82272377917716,7.03749770731593,6.76158766571687,6.67848559841656,6.68438813039956,7.11345067500428,6.34414704558661,6.73484954381164,6.34355942103295,6.63099023631364,6.56204022567507,7.15414384985716,6.95885825303175,7.56369935148108,6.61606827798603,6.66844883899563,6.89869655109752,6.34936048805863,7.03769795163071,6.6667677499661,6.86233397882411,6.74802963274851,6.69313733423634,6.83199671110478,7.00885300424596,6.43926005300486
"47",6.37948281487794,5.98971747386642,6.35168381565543,6.01393256069609,6.49890794501583,6.1121326022481,6.2866183228608,6.44782487188981,6.27922507559741,6.40933202628826,6.81536355874435,6.09349613951207,6.34518420567011,5.9391425296984,6.36349523416426,6.35400011407478,6.48084674696689,6.16850346006836,6.35918515745088,6.10961420482061,6.20314057810386,6.14098444307117,6.51013268791199,6.11829052744558,6.23285046326607,6.62273240455629,6.18825226504706,5.62356346346728,6.37425226639996,6.64366793445607,6.23048141440875,5.87436185850157,7.0554151188892,6.73656247191981,5.91980651360823,5.96584865484804,6.05026154538608,6.1294900842809,6.48727935625138,6.14761035081766,6.04352547402579,6.13136760534009,6.33028610485609,6.11394509760107,6.31923111405572,6.17897164125431,6.24986701384989,6.0614525036392,6.27197035876282,5.79274663803763,6.29038154762382,6.18993263993003,6.07682016307179,6.53282590433379,6.31719291794201,6.38769981887668,6.51186175942051,6.32568472110947,6.1100468945279,5.72513285900138,5.84966223291834,6.60198297073962,6.29955713355519,5.92845492323501,6.26516818642074,6.72590040398718,6.25084223100039,6.4391868687444,6.16687792840757,6.17677792519631,6.30242899519589,6.24977650070606,6.4544141582334,6.38230773886965,6.36823586759753,6.52387876634121,6.36003483328989,6.11870810713405,6.24844408229685,6.67371189081739,6.09538253829416,6.31025513685854,6.04078165519647,6.37027223844561,6.2592803152667,6.64973601048538,6.51262448651839,7.06662757143759,6.31903079047165,6.36036476047392,6.60485460658359,5.98939412216613,6.55913884564569,6.21693600130835,6.41219036420774,6.30196875076111,6.35754493280964,6.45593802702695,6.4818542576274,6.14307306957356
"48",5.96814571657267,5.94183836268351,6.15466933637445,5.65561652474747,6.3047691694556,5.914011589747,5.9857555322182,6.11728688860086,6.10866353616606,5.87829662657369,6.37969901844383,5.92339923746338,6.12535524905467,5.75269983687098,5.93975349908559,6.03995055016012,6.18956579906026,5.90650534404982,5.98361374606198,5.7971521172324,5.87055824766327,6.0095999409805,6.37964680941275,5.80955449063212,6.03692907440987,6.43507357392906,6.01247856936539,5.46073790456309,6.05036441454456,6.39517632434836,5.92932173463022,5.56292445727756,6.82110094833307,6.40573198936432,5.60509643236677,5.70569907366202,5.74875467645214,5.95318040712303,6.20244063933418,5.98186600368305,5.93995465360679,5.91131016377922,6.11842242725633,5.85364530503763,6.07740656760826,5.88031411826173,5.99259727984768,5.60867600802696,6.20697945730961,5.48690924409594,6.21692342762024,6.02324849087464,5.88665769295628,6.27385076056538,5.99322187681859,6.00660952718685,6.21335019793857,6.03245774100566,5.59755157305296,5.42945078130996,5.56542824918459,6.39382123053718,6.15114520605717,5.56494029313572,6.10121045916296,6.52031848378105,5.95258657051487,6.05919213978346,5.79909195397171,5.91874372387297,6.15259766429111,6.03102313769039,6.13789392819536,6.32019142843888,6.06363295864276,6.18383400795985,6.00684342772431,6.0171507913103,5.97850985837958,6.45645737233111,5.88184578086507,6.17355017310677,5.77771942895821,5.97467113084995,6.13859778375342,6.609236891266,6.29067764042902,6.70317878767526,6.00726290838657,6.15291636006625,6.38455887254334,5.56725514944361,6.22543111602482,5.93987729395536,6.05370827669508,5.98595429822304,5.96566860170667,6.26882111886735,6.11004056015566,5.85177627798567
"49",5.68994255995452,5.48499350130875,6.00223669400385,5.31130416422126,6.19127696440266,5.52842802044713,5.77048778476013,5.82543496032454,5.8521522720378,5.55623118582106,6.12624672227338,5.47893404958057,5.98067011057895,5.52431246088374,5.52226715924801,6.03850263191305,5.88284998409394,5.6509502686345,5.53834996341007,5.66037972811683,5.48053462850193,5.89442774352281,5.98463530959248,5.54361835915135,6.00077237225406,5.95087717780548,5.75034207057077,5.17187797673469,5.82292656356859,5.80044481605559,5.5373163954635,5.19975960702064,6.51040227065193,6.1873206062055,5.37517835946044,5.24686390330089,5.55694399109341,5.72945190093509,6.0090539751653,5.80399771193611,5.62228388885709,5.53462501744469,5.79323081943481,5.58605990527272,5.87535955554366,5.61624485689832,5.66627790354911,5.16111628657162,5.88240899426829,5.20490442194922,5.96694527940107,5.89268576552157,5.7431777946905,6.08922935787684,5.7775944617536,5.74353290942179,5.89590965008429,5.76525061440862,5.26374419988503,4.98400908400284,5.34839331099206,6.19408077535797,5.87956205289397,5.21156374704157,5.69797513385304,6.28131207731257,5.69556382283788,5.82466881262316,5.58199427117367,5.71654999473289,5.96826727569268,5.71550841104674,5.81772740078579,6.05032070939572,5.64819698486111,5.99537906221983,5.74263273563755,5.81871337559546,5.69340129614913,6.2002202444116,5.43398273197785,5.96138775602006,5.5091752563205,5.79689544084274,5.96551964363619,6.34428436084848,6.16006089002709,6.34028927204938,5.87956844532517,5.79494664894207,6.16436007311228,5.30395663697469,5.98906484580472,5.55940770618391,5.65692965487811,5.91361027569435,5.6286643551053,5.95347494934196,5.92869810413242,5.63280801304734
"50",5.73403748829885,5.52627747389678,5.91101154342488,5.3250312237291,6.17170902598895,5.61386013136643,5.61337063340732,5.85033186884318,5.76600443320557,5.61161524762886,6.08156123285404,5.53305490483924,6.03135138487306,5.52860555695879,5.50234463270285,5.8990954167185,5.80666442715578,5.62153659639714,5.74454287856995,5.56319271014946,5.59851248606646,5.88654398701637,5.87065690981924,5.68671199775756,5.79527338203221,5.96619604039667,5.73964594015069,5.42156935193302,5.67122465251854,5.86419533252121,5.65287919461349,5.38806578773483,6.28689166963688,6.04923260123913,5.47728446912606,5.32309221563024,5.65032303418601,5.83103277723262,5.95454189546444,5.63815192533446,5.7241564367835,5.64996482764938,5.86312289097103,5.59539071036014,5.73172895971146,5.85733422571,5.62986425733494,5.45606941435896,5.82412019187657,5.25758945258014,6.05688555289681,5.81213838243586,5.69336111069299,6.22023687676341,5.86060286889451,5.74683955601085,5.82251508927682,5.67212103742654,5.31125696418668,5.25748565718132,5.29674851443706,6.12109018252802,5.80801506826361,5.36588966612992,5.72941689466941,6.09095294252742,5.64004552673809,5.65098679666312,5.62886601979196,5.71853818486761,6.02433400465994,5.73793749513886,5.73808955412273,6.1555889347909,5.72971075929886,6.07801974192531,5.61289603060311,5.7993089469855,5.65438451514733,6.08159600298332,5.48870677630089,5.8822794520699,5.6265898420177,5.90033998705034,5.79850394015539,6.24840192179898,6.20273113345107,6.24560798836144,5.8385880616693,5.99248299363223,6.02604978511416,5.35330652802408,5.88984118474761,5.61685835148592,5.63161893006435,5.87442365521902,5.64498926484296,6.0805293084499,5.84127519505929,5.76914734092812
"51",5.35596553523927,5.25257303631338,5.62763479254957,5.10700343998482,5.88048779739523,5.38077907956803,5.42757144715612,5.51429525674847,5.40692780215721,5.26320164563302,5.7038765852786,5.25036509307024,5.83730469660477,5.05067934934316,5.18634999810229,5.46919292697674,5.5078086354387,5.37275930323131,5.45111160299642,5.3334126784978,5.36485869915734,5.47090107474646,5.57846886080377,5.36040797681305,5.5314062968618,5.72658104831161,5.52965173055297,5.22467006061988,5.43594324760659,5.43570392460968,5.4468493883133,5.0849484641666,5.90372948396505,5.81073206948909,5.00306948849249,5.19645438505689,5.27857310445452,5.69925946718726,5.59939740927625,5.32383856875791,5.34127776929928,5.13865393686477,5.53534634256195,5.21663075332708,5.51696287597023,5.54837945762933,5.38672702796643,5.00415218665967,5.38952676262109,4.87478207140377,5.93991137916015,5.68474199955236,5.17115671906807,5.92398509501221,5.36400432291467,5.40330813129552,5.39186328520235,5.39279631834284,5.00271184895556,5.00721275727446,4.92965664341278,6.09034640569205,5.45194775032723,5.0773967016834,5.3702913305731,5.64818716078729,5.29153068577434,5.20856543651852,5.36585750047692,5.49938850331361,5.72566724562976,5.40632692543667,5.46141511987951,5.93112318342387,5.24420782694612,5.84765048300398,5.15921980948547,5.47556611081182,5.1986016624912,5.73621432822776,5.19799811349475,5.69129582780151,5.19814258299105,5.60829454823424,5.66598709815518,5.94159359588167,5.96082839827753,6.09910661289348,5.57574523148966,5.68431660339871,5.91026253205793,4.88099745484817,5.65103134143916,5.37220302526538,5.32620297745397,5.43761540670487,5.30011774072461,5.81336948961549,5.65433240997449,5.51915564810195
"52",4.97881423478533,5.09307683685248,5.31135777770028,4.84577032899984,5.71168734838237,5.05250321472846,5.22136776216892,5.1410214575843,5.15801831702701,4.79942058775244,5.35217849302929,4.86834207320244,5.6027029486766,4.74122798879758,4.91347306833025,5.17159964548726,5.18113400458898,5.0972592674984,5.14339090674329,5.01722538545026,5.18111665781453,5.24453586267938,5.20556494706028,5.04262718478514,5.3619165692201,5.42947437899404,5.30946774584823,5.02742749340941,5.37132203472412,5.04642902599652,5.23170953768625,4.70506543862514,5.6676481927855,5.36069422503351,4.48065506788626,4.78021118916061,5.04693579281666,5.48819706267601,5.24953166828408,5.08312839349254,4.99627470427563,4.85616907685669,5.24262831550218,4.91131441925319,5.43830221720822,5.24734723786009,5.2356837789512,4.72677597336696,5.09552325180542,4.45399210708229,5.60339158074028,5.49354657113074,4.78439094478681,5.65969431999919,5.09459863381135,5.24935301959233,5.21740949346992,5.36060431012766,4.72079312756436,4.9361003709768,4.7320770462983,5.74070310172462,5.08328083029975,4.70882742291135,5.12381833360287,5.1581499839637,5.17178053236203,4.87945529162723,5.16352697339363,5.36935099165847,5.22830326016301,5.1228697009744,5.28564441577773,5.60685504408029,4.82787815200452,5.56379962184282,4.71750893534333,5.3380664161823,4.83825604478659,5.62697989397763,4.81962237068754,5.14334490431976,4.92632405206853,5.3769429357743,5.43414260820183,5.71062718730549,5.47651590290833,5.92762063407489,5.3473715074896,5.37138879125946,5.51856619906513,4.54690248537396,5.29744023564817,5.1475953281827,5.07080192537176,5.13086861358773,5.10835952842703,5.50849547520786,5.27051855935425,5.29988054807408
"53",4.71321766166181,4.78405601982917,5.06106584457664,4.66520774922132,5.55539194619911,4.60324277458472,4.984915037609,4.89692377400508,4.73704178736002,4.4487000853491,5.07671233446398,4.60766497988977,5.62930416480001,4.53812690849407,4.48789498088708,4.69706672309617,4.79214031678577,4.76350594105646,4.90474697931818,4.94201047276819,4.85773649739687,4.90927840883732,5.0046625504939,4.71093178046901,4.90735312681787,5.1344675731756,4.93789087892445,4.76298511811378,5.17645092078705,4.5685253013892,4.89004312526985,4.53451860675427,5.34729328095764,5.05983975672825,4.21999680645807,4.35599203636316,4.69965309417118,5.33993071255588,4.8472767884038,4.81526492996645,4.81332071382867,4.63004884507411,5.1010852270659,4.69231206566251,5.06554798038038,4.80244927084224,4.98636963648856,4.52192929684305,4.67773283821807,4.28905342042918,5.3990246711487,5.18323953150274,4.43733624657421,5.2802473375286,4.75260802741511,5.01124992831994,5.08389767133084,5.23335941783294,4.45929429773121,4.53940143396699,4.51150850503392,5.25702493526549,4.7076110995562,4.37969302444695,4.8113601455738,4.85397734346336,4.94075176691809,4.88273882645263,4.94170235344674,5.09412646977137,4.99857666417756,4.6756395816288,4.92770666491042,5.27419497281304,4.49345851534166,5.26798524810586,4.50822347048586,4.97357907162193,4.40903149806029,5.31373226858996,4.54194746787218,4.84529557776321,4.70047221013727,5.14319650717163,5.17603635205595,5.50874219204659,5.21679361885303,5.71405322980512,5.08559218810107,4.93127820849026,5.21671795400712,4.48271944690421,5.28477526486043,4.91599540807037,4.7546795896045,4.79118194922787,4.87111862651664,5.15768156425598,4.97681364019742,4.88294925945093
"54",4.61609362157648,4.65918347610271,4.89176137576558,4.6839352759991,5.20914891738699,4.45025123669901,4.81090955186504,4.58802641000295,4.5870911697509,4.46346334011645,4.75447777647586,4.6535047327075,5.38224504264771,4.33626185548471,4.36460871905046,4.54076216873128,4.7122106250461,4.67471676865587,4.80469500996902,4.70431407597678,4.66197143463681,4.81645255977244,4.83664095539006,4.63398983130412,4.84895847456364,4.92752941975812,4.69537079963246,4.63011260101652,5.03613098742625,4.42672548153291,4.69089220066696,4.3826725402863,5.06241047915038,4.87100142098733,4.31127274961124,4.44226576682938,4.4610975994567,4.97950827741668,4.62148948838664,4.64570019934306,4.64638970475578,4.52394702235401,4.76127631930366,4.6060037718728,4.93402045992106,4.62528061913541,4.94188104914345,4.4989396406599,4.67223619140184,4.14531313822818,5.15350614775322,4.88946927146772,4.40902825193584,5.16809402071913,4.65309187360129,4.80022271485109,4.94850788742161,4.92797117096629,4.41019019644658,4.45777968144035,4.53066340865819,4.83038706263273,4.72972135133413,4.2896768438135,4.75915657210733,4.70019764793803,4.76400352848639,4.85352642840603,4.75584495642909,5.01672037030266,4.69041511863418,4.66784487855143,4.80418947777028,5.13322699381186,4.57133162972163,5.26384836356737,4.51034244733698,4.95226705854722,4.2711191715348,4.86571536744531,4.61393302292962,4.73700900648181,4.56522800328517,5.00768409554342,4.92096442306578,5.22716053622011,4.99537777989711,5.31015646505973,4.95017783431071,4.55699130950073,4.88810329026204,4.43530605616125,5.08662717612417,4.68310702104236,4.57887971508786,4.66260765869856,4.77033913796031,4.93757388429971,4.80680698240636,4.85422871109545
"55",4.45968302596479,4.5630505474481,4.78869586835038,4.56534652633858,4.82926807847105,4.0962587371133,4.5962767635996,4.56785171861559,4.3938333628,4.22449586027403,4.44417421094125,4.55772503386042,5.08497511403819,4.15045063312084,4.23774841107566,4.38092106688698,4.48935819475045,4.62812297087082,4.64314673938812,4.42197993293075,4.49402804190503,4.47991908821954,4.38192096346793,4.47813433553559,4.76151188357532,4.71762982926343,4.49186300177185,4.43275083210836,4.85224029781939,4.01802222582876,4.43888257596583,4.20517375718475,4.77264078595918,4.65227287329164,3.88397310550601,4.05052496273669,4.12938641100251,4.89940934829161,4.50933031822742,4.50293639073683,4.38040637318868,4.28819997846908,4.28268505293968,4.22403159120904,4.65161284192958,4.37474588420778,4.57046461142343,4.37065783606676,4.62372316506446,3.90959071091463,4.81463157932233,4.80791180796414,4.30445990795994,4.95907929571783,4.34518447545717,4.53709882998768,4.43254719619281,4.56315407374375,4.18877588564324,4.20528732820645,4.31927041968665,4.36591047702454,4.36942123986354,4.1571339857464,4.4513620986939,4.55910914975298,4.48936741679112,4.49159856248305,4.42409281179443,4.70305582680051,4.43016213032373,4.4431619741001,4.54314339350551,4.7919277286691,4.43322909279286,4.93311581193206,4.26216334318911,4.57677498397535,3.90030262165282,4.7273988259416,4.30262199362382,4.53361760454957,4.49095903028006,4.77966430898914,4.66573136534411,5.05470192765414,4.713727432166,5.01780305208695,4.73448722527196,4.26914459430635,4.64278826817497,4.16030087505904,4.78403510736375,4.55824280302877,4.22176094252022,4.47068871688521,4.62003500110037,4.73700412379596,4.54960267073348,4.61614739983302
"56",4.24463497274834,4.23326998124542,4.46917059717167,4.13977477356645,4.54310434585427,3.95210023041331,4.34559819398233,4.32598011773874,4.0950260719238,3.84507498723506,4.16629090387225,4.31005309893592,5.00412496001349,4.06973174263653,3.99609702789769,4.14872772147968,4.13895684578604,4.34261999589259,4.43018684148555,4.08681583802343,4.44495745567142,4.1249017042764,4.2793035403318,4.22283380737356,4.53954945829706,4.56813899594315,4.11474236242192,4.28055471380323,4.57847811682817,3.72634971864851,4.17025233814092,3.97251184794557,4.4835674182239,4.46807322724684,3.83230825568072,3.5083843895843,3.71044001597049,4.64506273206028,4.23773750138473,4.44917753636129,4.08162903269687,4.04285228183184,3.94509168587293,4.1174379252091,4.56242943206134,4.16243178907439,4.25505581365727,4.29148722520549,4.52584934586427,3.5816107086177,4.54268137515665,4.52144072984437,4.07696065974038,4.83812715759788,4.19173306526997,4.14213929627925,4.02435823032283,4.24315005266468,3.94923094814634,4.05784245328353,4.09016105242772,4.20385042130532,3.99063332995517,3.86041064506092,4.34331020959015,4.35965349502155,4.18347479760275,4.23509046007005,4.12966023049642,4.63146282424839,4.29445487669743,4.23713534877094,4.40186848827994,4.35622190951464,4.16827255521615,4.72626945825721,3.94781596956689,4.21987800552655,3.47718350156563,4.33350764664096,4.16400459185673,4.2714177976215,4.20935270886265,4.57196437176816,4.49780820501583,4.61360760098326,4.5378436130847,4.76602510358268,4.5069269733072,4.15445025503005,4.49737525529912,4.01569061492988,4.60750241232293,4.10992154223696,3.96695205103332,4.11323518360149,4.097439175811,4.52497356529806,4.25558554531671,4.44943742189833
"57",4.68214037702949,4.64629715411573,4.83030074589857,4.7097019932537,4.90989341501587,4.41993461089223,4.63703589282471,4.78886803786354,4.60581050624213,4.27444870955585,4.48686242763756,4.58550627281449,5.29094449719307,4.33780238833622,4.52688801791569,4.55861483370608,4.60745818584798,4.7657324138717,4.73145747167835,4.44999381385577,4.91631853449211,4.57325983597604,4.71898332291897,4.5002484945628,4.77745151461016,4.91219296338567,4.46060909924462,4.72363426489966,4.87804226056977,4.30107637136398,4.4428311729293,4.5235857822683,4.84074541874291,4.75351225603034,4.34003107005099,3.96488726787656,4.14550122636977,4.9425825734503,4.47545200184024,4.74459777580818,4.43134871204259,4.45593322311383,4.42288720455721,4.46453593175759,4.88145892250396,4.53072955728835,4.69274423887111,4.66122816075767,4.94509127115083,4.07243666415421,4.84062171852722,4.95434026022846,4.5752157127612,5.04373480377105,4.68245942916848,4.59736593540806,4.43322844731567,4.5835675725364,4.35485968433009,4.48594703801836,4.30910133699034,4.52280280443609,4.31610326853282,4.28914128937661,4.59663241199706,4.64312323083982,4.66871384040089,4.62090074151521,4.53824310497414,4.94672243971849,4.74231983521021,4.69084727339641,4.9345291612771,4.62485590316036,4.60322159534674,5.09352518032945,4.3647210953626,4.57367126367673,4.11183865046648,4.79183313960611,4.43843704014277,4.68207371246228,4.54463892551445,4.8586236736881,4.97044284043771,4.98958655764886,4.82958308665576,4.91299614587801,5.0124526219334,4.61225736149072,4.87819330217054,4.48803367755554,5.04929060523761,4.5803157289512,4.2984479363778,4.54656987822653,4.4554119736148,4.88632925031376,4.56952094662089,4.81818743596703
"58",4.5477962685019,4.43621322782144,4.67949721018609,4.48252836117045,4.40961769734185,4.12003252067587,4.53428888264171,4.32695146495933,4.19034848695904,3.8873139984514,4.28751222125653,4.26209836384245,5.0967050005545,4.15645601137555,4.15011085264585,4.30095564756799,4.49611813187693,4.55731913995226,4.57246806453773,4.16470067501366,4.60367660699061,4.23404090171334,4.29447576766554,4.17803038734392,4.4964630920175,4.64942119872803,4.33550660701359,4.75634744229192,4.57403961089968,4.08837285094101,3.99011713709476,4.3045036590899,4.65902212022059,4.4415167037948,4.18898286307109,3.74381981462769,4.00309343488677,4.51690842025126,4.10430040490975,4.51716969867451,4.15919254308131,4.06138850956354,4.17196903872061,4.35226712601378,4.7714328936214,4.09925621953643,4.53570009573337,4.50934699280398,4.69336809424428,3.75545908009807,4.47264586715283,4.78839801766597,4.40081949311675,4.6348327474454,4.31641451441315,4.29121013087695,4.06885441308514,4.4437132460582,4.15943808957877,4.18539849805142,4.15160463623919,4.16873438527808,4.07340379118894,3.99884560863032,4.31997353374043,4.45586994328197,4.48239137837551,4.09216306202534,4.40011781992855,4.65981826936181,4.49976618209628,4.3448204992919,4.65780029765804,4.56287641392152,4.29377890788909,4.85333478105575,4.05342126377609,4.3794925261348,3.89331863470299,4.47979270102269,4.11510816131591,4.34192409318207,4.41083527055671,4.63197794108514,4.82453323417329,4.65509354495674,4.70264345939036,4.66487013350222,4.77107600406912,4.43050315510864,4.70066303815477,4.25035860665768,4.65504171056178,4.28422963499081,4.1087355011497,4.44819555963662,4.0967803101608,4.53530450850877,4.34530646695748,4.61665681290896
"59",4.43262637376873,4.30214654153648,4.22152215328039,4.27574103837155,4.20336304482996,3.76248891553588,4.31658284567005,4.09787273908868,4.07923326773358,3.66445886979674,4.14682180366847,3.83642940819886,4.88367504575333,3.83991741929962,3.89983816718017,3.9395186215926,4.14090581540644,4.26989510721153,4.42260329926781,3.99230594880047,4.30372531891102,3.98741743374194,4.24000364756259,4.10697033903335,4.28917240545201,4.39866048519882,4.20161469723089,4.56509855925555,4.33434271007634,3.70695534318197,3.52276226756834,4.05558792699089,4.5100239699475,4.29777779065025,3.81450572922194,3.5358378127671,3.93896462806619,4.26559760108051,3.78112491238934,4.32186639078082,3.85033569787643,3.88335489901005,3.88586494857869,4.13816392132401,4.54130933104916,3.97645567012845,4.38480905574097,4.21473596382743,4.46877780387003,3.5018857024988,4.19495086596542,4.40475816253066,4.34326735201738,4.45728962305927,3.95012320402835,4.01164483760702,3.75339449454852,4.11311698077513,3.93805040073678,3.89140014557236,3.88501547454069,4.13677749336935,3.79759668291045,3.7369262443862,4.16702878243992,4.10051361297267,4.26004343932304,3.89343654915991,4.33822049043434,4.35727607525005,4.31042219616007,3.99706338743506,4.42431446570237,4.33250465967093,4.14133627377956,4.51514825120197,3.81354042324485,4.2173516551124,3.60103456287587,4.41807778635401,3.71850769844369,4.22381445898626,3.91149716455883,4.20956456022782,4.53326070057925,4.29920225648599,4.50100995972886,4.48949533816203,4.53819071455966,4.1750068691966,4.48147991049532,4.09489608186644,4.42997348456974,4.23897697981348,3.79515758864782,4.11543385764872,3.81093728080509,4.28082787660632,4.06059183669107,4.38795469880065
"60",4.25503130277944,3.97754214607532,3.99625868505993,4.12635360197304,4.04114036069444,3.52300442752584,4.00889260198245,3.82445276164936,3.83132304656968,3.18847699729014,4.15308852097993,3.66287948467257,4.73557211220586,3.60648992290723,3.67341981733581,3.59426845136742,3.9368597911939,4.08876983412407,4.39254417035264,3.66113987154167,4.26305422248663,3.70302067832964,3.83663308945603,4.01299175450174,4.08252112526041,4.13042934935615,3.95733613972841,4.40398650278892,4.01723252690021,3.48987750166669,3.16232237918057,3.63931616765816,4.34094343442074,4.04098601589885,3.41445956026534,3.40890419750504,3.69705105447908,4.07265685888994,3.44507184844491,4.20510402825804,3.58330793640956,3.66342876851163,3.78237398468204,3.78441600803169,4.36357521046078,3.64340229008647,3.99808176501389,3.87151044998872,4.31156329410222,3.17544393679283,3.9341802230155,4.36125864171391,4.20745729476271,4.3025138000575,3.77410757511885,3.57312895044848,3.42054527958946,4.0070358968314,3.6088703528727,3.75790600545619,3.33819181979188,3.85638665381452,3.43597925122959,3.50080994705728,3.92114606985292,3.88915883394456,4.09214755508178,3.82969812050053,4.14004305184929,4.12764064346476,4.10373323059443,3.62921133935987,4.11328722247543,4.27178420266075,3.91183113920176,4.34191561313922,3.58878926974607,4.00377660192424,3.25132140408299,4.35335990270326,3.39385625987823,4.0176947699518,3.78574534978644,4.05797361266683,4.33277197003647,4.10843828270237,4.36890839585787,4.25344927389762,4.35125354747685,3.9185165024154,4.08910442471222,3.94150338062399,4.32726857102633,3.92328605741872,3.55263323816434,3.98587101781783,3.66544237710641,4.06141371861912,3.91960837790456,4.07384407087236
"61",4.33802452891326,4.24388266251124,4.26977777615499,4.356767226584,4.2716752139476,3.89978890432342,4.13990835734705,4.02415804952261,4.09877112640983,3.74706257735864,4.32373284915765,3.97383603632884,4.66101151916495,4.0697087457567,4.00888140018858,3.97207805332663,4.22141206659339,4.27679388016832,4.48033058463372,3.90573566841257,4.45733059942174,3.92472947092113,4.27610468698197,4.2607445213873,4.19700760502039,4.26783130890623,4.34296788436219,4.59266106506267,4.2476501435876,3.92502729398563,3.49064119959773,3.94616252202111,4.60709655572388,4.19922276505671,3.91379019785659,3.75830326611143,4.01481835361684,4.21867639770316,3.80905271774544,4.43861204967605,4.01745372372903,3.89103015391203,4.15951813211529,4.02975009240693,4.4961249414714,3.9907812497902,4.20399032787331,4.14813253913341,4.55438563734184,3.61628670188641,4.14644730306088,4.45844077896032,4.35556196140208,4.39960711514358,4.09163733663683,3.92137511525614,3.89522303980361,4.09021582669626,3.97385724419024,3.9722781752244,3.62805746368529,4.14234255277767,3.85046654905936,3.93919973850024,4.14149818620624,4.15562214684739,4.4087095886249,4.12041926372708,4.37614204142151,4.48317051182497,4.34255101504727,3.84720612756229,4.32234891797093,4.32978307129822,4.13279175763752,4.51800464962095,3.92684533105821,4.25961266159021,3.58027525459197,4.54123126977777,3.65909404061675,4.30748697113554,4.14577367620205,4.32798955775505,4.43271742444233,4.41178969102086,4.58672252041296,4.34110982228644,4.46807411754137,4.17288727397834,4.23837566778112,4.10806041167173,4.59948874894737,4.21967068801682,3.94956268878549,4.22411434396636,4.02469275563036,4.22799219663109,4.29347515046287,4.25531828899044
"62",4.30264852999178,4.08055046282222,3.98448419448631,4.21192673300449,4.06366719583445,3.47315422220884,3.83728304674317,3.59244895430624,3.66051014661857,3.31242885294272,4.27728419230843,3.59489065105812,4.40667117160253,3.70352219483189,3.79278189911966,3.75154497945553,3.89987006786526,4.06368253604586,4.30259203640568,3.63211383493552,4.294871102586,3.774338976849,4.09679580448921,3.86504394300552,3.90489039748591,4.13730153822948,4.2284132447628,4.24253455770359,3.94237623018498,3.75979831407223,3.14125502201023,3.77081073295508,4.38383805813718,4.0364968146691,3.60060240580342,3.52482030291594,3.68326452846897,4.00021412615696,3.4562950121996,4.07697200514954,3.79937982344188,3.73720158083657,4.09024591779904,3.76507171810447,4.15269466883633,3.86404918862459,3.92551712511428,3.95564689179575,4.35229236037593,3.41603260051805,3.92810469747741,4.19434734001062,4.09757600173099,4.09753200307897,4.03591703523186,3.71081395728863,3.80448620637415,3.94919985722501,3.86001011838917,3.97046983555538,3.44714720081483,3.88738421159282,3.54421146316863,3.78825473369876,3.64359531535258,3.97602804274711,4.03418431821812,3.89929453553559,4.19730146929706,4.36802226153084,3.9077481310567,3.70962281153543,4.12121050680649,4.27103006089157,3.86691471822825,4.26677179418135,3.70557763985537,3.96392165725338,3.26715594461145,4.29891009118313,3.38976442325547,3.99907844699619,3.87942383963456,3.97376424706628,4.18738146058549,4.23289026927853,4.42436537276051,4.15056411318655,4.29742584007603,3.63302642584888,4.11631958142174,3.83813218278011,4.26847389141439,3.88563897838621,3.64461056835559,4.02225234212075,3.74219487485948,4.13369313420975,4.00583718578152,3.97607427374044
"63",4.07848320153275,3.7229907280195,3.80151738753393,4.06840966282682,3.73840208584932,3.16974636771745,3.8069787328945,3.29758495598638,3.43379227620957,2.97006618087699,4.03124031474547,3.31442851716978,4.05151216198985,3.59312448318931,3.46300370730034,3.60307619199593,3.54311939904361,3.76679529833364,4.01974141552415,3.35557151106086,4.20622797182853,3.60856384358137,3.82913862278292,3.59554934419188,3.45235687562612,3.99778602284935,4.11507792732176,4.00291063687299,3.67518227167112,3.53105123647361,2.86694930607273,3.56985596718419,4.2194993651991,3.88811345231662,3.42371499775196,3.32107639820032,3.39819008901615,3.89190205298232,3.32858785992956,3.84516544864803,3.48990757907912,3.47946814323489,3.83620845538992,3.52955951748343,3.98928830107541,3.69206567825037,3.57509018720566,3.58344423540389,4.19017690960853,3.06282153429485,3.64352127447253,4.03539899275045,3.85343830958042,3.81216193438623,3.82565298606618,3.5389480855411,3.39426879968918,3.73230989777106,3.68911379719005,3.76669509117302,3.10100940972733,3.63099260565624,3.27761020067538,3.56454416529056,3.33609919713494,3.76925422725123,3.77855267040638,3.72949154895513,3.99427231820749,4.16239449492153,3.56017495191245,3.53186301000058,3.64106410126864,4.10961289227316,3.6085715825923,4.04081300135882,3.608209420332,3.74851247834879,2.95879439119875,4.06878801536219,3.03777648192138,3.80672857267682,3.57153940393701,3.56717827271779,4.17230278311436,4.16360295266741,4.00795262002284,3.77362888797197,4.20502237729207,3.25725512172154,3.81279539444177,3.59978328248815,3.95141919995204,3.67878865855657,3.28963170531942,3.85549866824053,3.41930897266566,4.030585263499,3.85192945656249,3.84935801168554
"64",4.31908096871717,4.21298553606615,4.13091116761095,4.34063939571849,4.07552371552566,3.75101102931715,4.05232549335631,3.68682784243392,3.83899374196525,3.50871460063491,4.20535737963117,3.79943186185739,4.27997489647757,3.98509730174362,3.82477609538507,4.05433205845123,3.95866251562215,4.10826416085586,4.31212112884862,3.77980252798953,4.39045331374104,3.88357587050452,4.05298965416886,3.94763958999684,3.82810261347279,4.29107283996395,4.27553099571823,4.24644937850232,4.03796237811584,3.82652088467955,3.46979191789583,3.99311561125929,4.49879323934251,4.34639756024928,3.85036839435708,3.8504587559382,3.83375798168372,4.11929517804241,3.68888455591876,4.22595052913709,3.84237865604637,3.85030828441709,4.19336370650724,3.88027040560605,4.26163215353867,3.99278488177567,3.98375393902716,4.0857273026643,4.43327869344339,3.49460665143991,4.07271727504284,4.44325135484457,4.193966952919,4.05471950390664,4.09824902726519,3.94980040066282,3.76725319378177,4.16350471807701,4.08027823005721,4.13377544796782,3.6939831510442,3.99312267194803,3.69852976322271,3.99103094733724,3.72400876251187,3.9985420413991,4.22260528286718,4.05646511138094,4.20820808143361,4.28861125473227,3.90582847333306,3.80638884318314,4.00250314110867,4.41187444123945,3.93681492663572,4.28306063803172,3.96231041247797,4.01868946491375,3.46327654489201,4.22790895003244,3.54870530892677,4.22289300554031,4.03896560426545,3.94195274547982,4.38570942603367,4.54040309385003,4.2898997129121,4.19278321740179,4.51448856528736,3.778449623156,4.25663228745122,3.9172422918165,4.39997363183,4.11590476854058,3.75377551701999,4.30418450963505,3.75612789214018,4.37908806862331,4.11704240223139,4.2110096486103
"65",4.30219773361326,4.61309105678716,4.34296721926319,4.46010405664946,4.29558698085989,4.06323875770164,4.52088792885327,3.97987310914774,4.018309210267,3.53184932345338,4.51637194806396,4.19706186725465,4.69572790531077,3.71042293322169,3.875952777555,4.34829252558203,4.34792686854091,4.25242578197814,4.85330013315643,3.86141777929027,4.75096093302482,4.00057011388994,4.34760287865882,4.19507614275374,4.39656092058937,4.53197367484631,4.75918641470965,4.7622730251143,3.85313494449838,4.19517346718312,3.47615384062479,4.74465676277564,4.745144091695,4.55949049464946,3.92555753116961,3.98232845548187,3.74710229470518,4.53841078400105,4.20175846877139,4.56959348391293,4.81434041330133,3.82770885386387,4.40887718410017,3.95636765438376,4.77440826056482,4.13151870290336,4.57037663607906,4.45865360717017,4.94124811739784,3.75053436557822,4.15373853305738,4.92405613600167,4.0331415070621,3.91047311841851,3.96503004783371,4.02639488676433,4.49241380793759,4.42799653190581,4.58105616880471,3.95288525956216,3.89805506094479,4.43399143912302,3.94588877789002,4.28730520238587,3.79624687165753,3.83919563246547,4.74151279106661,4.46198703245612,4.47803742486819,4.46845610260804,4.36484998868839,4.19116299670753,3.63750885581984,4.68371712743856,4.3880353365,4.42748065773403,4.24618206397027,4.0710931689205,3.86309548007112,4.78829265583324,4.33308985977122,4.12151902812247,4.46406351135762,4.15171001580705,4.58525741655802,5.36479741159056,4.65705193418104,4.56549648042955,4.8153023788616,4.3066031242605,4.61901002538031,4.38026536131674,4.9855745564887,4.02267652944959,4.36445273655919,4.24209427511121,4.17829539730269,4.62415652904515,4.50250361995996,4.61054429407057
"66",4.49394767646953,4.78523768406658,4.71940443097858,4.53985046577869,5.00972763653202,4.31660096807516,5.35256346193791,4.05275733393952,4.12277331992783,3.83194874159363,5.14564793724506,4.35083719028334,5.02427245536834,4.35467527394989,4.20143983484816,4.13849496835902,5.09673575270892,4.31536693911554,5.15800215160808,4.44504111042847,4.85205556095955,3.60905428265756,4.36084503006171,4.3647366062492,4.58113270213741,4.78847851960743,4.97559122933927,5.09851644251234,3.88041685489451,4.3640824103028,4.31307109280201,5.15871618898754,5.57963665083211,5.06611835856947,4.25796160238546,4.32146521103446,4.25957776148272,4.7551509480103,4.19568036626848,4.91490380249153,5.02375536595943,4.47618041788531,4.65623926958006,4.1433414940674,5.12878634792185,4.16049861176236,4.72803013214469,4.48724665642436,5.41600455479271,4.48320161856078,4.40528397973446,4.58103816059981,4.37894418507643,4.28478004580319,4.02565745857672,4.26617226457056,4.40297515651629,5.07831002608175,4.96501858735436,4.10543029467073,4.16195555521844,4.88936001894694,4.60355712711794,4.72090554394767,3.76612337070169,4.3571057082967,4.50304157396261,4.6995990714678,4.58760668777365,5.22820328966896,4.2536688403199,3.88090636043467,3.75419580404075,4.73574946172309,4.72062778272763,4.93730749041728,4.27444048504224,4.78214454118562,4.07356308194692,5.4190113948735,4.53544928947464,4.84888324955499,4.97484990828909,4.3242077360623,4.95118274596797,5.49645110717997,5.40607811576771,4.21817377882686,5.71698816569698,4.2909523623467,4.47584295372558,4.31540103618396,5.18191286754714,3.99396858355524,4.71259572806326,3.72588998755608,4.61266388440951,4.64374796484419,5.10888675779304,4.68487872389526
"67",4.57801439993188,4.87915585132053,4.70790533905552,4.67324919274853,5.9141369716312,4.40701343938044,5.28623500418912,4.34672763584147,4.12581841657206,4.75827809130713,5.46951529361845,5.02031670002134,4.9397798688308,4.77779652869066,4.13787413817793,4.57527693477764,5.52425275143378,3.99894681791741,5.43397754973867,4.38768000047053,4.3952348919441,4.13660899444509,4.69324688559661,4.94212666298697,4.37346675855762,4.23045960860674,5.42484728975172,4.98578841991119,4.33459713184679,4.50249324321043,4.51156567264442,5.22928482302242,6.34498007202237,5.21871602167668,4.84593346236933,4.70180250979787,4.05769831920341,5.07454525628977,4.62870609436144,5.18835854531568,4.98603619298097,4.87671747675225,4.07643513659222,3.72878463001906,5.02200420456688,4.15351634319352,4.73263475421506,4.38095380527404,5.30828649803735,4.81424054581033,4.51400818121811,4.94097472930479,4.77564363265521,4.23875544848465,4.47746664922604,4.61314512014377,5.01951544445294,5.68323622099874,5.35312295614712,4.23018559706277,4.62237880376082,5.34396232550084,4.96770641986562,4.80283395671536,4.71145534840449,4.64468379507233,4.65142538739546,5.0807046626056,4.52356423236583,5.49762923066391,4.19557624155156,3.96428356905739,3.46093180658837,5.00385257972024,5.00384789944232,5.32568702229251,4.42424456168279,5.39601578655059,4.18299473430861,5.5187295313021,5.12807951544482,5.13068872106256,5.21823086066839,4.21300784205902,4.90713189372189,6.13214835805054,5.26602166330035,4.82317356432612,5.84271002693432,4.56162383958804,4.36650631651834,4.55108692198319,5.39903771236431,4.52565278595741,5.21302829433558,3.79514931670382,4.82366680683784,4.63149555066514,5.70397129580324,4.73839479521226
"68",4.63328787085595,5.09395460808413,5.14270680476737,4.960778755139,6.45493988534089,5.02501609171525,5.3753448994077,4.71037397410931,4.45655078655328,5.22385999845862,5.91045656313314,5.18434184557996,5.00986047141217,5.13015052860687,4.65278739114517,5.0139044461313,6.38830202805572,4.42198071535721,5.67316869563478,4.91514430644855,5.06310944132574,4.35552986977822,5.01695843740782,5.25904804449517,4.62902511665991,4.85804380973816,5.65183999105756,4.88813992284896,4.92063021107032,5.09211529532229,4.94586705766567,5.15071989482108,7.27839143202882,5.38611503140209,5.26877453364279,4.92246904936995,4.05722697750388,5.56178523028157,4.77830044238895,5.48709260203673,4.77626620541517,4.84372496451189,4.95891265988597,3.99957191178894,5.43117068247133,4.38243989428912,4.79153435139025,4.35072709190808,5.48877095716382,5.29427586555942,4.50860574389832,5.3592002439685,4.68802707535445,4.30833218242703,4.67892004808324,5.11802556356494,4.83449919100227,5.82453143063481,5.73882137006412,4.54453163460134,5.0357338682808,5.20260904690409,5.41581230006865,5.240689775464,4.84267571093924,4.75182878716912,4.84062139127163,5.66749315540804,4.90981494215014,5.76052024794511,4.22825120952977,3.89318765298148,3.9143377179649,5.48661934547751,5.29313031604583,5.33849603967764,4.75674878126925,5.72288707799442,4.19735271084742,6.06338572449667,4.64488216490846,5.28447935277529,5.61551411630293,4.47167406644012,5.04263458700978,6.0517554822399,6.22991138406404,4.58982462788346,6.05444631886933,4.60992099195023,4.20141790576781,4.76732150689373,5.33012008030862,4.66866789082509,5.20461289394906,4.01281036447469,4.5547875817729,5.08546474881928,5.88385219309787,4.95681377067302
"69",4.98632481283694,5.41477581749653,5.72204231837596,5.46313778673844,6.36980182924378,5.64030356598996,5.94678461017463,4.68861779695083,4.78068227710191,5.34985035640547,6.00458911385663,5.14304553196109,4.45767822135645,5.53593356385078,5.03752378303611,5.35498191761294,6.76538868927539,4.88377490815977,5.89374583186902,4.87148928382842,5.35654173793023,4.75807451832446,5.01448023021845,4.82980672798387,4.81496171548242,5.22015014178921,5.68834531003585,5.31522061125411,5.41446170735962,5.47466298344897,5.48512865169123,5.68788426726443,7.62591667896739,5.75001722314917,5.36323957743276,5.27604307842133,4.14925709385725,6.06292516833039,4.72310323253887,5.97610666595285,5.3073833583836,4.60651002992203,5.59202430156062,4.13997371997012,5.35393980343073,4.67866734816623,4.89609397398447,4.23388393173068,5.47962584071877,4.73128169727742,5.00826263387984,5.58561016164915,4.48872800731793,4.33253845696482,5.00651273903172,5.5325234904451,5.4115966661667,6.12371926715152,6.12350644595154,5.17980551971747,5.47254260231862,5.43872006567504,5.80844457826186,5.05126061667274,4.66512681844691,4.86579519267993,4.78417493040548,5.7971109832816,5.20452108556217,5.91832753403445,4.64802367870458,4.18720584107976,3.80327834577371,5.46108907021608,5.55864017839085,6.26023561063109,5.20754839230974,5.69203946622525,4.01369010177736,6.44786466878328,4.60680244562836,5.75808369159971,6.23690235198827,4.56096965949702,5.22218281181589,5.96697479626614,6.2267746874487,5.00035287363937,6.31711242338424,5.24876142014261,4.34271848652614,4.67938371733801,5.75034021458993,4.94084444770797,5.11760239399306,3.80084131964697,4.96113414397131,5.31074132161362,5.89004560563014,5.3619413880868
"70",5.27746940028843,5.36554180909474,5.93584816701772,6.0372997841665,6.50144963334166,5.99054786922785,6.14638759657909,5.21762950187173,5.13850485240877,6.27743750631816,6.15388711689101,5.6752306275391,4.81523057084614,5.61482679745094,4.9436714689908,5.52265173640685,6.9727696840244,5.0275272402712,5.95860252503735,5.32043946336857,5.10528928452102,5.38346607391126,5.6090975435207,4.81505997856413,4.49285793617609,5.29680801509665,5.77097204100389,5.43874260398569,5.98788740457059,5.4997492946801,5.90361349442172,5.75826149828034,7.53247767646984,6.01694406170129,5.18970195272705,5.13188360860173,4.29034496718167,6.0146652128249,5.14082539340371,6.46498642056428,5.73624100206623,5.28960819225622,5.33612440526877,4.14576841774241,5.86183506174678,4.93786613103399,4.77207834629572,4.35297496672047,5.65622924006289,5.06260918043655,5.26742867649379,5.76653916446094,4.59133834655636,4.62978517373489,4.92702750802865,6.03080760978,5.85035971651344,6.63635344085243,6.33120720676383,5.26886560688791,6.13996866402857,5.43998019202277,6.16565290789988,5.10318984610963,4.3953515411751,4.9928727964997,5.2294264922159,6.36072870082361,5.76181910329515,6.02164310324599,5.11916454123523,4.42767142467449,4.0239221733769,5.51719305145476,5.48910031734738,6.55216611042938,5.55239806117442,6.31781042781198,4.63735469224304,6.8424083171084,4.96459847963424,6.08962773424755,6.3448383266557,4.75356763963911,5.55337976488636,6.81772166423397,6.37449356027948,5.32951330921924,6.35277068231472,5.66214625595133,4.53968904618996,4.90307988942089,5.67950539927944,5.37020639541641,5.52472524857318,3.77601373469745,5.18624222899396,5.53607006708702,5.62803973972973,5.33255782512324
"71",5.83167304404406,5.67524351945335,5.87134931896783,6.18674288883265,6.23158014475138,6.07550491776957,6.02722219600645,5.74570177359534,5.57887513591366,5.88745573778881,6.13389343883564,5.7398040829006,5.82358393212558,5.98745735731085,5.62615798277417,5.86565766477794,6.31911619960924,5.76856999086854,5.81521940277074,5.77299568173223,5.42766765561205,5.86622731339837,5.79253632382304,5.68329488943591,5.39238316729442,5.7550691047457,5.8892939368641,5.84747332643748,6.16881013616501,5.83207645321921,5.92176985713078,5.83723604977067,6.48689838953869,5.95274380592341,5.7905039312586,5.6012450818895,5.32947376708186,6.13156357259386,5.49082700711385,6.12348747662635,5.94584635154191,5.74769861016739,5.90211465295413,5.11218710024403,6.04834917236732,5.63675751066342,5.54051615742177,5.33268817208792,5.96310028885544,5.68830543802116,5.72917628885817,5.861565242507,5.62374745099608,5.43031159220782,5.71962500608576,6.00561158888014,5.90336882771768,6.39316337428079,6.16709865433438,5.7500818196263,6.11513732840114,5.82211922048518,6.18808289850653,5.74229003054608,5.39738385317614,5.50685731251366,5.61290757488975,6.08013660318277,5.80136506685213,5.89874077708698,5.6097147572936,5.32583621831887,5.25623293348293,5.79151973723131,5.84597682917029,6.1548750483769,5.85341297728176,6.19883003623265,5.57188120163772,6.43646161315549,5.74119250871441,5.95258790777377,6.02370007294502,5.52493953670873,5.81932823202933,6.32675760102037,6.17051816194638,5.70785405163245,6.01802172091975,6.14595658722386,5.44019549590463,5.7267662080168,5.86438349603518,5.53706706267381,5.79975016530391,5.1090194038517,5.6917025706434,5.83653993994058,6.11473393627359,5.77258369406054
"72",6.45083441101121,5.51042975270119,6.56123784963938,6.40273346726439,6.09068797779702,6.57128713142104,6.32879790902646,6.17094075844422,5.98996102258902,6.19019728388067,6.45150742111385,5.50405739020831,5.93770592168101,5.96266637858662,6.21678253561138,5.85774124492768,6.45555115572052,6.19188388299518,5.65999566928913,5.95082654686123,5.55133163806502,5.93350573465204,6.42717375484625,5.88006228835176,5.26314097461475,5.66008113598097,6.41177180720038,5.89488097285702,6.67887867726659,5.84650181242645,6.58427704305477,6.3461768881348,6.76225887807135,6.51759400883492,5.87332940304802,5.20180568917992,5.49099051288569,5.94554522249916,5.7236337305482,6.58162527292963,6.21208717462046,6.01326612541303,6.21099139884447,4.77930766285661,6.3938940694983,5.51924527586514,6.11968322177072,5.40163673510966,6.41953176067739,5.73018807732301,5.72307372452455,5.88656219263542,5.30374652116208,5.58999140627304,5.84583939944525,5.56051843437132,5.95983906497636,6.72969114797487,6.13799187356999,5.58515397375232,6.3077672127193,5.99746466389103,6.4460232682001,5.90380814982845,5.33338135391747,5.81269253770907,5.98366284700335,6.39882520398544,5.96420559489491,6.1389241133948,5.70049263509774,5.49515917823911,5.94033177504735,5.81383338230633,6.24257294003616,6.83459452214615,5.8197685029694,6.63886551603239,5.9196437669353,6.63006432573864,6.15517606687937,6.09775921857051,6.27928621048227,6.1386364985498,6.40411635767328,6.60354085887485,6.71356884596534,5.73974521431538,6.66226909559138,6.61864080070503,4.99395594429374,5.77485785162093,6.37437307879472,5.73852218555457,5.72642576208562,5.07716804272483,6.04124382112158,6.54045138110728,6.6004388640739,6.14268876236674
"73",6.80153806844823,5.48179215476701,6.98110686531241,6.15643636082517,6.58294726014823,6.95856959908571,6.82937546547638,6.02410559059866,6.90285791566473,6.73148178906092,6.71539417770789,5.66160352770163,5.6385565013158,6.16224912745677,6.34059746129848,5.65606730650652,6.9889895362921,6.65874198754141,6.09987885412803,6.15357671862611,5.56210434794016,6.15979699751522,6.71379831159642,5.61284852953576,5.83332602738478,6.01822842602406,6.70717468639902,6.04091794873021,7.02114187940629,6.07421129885729,7.48289319356876,6.26236772498872,6.9085458356169,6.86304772325047,6.00551528375971,5.46150901336144,4.87060945584814,6.26519438342952,6.16036994712431,6.4140556696304,6.45906702856105,6.18561456555359,6.67113590422422,5.25900674617865,6.55009275975555,5.64354970531704,6.56153486579047,5.35864560148219,6.39164882682216,6.00414194974222,5.98678400296854,5.98861459820454,5.34871956864814,6.01662393922951,5.77498343725597,5.4927929467313,5.99240163145933,6.79441312867811,6.83983417115287,5.49338616079064,6.62111662406488,6.67577581459477,6.87737890738895,5.90492326745689,5.86032357729061,5.92312695614642,6.02491554238083,6.40998175282759,6.46315142200388,6.13896033290006,5.67456245645502,5.55998843752662,5.97796914824995,5.94720491121448,6.08337191093526,6.8309994002211,6.11750247913025,7.16566880955266,6.10256582862413,6.85140726736346,6.67328507571064,6.4994062587466,6.18269810854746,6.18831306241562,6.92711797608287,6.98105094681215,7.06207112924145,6.16625336340152,6.71605321890902,6.76677978633695,4.92636360263864,6.16665956245727,6.58044271959614,5.81657029589767,6.09738956559036,5.31601360225613,6.08397527076568,6.49788963909159,7.2726513365407,6.60578412369216
"74",7.00062703310135,5.78258553827186,7.04731506230876,6.149529837415,7.16470517737853,7.26542468574174,7.37426005764231,5.97643424405906,7.2698221143562,6.61485017998849,7.04680795874536,5.91655521851055,5.88045719734518,6.18086319738241,6.44257138585437,5.72916431110455,7.34917241174042,7.44077128674708,6.35374734020392,6.56275995140072,5.54379252285411,6.3544930956624,6.70734294905921,5.77552421334508,5.71749539066843,6.21483789162241,6.9565056452512,6.5355905643097,7.52502635715751,6.46049619688857,7.33114277396415,6.46829749232936,6.93163173957084,7.10593649563228,5.94413245833426,5.6964845623175,5.01408068104793,6.1472505240356,6.36861523930188,6.76408183159382,6.44464751153587,6.41906888246112,6.83367487834494,5.71064445510182,6.98238450294595,6.0935235418186,6.70904071718288,5.97944875018467,6.24394054010292,6.22325180121155,6.01455079705266,6.41181195450164,5.27346289266969,6.47055460579745,6.14604934339644,5.68604771972124,6.36805397060291,6.80316510165359,6.93178209929824,5.99603901384233,6.25633716967447,7.00920993648109,6.75422327304008,6.15321937271811,5.78753810110147,6.20476461076361,6.21417341680571,6.67151881497273,6.60157367438308,5.79498939049972,6.19197849251349,5.68190339601939,6.49590311618852,6.55854699564939,6.36685267364575,7.08018661128074,6.11739552060829,7.15174361946822,6.62217322527044,6.97591767994218,6.78641730970615,6.79305084005808,5.9838641491633,6.28364966255362,6.74549550095356,7.33180047734834,7.48834312487296,6.49599017798522,7.10877657455627,6.59122215262466,4.47406782533373,6.64112223296255,7.03835849762321,5.80023554703948,6.85878549883977,5.20493162468502,6.47179776201833,7.26648908827489,7.384925160223,6.39937360462779
"75",7.50470761113981,6.11001768170461,7.36289582021317,6.26638608172784,7.40960226859733,7.45245485079799,7.09086975685664,5.98426305101903,7.35231026761038,6.87565828469545,6.96468898313196,6.27264563887926,5.95512264191339,6.29953794340271,6.41383077573033,5.99306262855329,7.02572062965613,8.46265486242758,6.7341153771805,6.73945539037094,5.65959625496111,6.94171611507383,7.06013905373773,5.48800919295564,5.38506474891538,6.73279898608793,7.25671312560716,6.83526465166561,7.48004334990281,6.21816972788495,7.87949164631144,6.92109471828879,7.1838466595132,7.70154441955021,5.79426609801102,5.47579773152123,4.61304033210379,6.21940084010785,6.76754127025601,7.26309972258112,6.41022005457084,6.65769829774396,6.76581400269824,6.06312980625213,7.55620904039544,6.33922449036564,6.71732785864039,5.78870301397657,5.92234175592503,6.31793111189744,6.31037832304454,6.91927057531711,5.69517044266977,6.47074619461258,6.54253046225977,5.61157875714121,6.34421884542779,7.48789018278135,7.9086560204999,6.41847073160675,6.70334636808909,7.25440022032022,6.9310857106226,6.76476128777078,5.75688695799394,6.21829474353562,6.81198820461432,6.73390067589443,7.27835508446325,5.78259229378157,6.24334450828276,5.89354090881412,6.87121541117862,6.28311813593187,6.32936398525145,7.28335659131775,6.05076249771963,7.24270650648255,7.08856061018103,7.07518265936205,6.98730592740398,7.03556247170908,5.28789726192822,6.39365434779849,6.80903455681383,7.85520935497189,7.80734127250083,6.65759125860091,7.4586888364637,6.67732681485516,4.81424523259255,7.28156359056006,7.80970229471265,6.14777765309201,6.94826026295989,5.38040561430294,6.7470364108332,7.36386604208733,7.68327910430023,6.42825352790955
"76",8.17472848475785,6.48218847161972,7.26469022169208,6.64526897518719,7.14979202150203,8.07886055584549,6.20787781861729,5.97698223600071,7.81054616579867,7.35788133930893,6.81525712614943,6.19673236420612,6.14620089714875,6.66259179781244,7.33609142815606,5.72947250128323,7.42234268925315,8.54765891566148,6.96541854810931,6.72919397850037,5.56348117691382,7.7617484528039,7.18425591430743,5.86227786093921,5.33451537672964,7.09013603328728,7.25720215731693,6.83865342779106,7.9366676372368,6.7789356951566,8.23997640761827,7.07753040476871,6.80940578189123,8.20900249718083,5.67306401060703,5.93544378262075,4.70556414400467,6.12742863541752,7.37567284778906,7.26161240010971,6.43829772342243,6.92042704947613,6.94514582079143,6.39568571618099,7.81996909345619,6.68926276599144,6.65482777135155,5.93393842654312,6.29064113028879,6.63634958809804,6.99589984363745,7.23850806329288,5.75608972338827,6.59332298054021,6.59001900806265,5.86410821766529,6.6970811299642,7.89326876386159,8.18829064262069,6.36185373942618,6.92010019009149,7.86884799071078,6.86300407176763,7.27792466114847,5.95347941495636,6.92317505102396,6.62463838371008,6.8207796586596,7.63857330796472,5.76814669333889,6.42302463692926,6.58635942761733,6.40017879647575,6.68866872961628,6.17586068082865,7.52742589367478,6.27705811099719,7.05090003658467,7.47544143087511,6.72822467183013,7.03458073267277,7.17387315793351,5.10222278041054,6.79526885096958,7.042301558384,8.16908958955373,7.77461797110783,6.79246203106769,7.83283785020242,6.90638860934855,4.74630104427836,7.66658976202982,7.91668755665722,6.05265569608167,7.02890497087898,5.92767210231995,6.80742590168972,7.31427253432164,7.94521832472314,6.69841591504881
"77",8.32724383366854,7.15927805463259,7.46850451959828,6.54702356625399,7.96078614025063,8.60758187894048,5.89645798931792,5.88683405256169,8.08431159365418,7.79966500270131,7.00414192798578,6.3252254469952,6.41268171222272,7.06467292713288,7.17827289150724,5.79288168173987,7.23989149993972,8.73836725054296,7.23362928225982,6.89510795736258,6.0132489224879,8.14676299448367,7.53892687575953,5.80500809447989,5.6475502118441,7.22759365341725,7.44302847068317,6.93704945734926,7.99153883856751,7.10714816216005,8.27447098243493,7.32884630790761,7.17045931945594,8.23461543791568,5.88022191565134,6.19456361189884,4.93667389482951,6.71319023738575,7.04367954796795,7.28893349178919,6.41747351826877,7.39210838203164,6.4979457791737,6.37346195786283,8.13142073386442,7.23954298411994,7.05084387797382,6.31129988117128,6.49602852779847,6.51937710506241,6.88543297539468,7.24547969581891,6.06491546366159,6.77020626264241,6.75846712118939,5.94523577861187,6.72052108771483,8.32483278357759,9.29542740890111,5.86290086304463,7.24750853719909,7.96001023489582,7.11701984453096,7.95091681280631,6.35329024705285,6.85486699641491,7.087691412556,7.16541269651023,7.82599320007569,5.98243329620966,6.83125007740903,7.31210894257261,7.07045508362535,6.91702236715323,6.22575916395049,7.34456230736258,6.66296213577764,7.34629526624196,7.49807528009572,7.25617089520567,7.04385629859293,7.4131445639817,4.80410445538125,7.18754090010299,7.30176512094396,8.86682028265872,7.90914949519879,6.88365161111749,7.79966413449882,7.5874489956646,4.66685654836584,7.93359287453204,7.81997427389921,6.11209793855921,7.43903818336107,6.30082870910829,7.09873761314463,7.13708359163256,8.05430872372106,6.8722709612858
"78",8.78237738326024,7.34744919364816,7.90523433400884,6.38308229757293,7.7921107851927,9.04888034313198,5.97276828311245,6.05254333288267,8.26551117918781,8.17627180395711,7.33768720609641,6.23613182809722,6.58035823632279,6.88549671938727,7.18577179208314,6.02152553403655,7.64505833831292,8.87120094543856,6.88088244390047,7.46171980488611,6.19459161843816,7.9520624938157,7.4157318966351,5.71433641515634,6.1780621547911,7.50860557710644,8.0912723705983,6.77908379606416,7.95542071513001,7.28117201871373,8.65887567924094,7.49602393460902,7.46126628101897,8.28508802048546,6.03915381264571,6.78383595096652,5.36919492191733,6.95002614726902,7.49917965524451,7.10194953733104,6.26803403684609,7.10727998444318,6.23388994826989,7.19850379584768,8.4093120747123,6.62229228045788,7.5065414173166,6.88243838445222,6.78695008660783,6.67875577314689,7.12683285079184,7.54683762927389,5.97781356894728,7.08303061194855,7.40694490790817,6.14362443039092,6.67210572532807,8.89424647008802,9.71049481871032,5.86854031091422,7.42835819778947,8.14631713533094,7.43592973014416,8.19388194579033,6.43890998508098,6.82628173174883,7.4152456260099,7.75774730206045,8.41675139206003,6.38261371949108,6.96692654286228,7.50669967582386,7.58209390774025,7.61506214681937,6.35223447613848,7.26127084687909,6.82495556988947,7.96316278247949,7.62056859277947,7.68752205434801,6.96769349309175,7.90602532530624,4.56216486733591,7.94915376836665,6.97255568821447,8.86853275645175,8.04413212021995,7.41407424438881,7.86023103972593,7.41287124894046,4.62656627410693,7.73180148815883,8.24578546871327,6.51447427818991,7.46674275813418,6.68248747730579,7.16265955525177,7.72965116622814,8.3755281078821,6.9594650202572
"79",9.38836392754126,7.3478154139601,7.92086463759869,6.4665863919124,7.78758008197169,9.03070315296393,6.18053038668011,6.13412603634858,8.81623075834615,7.91909049835641,7.54092802623424,6.5144339816515,6.93560538956298,6.45673952995073,7.09314200543444,5.85450304811193,7.90432443216817,9.29383111799883,7.33595616138424,7.67459183878261,5.92898709685521,7.84947766419762,8.00444140468407,5.87731009782887,6.51700676173877,7.74232856389945,8.392224933714,6.8447501413186,8.45276564655569,7.88466489793562,8.46424888439106,7.93467460799376,7.79536981378327,8.7545953761253,6.31603806250275,7.01593485171772,5.7504132329663,7.23221409972699,7.91587381870635,7.39488702817861,6.65242631045009,6.90346927307733,6.52916968674473,7.5920972684572,9.21483734361419,7.27772331490771,7.7687564793071,7.21278293063971,6.45382847395644,6.29744951782683,6.75777835599803,7.80670102358798,6.14634395362283,7.45383384177,7.52487768059506,6.00019610734844,6.92992082874298,9.46748032108926,9.88738757302872,6.38905461244915,7.49927590095136,8.37928262677148,7.72100234941165,8.24162640719859,6.7820695403461,6.74114254757734,7.57879642459917,7.85481587490883,8.83808932601362,6.74266063630438,6.8544131904633,7.7273565601502,7.78864524187527,8.27653273800437,6.4635511657312,7.14916557139311,7.14277858695095,8.27321257505944,7.25970559289355,7.9361284688782,6.64797372895888,8.38101348414799,4.93874831363093,7.94592129105742,7.44362214014671,8.69835871644911,8.39121093465595,6.99854448967772,8.03128780833909,7.1491638970754,4.91181131047046,7.79604591508302,8.16018600592984,6.74254408267127,7.84406434477035,6.96834566506521,7.4551804250473,7.80060562888431,8.69887428661512,7.25595260134311
"80",9.19803095958921,7.4116869364528,8.19216871732771,6.70149418415554,8.02281311452616,9.25707143496476,6.28986008112938,6.41686911109367,8.60219781033121,8.15210173580875,7.70982613889717,6.37149044596527,7.27043768545355,6.72898542150017,7.41898433600573,6.3427239464168,7.82271460172612,9.20249806237583,7.27729970536975,7.4982750474161,6.69275188434829,7.11139463623916,8.12152917625613,5.85382885680168,6.67158400541977,8.09668129396522,8.51544496873102,7.05058689900889,8.87006969644812,8.40350138113052,8.29142334652055,8.17721075485236,7.79447224565461,9.33151751719943,6.31220553716605,7.70714110689315,5.44050832052425,7.64623515513353,7.62963580405658,7.01075236241861,6.90947939454781,7.35730377816602,6.44199541544234,7.42300597620802,9.70779026326112,7.34488907720646,8.13699597539026,7.30703769836243,7.09457839067493,7.13985677842233,6.50418475746358,7.82775790580725,6.09706912596591,7.49452790303412,7.03773385819543,6.29553344947302,7.19791360196082,9.72621239461782,10.3776489189738,6.42056777603475,7.66625759839184,8.63728193785827,7.85717099024678,8.26181686534725,6.45059078803975,6.7400394495557,7.97449667277592,8.25790583467329,9.29396420070133,6.72807731485222,7.25087965428269,8.49573285686093,7.7892216533081,8.67347417194621,6.64671018096608,7.16581604635813,7.3676478602623,8.09929137511869,7.14074176263133,8.23945474287163,6.92453312656496,8.26256521986817,5.04969619724288,8.2979808807617,7.71803022920754,8.95202133955389,8.57112059860717,7.10857347283482,8.20834262428984,7.20371345900165,5.688746108216,8.20912936161604,8.44427552744762,6.70825324130026,7.52113432254144,7.17141540331613,7.15221970324791,7.88085165041844,8.67484495146492,7.43345873294369
"81",9.70267386724957,7.6472328294473,8.42258866675112,6.43436378557475,8.23007109585104,9.40145064243979,6.28665162586599,6.65029169698401,8.37257256889117,7.90385841947355,8.1101802509976,6.72953482049985,7.69678612115455,7.31208495624436,7.94527768771592,6.41446545359968,8.0419118331189,8.97807049326868,7.33179571542702,7.42014906590886,6.94324242439649,6.93385514314706,8.14752079161932,5.40688415660634,7.14750129118855,8.04025583822196,8.70505677498934,6.65846138035008,9.14311515698391,8.84475956707505,8.69905789359057,8.26369814558109,7.51009958373923,9.16334531162843,6.81729978148822,7.91393262001526,5.457271827637,7.94045490068495,7.39723479784521,7.37440205421484,6.75666683219997,6.71810301744616,7.61873203561574,7.54076090567001,9.59032224131521,7.58699128731013,8.43395465654088,7.30948575453163,7.03791078260647,7.2877759384331,6.62791158977346,7.98627580123945,6.03584087555901,7.36919623478433,7.19007580284424,6.48137345461133,7.1958348968802,10.3841388290359,10.8092201890674,6.70544447998363,7.83960642994684,8.99129104261762,8.01959495913504,8.18338675750414,6.64739640691627,6.95901429301012,8.63602486622545,8.28837422172262,9.65657268128935,6.9489044600735,7.29358054174215,9.320278477284,7.6240994661148,8.73119358982048,7.15429579432515,7.16900540636594,7.4773410040722,8.2447979744617,6.72066856960876,8.48520888811767,7.51757959513885,8.48121430803345,5.05368430523715,8.5136381297954,7.57417408384225,8.69527482975797,8.66925523751885,7.35195540930875,8.69140595173217,7.44532499466868,5.85880765583899,7.96661315090138,8.5251874680375,6.53001661045862,8.18546099129073,7.28910147018621,7.32118299170105,7.70254796591902,8.57435473006724,7.05970775871967
"82",9.75859532901906,8.0837260871311,8.65800261788147,6.65252009124887,8.02414660496472,9.44405398661101,6.87596732493465,6.50025269051848,8.77732787788853,8.12101044464028,7.65797639049083,6.6337123544613,8.13561930172691,7.32251710065586,8.49333583412443,6.8379486237509,8.29712438799607,9.21726711878086,7.26761474057445,7.73589332451593,7.49605600770524,7.23407910018902,8.17089487249993,5.83679639102436,6.95145845729194,8.24651082013496,9.31315346634443,6.70902916056063,9.40053629900388,8.96042710668215,9.03643861991917,8.61766199119637,7.72553075970057,9.01648340689627,7.05659811422652,7.89957711644876,5.24863385317964,8.28084494695814,7.82268354012535,7.24084277462192,6.99608155324781,6.39375693898244,8.07848252975752,7.27648539707172,9.43189821954627,7.39298736186774,8.38991525259246,7.34953137879703,6.93108633364649,6.99088006351949,6.72009449216677,8.05394934273991,6.54305441764916,7.57749936154005,7.44486554837214,6.79807603551802,7.03298789741455,10.9318715793083,11.3113512638007,6.84119382697854,7.97076541916567,8.72854449850059,7.81759672567814,8.49477936090033,6.28029347429271,7.33092264446424,8.54027459549877,8.69891805996674,10.0839713251705,6.45380893750288,7.34097879771336,10.1571826287332,7.9292736952901,9.07292315868405,7.62014730826655,7.08267632000558,7.43052199200875,8.81309133579976,6.81129023221104,8.68658609911058,7.86672573350909,8.47948142072602,5.32260409733798,8.45193974172028,7.82519528112608,9.01504862193033,8.88006309527903,7.79829697013099,8.80541925903502,7.14889968366997,6.03240059724318,7.62657159303673,8.28539287304252,6.40849753359283,8.69215038346046,7.282394417627,7.36795122216323,8.55964139655004,8.88043538090108,7.03872515288262
"83",9.59444155025896,8.73883856376321,8.63774096205658,6.24774094247328,8.19462970236967,9.55435413204286,7.02631887358173,6.49732213692779,8.36376506623026,7.86635786942819,8.0267374254978,7.36780111515457,8.24569393450154,7.55800013330389,8.44458508396866,7.19003523802361,8.69323969271007,9.99372060767835,7.64915733766086,8.14004079403654,7.56110030664216,7.41177826383735,8.05857668256654,6.06904079385363,7.3436200395886,7.99611828427041,9.67693081126497,6.40586322420751,9.54104411522354,9.18544063065038,8.58638887747877,8.63603881976819,8.08439351984024,9.39831990815225,7.44985839545338,8.01562429627337,5.3353910228687,8.44608616849649,8.1260564122587,7.26617159078666,7.32996651296835,6.83628965200788,8.56707399732385,7.67143725874055,9.76381818033955,7.78117236832264,8.47431986363125,7.32595537476026,6.92995495303989,7.35356367930812,6.44410849407149,7.93109481819259,6.95090665180364,7.66503143805853,7.96924122847008,6.65998811261562,7.31595382776778,11.1057855977502,11.4882540011637,6.95070907113964,8.03126836649493,8.87796520846265,7.63171262722705,8.67565781507722,6.13083411502394,7.12517162773883,8.36897939558148,8.44552665059889,10.7102683760794,6.76248401114903,7.59270062713455,10.2641056699344,8.05158488921771,9.46352003220097,8.01825543170254,7.24584030965249,7.56841146260097,9.02945984177449,7.09207917336659,9.0392897423392,7.99100820416016,8.77425972212966,5.08311339104342,8.56959555939487,7.83575790954191,8.70098487165233,8.94214081088328,8.03007264495565,9.06923376212202,6.92927529319158,6.50682305075101,7.72731645578964,8.65956758283258,6.48104615064166,8.49395482691011,7.19594530332074,7.48554861480927,8.8113259062167,8.9546250800703,7.42409457563655
"84",9.97319054316742,8.52287996865851,8.44537954212851,6.5821788402156,8.2657141378502,9.42563702021187,7.26105018699995,6.27218430229323,8.23097019563971,7.91401803751011,8.27273556516806,7.25369885865566,8.8325166789289,7.73310970756598,8.54705464401458,7.21278086923428,8.99693092600129,10.5000481654209,7.73225983692891,8.20910689837665,7.39889441249967,7.19200412782051,7.80721875325822,6.24361727445014,7.32100230930201,7.86565847685424,9.8594772111002,6.35920674016906,9.89712190706134,9.36741320992133,9.08173997130563,8.9493071860555,8.21220349219784,9.32356097205699,7.40749092400422,7.94787519693471,5.22549965699304,8.61067418326481,8.42093718348606,7.96128166811644,7.58515364284158,7.38663908375893,8.41341880327102,7.92335637096975,9.59379860826495,7.51109847831593,8.99523275340174,7.69910692911054,7.08252834587398,7.26586419537757,6.66605220872797,8.04376706594502,7.12566904722673,7.64013879433136,7.9638319056947,6.69400580973816,6.96233856756801,11.2498184602646,11.2646267556153,7.29738930438093,8.17092648288239,8.59144031893068,7.29819356009199,8.89653808063827,6.16266479011538,6.98190245861427,8.31697828065285,8.72009458712141,10.8396897241604,6.44064939805592,7.65484088051305,10.8420781962197,8.3955820605041,9.54123664956848,8.45163642590079,7.48727764665897,7.44844714935943,8.74041762339172,7.160220993912,9.06009285228942,8.15649992095659,9.16935126414342,5.65073751079522,8.54065082742673,8.10829532428933,9.07187695758496,9.29188925919068,8.4582026212156,8.6263813178763,6.66299693039054,6.0661430003182,7.44675059665742,8.96660369357252,6.25272493976128,8.43778662030455,7.27753638111554,6.85173753900543,8.86420556628864,9.47541199327127,7.44468890865217
"85",10.063681243897,8.9447711711482,8.96997088239254,6.39083027012208,8.9383364653755,9.83100555149614,7.30335339465955,6.29126921983958,8.61546718556469,7.92650570980136,8.64531349770852,7.31700208948498,9.11761281062073,8.38785640530726,8.78463808861734,7.22513769422132,9.07531865195009,10.7423854388683,7.65017574992006,8.26537961701752,7.72796614696572,7.34639242756672,7.87617911717482,6.23104265746472,7.3494903412845,7.65827499069373,9.80771357471186,6.53179756068537,9.73483929344632,9.34717320402465,9.18429018560862,8.5626447130459,8.28559028136726,9.68439676678485,7.00049651271411,7.91713208694036,4.67206785744209,8.84886199003046,8.52282908045072,8.12660790370163,7.74862720482408,7.52309557435756,8.61806261010443,8.35960674381563,9.76367656074331,7.43244864992759,8.69184893179144,8.01676624779048,6.69576621298788,7.32852811981097,6.74107064215822,8.22850233529736,7.3687756678758,8.33976034375486,7.69729873557231,6.86425309588829,7.13928379034337,11.2391581961548,11.9018830808439,7.14475448187332,8.2674076544426,8.55555418025895,7.76018466910608,9.21582859053198,6.25506452693909,7.51664812183738,8.22578393973021,8.52672130168849,11.0442634391588,6.07864552297696,7.39851682274134,11.3314352012293,8.6304949614683,9.30248504610223,8.80742789548942,7.61142851526531,7.99778947086813,8.67146766861198,7.35759167635707,9.13492459928202,8.21436262164499,9.49288271782419,5.72922207144806,8.50849531190189,7.99531584861588,9.19698696545194,9.45424699055822,8.36540647384947,8.93871491609386,6.40530292573178,6.03872938951333,7.61724210450691,9.09679932544264,6.05996603919163,8.86955348644643,7.8124711549504,7.00242226424952,9.42611621816816,9.59012140816785,7.28946494560646
"86",10.0801401167055,9.37580917245237,9.16856260339432,6.24909261366438,8.44379737262625,10.0751514031068,7.19515801790999,6.36255111375225,9.18918988773159,8.20377108336028,8.5950248012224,7.27933289173826,9.900701914874,8.28879503206603,8.75721661027217,8.03530474501249,9.1811555416097,10.6477896779777,7.65256817430767,8.82537648097531,7.72262140164743,7.38789200923284,7.82718081378778,6.55096599062651,7.30947334068911,7.53668072000981,10.4044615775826,6.08378665599947,9.70002433681634,9.33881304137919,9.24177432441056,8.67481273771248,8.7016236112555,10.038217796373,6.843014790897,8.230188034963,4.65934769059344,9.02934792145184,8.59153642196697,8.26833753681246,6.9295404261128,7.6746223855377,8.69022528560842,8.07388770449891,10.0522273812945,7.47471884080969,8.51749274260273,7.90488994082672,6.10685020904581,7.0592928376755,6.762534780108,8.25664658591237,7.5632687326911,8.39986562386496,7.63012156196379,6.589704349447,6.94890794282128,11.4614093744464,11.9557743413268,7.81647437129373,8.2945389779768,9.12875118781187,7.60457209092511,9.36582950390984,6.19075237216727,7.33761560016221,8.60170036084659,8.88459490786396,11.6198943302429,6.00700743669709,7.57423562462808,11.3854010455302,8.74285403032368,9.65846286033574,8.29502618119144,7.16535631216173,8.17535637223277,8.64380475445953,8.01237259721951,9.5785743008417,8.33943375820919,9.19153649630088,5.79715737149617,8.73594516480565,7.96900359712604,9.14676537761466,9.35330447995362,8.2854328331584,8.85692555757385,6.74611194231538,6.11329335534643,7.3539293500464,9.04227975636205,6.77046339727914,8.97334603436043,7.83673968518769,7.02747257353584,9.94298367290204,9.10416533555875,7.23236710823172
"87",10.4080432831527,9.28699991656201,9.4482992497803,6.56043442117191,9.00947433455124,10.2922735227718,7.21943003558063,6.7550538623437,10.0896545491567,8.03667276658863,9.04648176980194,7.90177528697426,10.1656078821827,8.60215377038657,8.26763066749781,8.60150927924025,9.62527364090961,10.6724105682622,7.74220406387005,8.93697749069072,7.85629365585331,7.77507066117755,8.45202327897438,6.8705094964953,7.30283365299441,7.74975959743339,10.5136818048827,6.13692046057577,9.64075781543612,8.81724676318531,9.23071840879125,8.50928467869703,8.71181206549803,10.7102297059515,6.91335614608286,8.18443677601523,4.7737001511833,9.27409884145864,8.69791431975934,8.41908896216419,7.22745986870844,7.74854802722659,9.17469651644469,7.78340634225259,10.0996460511159,7.52660651734928,8.77182124822569,8.03337498452596,6.72544012394452,7.64580747043799,7.05947592410577,8.31067473612627,8.0048138039512,8.40062264291052,7.68971029976429,6.82378598477135,6.92079224098,11.2066665613225,12.1015686854561,7.7035083086298,8.59027288976826,9.2259736330964,7.2265331102143,9.40553290019334,6.49823241161871,8.20560215457416,8.37094182611724,9.10557802592025,11.661503903769,6.53263152501566,8.11544859857172,11.3817869608929,8.82209331024082,9.75127982337719,8.24120540136017,7.21978301261325,8.64474906581656,8.70903858147268,8.40589107483989,10.1316293441866,8.47515252563399,9.43641397590196,5.71920654127783,9.12516012159071,8.19979932764121,9.61498863186811,9.68870132074978,8.15059766022153,8.99230044386249,6.57080414748344,6.09545336917808,7.5505490637127,9.23369220861236,6.81049231619314,9.08504837669467,8.09131292382171,6.97619490968513,10.2218217375574,9.37829792233735,7.06836594832813
"88",11.0599367049855,9.39551439252993,9.58012069248912,6.08212147973121,8.81065239645517,10.1487819836968,7.42123459848333,6.77280479982717,10.1752499310113,7.71038848490048,9.13933413703624,8.30073413845734,10.0445415654652,8.67352008529137,8.46103554463083,8.40415950573942,9.72526555210225,10.6878051361485,7.66387328610786,8.68618020864405,8.20641406945539,7.80004610306172,8.95368556000695,7.05468561915201,7.11110481002307,8.05169119132784,10.5361499243859,6.38773795716705,9.14527644976063,9.06092902099416,9.21108555554664,8.78754870016167,9.11732996472934,11.091550089897,6.49680145286837,8.27833983880462,5.24770999816755,9.17799963628208,9.15163832373562,8.18187411176569,7.67440907962638,7.43356187892012,9.05749336257621,7.88259733631334,10.2253918915815,8.00389792571857,8.80638974977276,7.9686432999102,6.99806019193799,7.3308635718738,7.14014629529884,8.2042930499496,7.73680859107043,8.37895852582697,7.98402940501831,7.29634377601239,7.2631944668241,11.2194531451456,12.1323154109186,7.73189993020162,8.51480671707607,9.11122240155182,7.13371850329536,9.3976782000696,6.32889403999946,8.40935052506967,8.53157200644704,9.40231767619861,12.0391577466465,6.64524595347133,7.93396220155053,12.0161951510942,8.66698901325785,9.97196823346285,8.73993544293574,7.33823739942187,8.52427464483051,8.56136744362282,8.15580458132636,10.4147061587593,8.22119784006686,9.68789600430088,5.83610097620978,9.20665964021669,8.33252909608213,9.58696843999711,9.7765423981106,8.85437885118954,9.3773443575627,6.57118377002326,5.86120263223679,7.75642186407229,9.53237202918684,6.79891613867127,9.1970094915292,8.43569414992076,7.69758113951512,10.2203350223104,9.09061352313025,6.81115138599146
"89",10.7717059452543,9.84263553062509,9.81782018936402,6.20354041918418,8.41574731013885,10.3773165865145,8.03663495549629,6.7245656014199,10.2425624573516,7.66630754033097,9.55870791113841,8.12049028999197,10.2034777194192,8.90217187888029,8.58251104555987,8.31272184356818,10.2347012704115,11.2147543848242,7.5755168482242,8.69573795908541,8.50501210828936,7.56097519465669,8.81576735435355,7.24220569504682,6.89631828726855,8.22333463871658,11.4749861275549,6.27867675140383,9.78300623586914,9.26439797109323,9.00966984980761,8.44977168343216,9.23136521489188,11.869332775551,6.84140148660941,8.61727158097829,5.46521136087238,9.40138742971296,8.77719437050587,8.45751573015255,8.02526476339028,7.43323187580713,9.32020163379537,7.59021785915283,10.8403406041582,7.92690006037885,8.66108744153213,8.04205022634047,7.28460943256749,7.67417581057694,7.13290448050247,8.78583785865981,8.02338795132406,8.46485055502187,7.64305320453202,7.54083607647779,7.28690039391993,11.6976260051642,12.8236475405731,7.72453854611495,9.02567367628088,9.18903718372595,6.90554390945073,9.30062196372138,6.40165811641052,8.94087042699486,9.28098807761297,9.39366132179265,12.6417729186319,7.14383935461926,8.23952006438319,12.0928501595918,8.62726228944914,10.2787911483017,8.5453386130098,7.88128470614144,8.43113698690196,8.3046381664629,8.44274818529779,10.6837352330492,8.38469133763003,10.0056675458237,6.14874167952621,10.0409937437244,8.29267053160767,9.61774976783175,9.94446977139122,8.59824032841558,9.28207861095431,6.95767661867881,5.6740965608654,8.25031216103869,10.0144366138181,7.2563189652449,9.31117271017724,8.85162732321047,7.4033946428145,10.1766827742024,9.4405680652801,6.65514015269422
"90",10.669502732244,9.81454233416799,10.021958958899,6.41978079242312,8.53621856643712,10.6637780487528,8.03929632998011,6.95195281277193,10.7244807199154,7.58330692444845,9.86628157509574,8.47331784625104,9.93922012229716,8.91506821802522,8.22376391803447,8.43074249139504,10.4706450108194,11.5873587465579,7.94960057021339,8.88312449075902,8.42570920733896,7.8275588050983,8.89448878056213,7.53081828829406,6.84985677873777,8.34862860300959,11.8474568368272,6.36020694467335,10.0220815546318,9.78684564658609,9.33767101905552,8.06569575538379,9.6075162908418,12.3780337410822,7.0130767993203,8.45938344294173,5.43350410289972,9.48580009268708,8.76831852656138,8.24247490642625,8.31007118480816,7.47480586060916,9.44549915174801,7.60581219583804,11.3301101999186,7.95630766858254,8.81677746323573,7.98566690222164,7.51798373285174,7.43450537496467,7.14817987945957,9.41406091443477,8.31646622793515,8.55645365631136,8.48766515361927,7.19990619414521,6.84815094421542,12.2624045893854,13.3734225959772,7.77799452398292,9.47361793307517,9.56804683838943,6.78206157794024,9.55691405678549,6.29005262860114,9.24081899861825,9.61204302230746,9.61054837539587,12.5347131885875,7.22657901656318,8.10008888734575,12.0469470345107,9.08089021023689,10.3368394145155,8.56291983162385,7.6403893236757,8.74190847306174,8.44880574167383,8.38407940787176,10.7971196127836,8.7801542104648,10.1196495162902,5.59641949002297,10.2958887101083,8.63910851196751,9.68812791942416,10.5439584383507,8.51292227082194,9.50598582062999,6.98911791963092,5.39542909792848,8.51113889831253,10.0401424866445,7.44795074435434,8.92910359398235,8.7686470939927,7.37058593207813,10.7447238738808,9.59828758158303,6.99595988038136
"91",10.4554320549773,9.58363936419269,10.0174542020706,6.4516596923687,8.69857987905269,10.5703452514931,8.03239785333555,6.96838326284888,10.9546004120328,7.59710071378275,10.1800889967096,8.8621390685003,10.1736450523625,8.93900083391809,8.18734148254731,8.76820590932839,10.6691947101322,11.9262813021284,8.21363636138128,8.91049720526558,8.2405756550836,7.89477268026477,9.00138817165153,7.72451175604404,6.84907572657378,8.22841301119972,12.1602833264055,6.35016422506061,10.0891616133703,9.51740666618497,8.8598671596802,8.08470316140171,9.75487348621355,12.6548371721552,7.45147859011539,8.83234029290494,5.51584648589424,9.82607131504389,8.77706680144717,8.09472937784331,8.38382557876992,7.66042973272457,9.37521701228567,7.44035491821033,11.2081579067309,8.56712953011767,9.00004436714864,8.22753089035794,7.2387060462827,7.9118645764885,7.11477514266075,9.67739069633026,8.27121975334141,9.01997052092961,8.63876991520266,7.32145111075813,6.64061707072495,12.2710585388348,13.8581359560021,7.8637796801704,9.49138650604812,9.22772440551962,6.76313161936412,10.0243599221227,6.88810146900706,8.54204458703282,9.75425240210659,9.53779541203919,12.1375027509515,7.12894438252992,8.31632480161192,12.036659126579,9.56888403493744,10.2867820717399,8.45414888863353,7.36672825850234,8.27783841253851,8.61740402734374,8.62006546200247,10.2749481330976,9.00796239495459,10.0889999839809,5.34482007071858,10.6950254360319,8.8174320866023,9.82157714278068,11.1322434752823,8.41242532712895,9.70255363811353,7.03340436663616,5.184299454356,8.03825459648747,9.82891101183624,7.60535606701529,9.23686387013093,8.62786243920117,7.1532949125168,10.8884034438296,9.65411030261498,6.89292084627098
"92",10.5058736285346,10.0251370493388,9.92008593710203,6.9235793586874,9.13495098706109,10.9468514875601,8.20713605383373,7.28766759052383,11.2415173399752,7.63325408441435,9.98627192822986,8.83550451757974,10.3678595595268,8.84715489464608,8.02301030466928,9.00895037913084,10.3616886097837,11.6352676209045,8.5624874098167,8.77976466464475,8.45375263608016,8.09999460029669,8.62208415090251,7.83101529945956,7.173322436119,8.64499087828645,12.7353556227544,6.52198352856695,10.6878001687883,9.56573376912838,9.05421220225491,7.99706351650323,10.0487230808143,12.1344405233091,7.6199051045744,9.49564942590919,6.08990495201733,9.72646950026378,9.14754835713851,7.99528317430556,8.62405461669183,7.53643577933007,8.75685028563433,7.33385782218653,11.2043699074244,8.66442876994504,8.79345186307774,8.2620366523536,7.22140042671192,7.90983014265829,7.12019737599479,9.78907111356792,8.18458826437945,9.70995960945836,8.68801670142777,6.75461371009089,6.64552156355733,12.1745335646795,14.3788272897364,8.28414156344922,9.61629800264751,9.07298497271011,6.99415900295812,10.7450829020005,7.17254573870672,8.61391937089551,10.5711855677732,9.43399974854511,12.2888870612331,7.46028860286091,8.40651610306776,12.2746478368068,9.20930067573983,10.0354842505744,8.22411333307995,7.13831627192033,8.44492786998252,8.39105777882935,8.85820269072591,10.705720101302,8.67904821326029,10.1637449306049,5.49270015496434,10.7434434648301,8.84931712139835,9.52932871190933,11.14180125115,8.40690698368956,9.43647169113011,6.97674176988475,5.24153805145455,8.24904129263291,9.30828100379705,7.5810445324692,9.12153547477024,8.1451039549266,7.73391366453914,10.8182251982404,10.0249788553931,7.11639801986549
"93",9.8641637252662,9.94774127203429,9.91832487863367,7.11260773342242,9.41158510590217,11.5070162070533,8.50974062107061,6.84809356994069,11.6411702980041,8.03020254554459,10.0848087914819,8.67562438944347,10.1507730235672,8.52514168805631,7.90096488663486,9.27789768624164,10.2055613203997,11.5786413897839,8.75157603396427,8.83409029434136,8.24550582327156,7.94382257368225,8.83165016821407,7.74612901687544,7.28244116243757,8.54206768315905,12.8140855416293,6.33951944292927,10.9544872968001,9.5611751402716,9.16282983615058,8.35767492554349,10.0265955979509,12.2948601621646,7.95490053845075,9.14143222972825,6.42623789626427,9.73407948290899,9.63946214630225,7.81143708415122,8.77448008434398,7.30865775499714,8.85076967086627,7.24264194927026,11.651627349044,8.7027389383735,8.35399566264515,8.5807629297401,6.96721223259677,7.86899532390504,7.15849984000655,10.0892541558041,8.60727797264656,10.2635975910126,8.8457137715408,7.18951726042635,6.94869909290959,12.1769508569188,14.4200876648912,8.2321091082364,9.53961032958626,8.73318030208028,6.6009045661595,10.6973578952635,7.13242852704456,8.49357149404312,10.8984146679538,9.77201677061218,12.2412520568627,7.59595755396809,8.5350146580086,12.5096501062343,8.91348170998206,10.1492579858115,8.33940504355507,7.24354461028157,8.10302072455178,8.46215107927775,9.51020130067607,11.0270009656774,8.69344155688553,10.3541867174572,5.64039742112693,10.6676387205121,8.79203162796214,10.0086432030421,10.8897809019487,8.48303203623305,9.523940417588,7.46202365110739,5.12548557556226,8.44860484921964,9.07405019808813,7.76655602531999,9.3436719477736,8.33696737473071,7.86665033064072,11.138435112032,9.69974493667581,7.46926075287223
"94",10.0905210636313,9.79626178928159,9.8094489241954,7.48808533242645,9.68828979346988,11.6029181540541,8.48627019635168,6.53989018940786,11.8495717285305,8.50387521019876,9.68757157640474,9.31433960887693,10.1757404273082,8.96572789144004,8.15391735683877,9.65547698916829,10.256536931054,12.0114316309068,8.58356022579883,8.84381560124371,8.88543523973176,7.93591264429745,8.68023542230202,7.77987797444263,7.44170614241205,8.15559776011803,12.4138370647916,6.4776065508982,10.8699548310967,10.2237643409826,9.26263448048132,8.4227265031861,10.4856232518625,12.4610340978075,8.12612847453789,9.10184072137922,6.18308434958008,10.0997363497198,9.4962698628237,8.14176995900076,8.68552901840062,7.03379355462922,8.70689501310188,7.43336958543965,11.5052292555399,8.85623169101918,8.12252956176951,8.62098158495548,7.11396847271218,7.30084997604315,7.40557997932253,10.5644207340625,8.53855188938091,10.0872965960874,8.97755605669702,7.56100840078503,7.26269165635065,11.9431103081275,14.8754193861459,8.61141144315411,9.35508974154364,8.76756618577739,6.33154014161771,11.3780760358687,7.33884771437911,8.72722088049377,10.9448849001393,10.3017346994473,12.5680758919198,8.08343369755333,8.05416675726412,12.4920439579318,8.92466708166953,9.99820762018964,8.18979823185274,6.75309009482513,8.27229864017324,8.80113979586368,9.58270395781696,11.2547946030905,8.15752176721716,10.5879996709063,5.5395498383518,10.7784082788132,8.68181730472879,9.83717263571274,11.3188487437146,8.09932784280527,9.83363927485655,8.35679235794857,5.34101941508718,8.72135312908304,9.0898138723296,7.96432386205856,9.54383411715197,8.33134688410941,8.07265886968236,11.2567064126679,10.1806366131234,7.24424254628093
"95",10.34340009306,9.93118135949752,10.1324951960421,7.33288865772397,10.1242094761563,11.4181042423783,8.60970829590402,6.57269547662383,12.0644272531452,8.67891020087788,9.89872756159761,9.263258292148,10.553174720544,9.10813606139489,7.83227056694879,9.78630300936054,10.4040280847137,12.0136387546574,8.95398075585098,9.14576618001466,9.24566310410129,8.16649041550225,8.75078333099323,7.6598685722486,7.77206693093808,8.15303540971418,12.0884427513382,6.5705586580992,10.8012278823996,10.4536612751645,9.30848505941083,8.06074893172748,10.8759740796321,12.6594396938865,7.80733848314547,9.28814731288452,5.93989944562726,10.3098970150426,9.57357668657522,8.42962540232893,9.2140779120456,7.33707304699025,9.14011663905507,7.10245156601762,11.4644205838305,8.75557954133209,8.25946627346653,8.76873086186108,7.43119126811074,7.24925014359073,7.87474616086428,10.5555263009249,8.46348855607179,9.59735825913749,9.0724071656991,7.17537545522415,7.52505102298227,11.6100410822924,14.6283725510531,8.96419792156508,9.64771355351384,9.41984471274784,6.97184968471487,11.5694094052375,7.10714762885253,8.88740636335118,11.0790501703127,10.2454481365775,13.1509635353027,8.08625810631904,8.17062074968431,12.1986346934313,9.31276130138487,10.2760468717354,8.5526566807994,7.30622831330664,8.16831302834313,8.79354500702589,9.93159525836028,11.5642311768256,8.23312154555203,11.1272099390183,5.62647747274473,11.1310218794957,8.53600413356566,10.1752697219104,11.2807308462429,7.9886936248707,10.0620312616236,8.05564556545644,5.52447473446561,8.56918820098899,9.2159310001026,8.32590067332233,9.23284989428558,8.52899874379357,8.33938166504883,11.3642581572814,9.83714880377462,7.20372267105348
"96",10.8113682753879,9.65854773809405,10.2837874829836,7.68590036109202,10.5782748164953,11.4488278596998,8.70964297929683,6.72258155882459,12.0409657981156,8.71897734671132,10.2050297781732,9.17918179835401,10.9761751830408,8.74933167825233,7.73917479581957,9.92850373924539,10.8928856367895,11.6781064535031,8.85363285589969,9.61011585778708,9.38009641025208,7.89349857040714,8.94981068399336,7.57795464942692,7.60393309881139,8.13893254308441,11.8011129901199,6.52427872063001,10.8242814359062,10.6663105249095,9.58015804787092,7.97012081415971,11.4354261009267,12.4290026962215,7.69968042390884,9.18608382896434,6.12601913768875,10.1061746657606,9.55702739177202,8.89107218206921,9.14061176094727,7.39765244532192,9.31877992740989,6.86053293856108,11.7792890472361,8.89291158328646,8.19883086036204,9.30958415122455,7.06844986066073,7.55972864240134,8.6225183133859,10.4841584328423,8.55116952120885,9.41594434019406,9.26344764221112,7.51621753977931,7.65150427131354,11.7758131925693,14.7274267372076,9.19831237134411,9.52289316584687,9.09062457867912,6.56711947010328,11.9546623934483,7.23209622969356,9.13121129199975,11.3912999060631,10.6981957217031,13.1650119178084,8.17195777346302,8.30651913365221,12.5627587746213,9.51956067591817,10.3328221991324,8.7551050310183,7.62457912065705,8.06558603537454,8.43514393125473,10.108978893795,12.0892074494006,8.17322835489802,10.9624636887253,5.60325193827705,11.6006940676633,8.70591614207263,10.1150996718507,11.3878428017108,8.07490369391292,9.4821718481897,7.84124212762037,5.50298355846866,8.59328554907133,8.82867651354618,8.37938532301,9.26540042245825,8.6681854168229,8.60059679611379,11.1992755408577,9.80247781855412,7.12270552171542
"97",10.7865038591975,9.283428365758,10.3481115393193,7.88935365659988,10.6299245800659,11.6711802986138,8.51360681629386,7.1830145107078,11.8433550608394,8.45759266202657,10.4591543851356,9.1866216473126,11.773446548127,8.5366209800615,7.9905058559833,10.0721558887132,10.9534196612397,11.7161261843649,9.10786156219517,9.32701316758793,9.59859063475949,7.84566536648226,8.71123690609321,7.02854223382468,7.7256304017737,7.915428871759,11.8662264042158,6.31482403790943,10.5053456428973,11.2448307228092,9.74220769689815,8.21448151044957,11.3662228518364,12.6052878586096,8.15849059340228,9.5309525573224,5.87708991228426,10.0549261151981,9.51474656683794,8.81666298042513,9.07693473742864,7.34339084177888,9.4468247539862,7.00701006759821,11.7226747705231,9.37508731439751,8.15720058027127,9.16724536323054,6.99973964738677,7.3639902370441,8.49037603154992,11.0665839182517,8.73982506522183,9.43549808473227,8.69848260773526,7.57498723001444,6.94682401111476,11.3607519891098,14.8045270720243,9.76143756355759,9.54771907360171,9.22713171025089,7.01072137198193,11.8800447177955,6.71369717390577,9.16430582929152,11.4762798426588,10.3389974452217,13.0982944905347,7.92124609007585,8.0623067097777,12.533945457871,9.98463613380337,10.6033012081185,8.17660505779454,7.83317896715339,8.0215435251118,8.85379501968607,9.74386503155428,12.3509368553195,8.15233392890811,10.6525383919209,5.71951900396608,11.6732657673769,8.92604650535672,10.1984879938691,11.5680015828454,8.49880400093944,9.72297952671889,7.87969574381825,5.33497572784244,8.90738534423025,8.89205215035491,8.87688474335092,8.82942853953022,8.86637277988011,8.43480689843697,11.1335556296081,9.94426343218854,7.74675329269477
"98",10.7420573832045,9.40385271465964,10.1351706332831,7.947428943448,10.7014181861754,11.7672138882128,8.45343120014795,6.66674961127116,12.129089719244,8.39989828286213,10.6040116044584,9.05756563564904,11.8527735159377,8.93552247699716,7.60597746419077,9.95994705658683,11.3089498115515,11.6066799593955,9.16168202280269,9.40348222860749,9.46053200704223,7.96098844052212,8.74358648353337,6.97953506453623,7.99727633789093,8.05132887731713,11.9947595372993,6.51372988739953,9.99144071107387,11.4378298069121,9.60048971633573,8.1811733319853,11.5970714613778,12.6273765444221,7.7026579797788,9.51780434039457,5.58866536920461,10.0774557856127,9.28215917258492,8.46243477923276,9.54493850362331,7.3896843230116,9.56707971925604,6.96630700549997,12.1037820502099,9.0799110509459,7.94320859309774,9.14118829540859,7.09697937947333,7.23310638517266,8.99037165759144,10.9931111982757,9.07192417316934,10.0479132589018,8.7431816560433,6.95903652781983,7.23935669972585,11.3268505585842,14.9487343372014,9.59353669913888,9.68525769766993,9.31396872778935,6.99391515024422,11.6690232811717,6.70811712424176,9.15145695034826,11.3530748029832,10.4937578763542,12.7900408740657,8.29461619604212,7.83038304164025,12.5695431380097,9.9408511838694,10.7125051772158,8.48988508876933,7.62950543721846,8.01142471085085,9.08002577981215,9.35583587725303,12.5032093173263,8.15935069320775,10.4911973146312,6.049440447519,12.1962992392026,9.26108929518107,10.0446129446928,11.5576062745647,8.18260762170869,10.3461945857834,7.73276513159135,5.44948957011099,8.8861873111006,8.7738409305146,9.05392727182724,8.7937264067153,8.70908520784934,8.28515081087633,11.456107382926,10.4780259686463,7.67371155368171
"99",10.6998298987049,9.88130843646784,9.58922078666808,7.9225638499044,10.6288793171069,12.059081907951,8.27218031363519,6.95580959851213,12.7303523522136,8.4027021597312,10.5118696152973,9.48274595390685,12.2968565109566,9.41032112367946,7.82729037757254,9.95178036014559,11.2627043687571,11.6565126231817,9.04055035587949,9.16578533922415,9.67315627067074,7.77189744007029,8.85649390659462,6.6913655326501,8.49256109064573,8.18317630156045,12.1384625609449,5.9689632163887,10.4747423610772,11.3972561830087,9.49185499196737,8.27122981602796,11.757770894854,12.8103600789584,7.79915085074528,9.42288260174006,5.35580886882346,9.64902306871057,9.05748014551988,7.93063851273779,9.76584226013669,7.63031912513304,9.73931537955793,7.1454340260819,12.1218573960454,9.32295595871832,8.21155334242262,8.73550385276839,7.08068664789935,7.16639618726554,9.40474685574313,10.9361787102878,9.17612482749528,10.4655470297609,9.18364109019499,6.7786995558369,6.92595572928538,11.9911608743477,15.6480363845842,9.3774662374623,9.3146063025675,9.57372698241693,7.25772882559926,11.7308295356022,6.98777729253733,9.19435180351221,11.4752979386013,9.92036531320708,13.0833964540425,7.97849752987978,7.88049494657588,12.8208595134894,10.3311023067213,11.091104393387,8.40253616587843,7.71191283960145,8.08200780246652,9.15497080940929,9.98131537737897,12.6703327164369,7.67390493288064,10.5508676855063,6.02074301490945,12.5265646541999,9.71779439925579,10.0261827579027,11.5825422578086,8.53866292046031,10.1483270891988,8.1521092506834,4.91327632123607,8.90074473668822,8.77564565051615,9.01803957721509,8.59382853991965,9.19671245296117,8.38199358041205,11.0902412726341,10.6395028030186,7.681015704803
"100",11.1226668200365,10.2583990177852,9.30005164050076,7.86909402763826,10.6454751706618,11.9594184101756,8.18995021681057,6.58500227077305,13.062718287872,8.26842520162237,10.83086810005,9.56994242565121,12.4472749516697,9.36837574104057,7.86179727378852,10.0437624075979,11.4225188392724,11.5994453324584,9.20120699309678,9.21050528892675,9.82153270689862,7.48543847825142,8.49282331279726,6.49507933614982,8.54905707832429,7.74050872634132,12.6229680303158,6.15489160333418,10.8164919772167,10.8420247516624,9.69232796087564,8.57020529851149,12.3381218381952,12.8380048138398,7.82767851712276,9.31918652984953,4.90710197277877,9.74116712388257,9.31122756433776,7.8582612834428,10.2272799200103,7.75243865109924,9.74345473264458,6.84026327020841,12.4868935705875,9.85119395973905,8.48461589255492,8.54327656183392,7.05109698293319,7.05895583192551,9.15904876674366,11.020698465669,8.52743685903296,10.4669809159142,9.10172573182266,6.59791079677186,7.00558936754168,11.999208309433,15.6822647566669,9.14284621070874,9.36189321430729,9.15210718237248,7.11780517959228,11.9952215321007,7.15994597505446,9.44903229335632,11.5347315178794,10.3162932038456,12.949966912118,8.29768575168483,7.32989440711071,13.3821119435348,10.3204725626815,11.5593944647779,7.82141351034776,7.79069202124715,7.9044482390274,9.53004999156398,10.6426611132286,12.898116280126,7.67985318121695,10.4669861433406,5.96495879313815,12.1476220891108,9.37421707007077,10.1569442472508,11.4521813604901,8.65214242184545,9.84654434894045,8.46988731542877,4.46019968723078,8.91109748424897,8.82748178080418,9.01039495316865,8.78904902347543,9.51074676073793,8.69562978177332,11.2660567495469,10.8594311163046,8.01768033518303
"101",11.3402871281305,10.0774982835954,9.47493112850422,7.85937220896761,10.5145205469963,12.3242661875859,7.81192255935407,6.74951115630893,13.4249334849994,8.01221452504703,11.0161316259272,9.50603648643428,12.5963771573623,9.58728293188485,8.06282587008018,9.99763466346709,11.469156559277,11.8875595465534,9.3191867497739,9.1446851793859,9.91883758501387,7.36586860824918,8.36996878660992,6.18379746292951,8.60304611199674,8.17564083848504,12.6992296311699,5.99366659853429,10.6043464609195,10.5337077885377,9.83319298250055,8.66346718320264,12.465284737287,13.1001309937295,7.99350924191658,9.57102904929776,4.92601260255155,10.1589692738962,9.67439273407006,7.97599344787524,10.294252465944,7.66760482972719,9.61778642242468,7.12551948046401,12.5980169302147,9.92007065112507,8.65446218711844,8.07637323944801,7.35068847353763,7.25937298019709,9.27853605309605,10.8277179483883,8.78232067214689,10.5836565443946,9.4627715622968,6.65200482706597,6.93985178538823,11.7556658093884,15.9477869476678,9.11891458482993,9.38685221390399,9.19624980746055,7.3177568988595,12.3743432788723,7.32080053283765,9.81260889452612,11.6657261891933,10.5877211837882,12.7364480420295,8.67112819573215,7.37373204315379,13.8982943878292,10.8655516182091,11.8180616357863,7.75664063018978,7.98465699395465,7.30065754754352,9.24731404842149,10.2239110176173,13.2923091199981,7.95010644808652,10.50227047675,5.80281197317392,12.7529774364167,9.44189378441694,9.82586669336248,11.2620239752568,8.85107284596453,9.94324543103808,8.70732413090449,4.04971856874281,9.20802636644977,9.013853541951,8.98166933407251,8.76064426923624,9.36607879287093,8.8755081902218,11.7396771718755,11.6373294024358,8.44471290148418
"102",11.4685626494225,10.7915256237056,9.5909850870037,7.76027454750265,10.9724292520626,12.7774134431606,8.13295160366928,6.55046395131537,13.4103215001132,7.84434903488414,10.8557291473804,9.59969444170152,13.219281819168,9.76784259004221,8.16064967363433,10.0444283429248,11.7488758664822,12.7621979591822,9.26465950587768,9.37290852438859,10.047952576534,7.5972853837323,8.67011599600883,6.02064141188431,8.56938010403812,8.83908118220417,12.9145409156004,5.93314386577234,11.0417378391464,10.6768400491756,9.54440410820482,8.02681293834261,12.1763093484264,12.5692279352345,7.89262671056389,9.46940132690709,4.95578819410691,10.2187448080808,9.28857164950882,8.09623929824655,10.1373011758621,8.06827189015026,9.54717480301647,7.36450035950341,12.5970979345089,9.8316631484983,8.56386879861986,7.58502053569708,7.17457888326906,6.87746061668157,9.08073586932998,11.0897862120363,8.85101387842092,11.140308843617,9.70213433766457,6.79164115784325,6.92454588041309,11.57259645606,16.0262374849674,9.51122987714975,9.32976498282991,8.86285984468022,7.50522253549001,12.3471267316269,7.27070052884243,9.20580895366647,11.5285754498704,10.7727662113344,13.2437669946206,9.17216894958782,7.63595594146258,13.460037967099,10.9881636189514,11.424760373177,7.67152968884053,8.08713263983206,7.45539252297201,9.01370159781094,9.78141495827825,14.0514713761404,8.01419995305823,10.8447904088414,5.50229082732999,12.4969306374635,9.60283081902179,9.76478215005752,11.4908642352195,8.8975681578689,10.1375372328995,8.67002334651787,4.29144147647654,8.94294189346514,9.49814311944517,8.2337319253488,8.98557243246113,9.23030637775268,8.88668153078949,12.1559008740297,11.8247661848621,8.78418044672438
"103",11.3422522346897,10.6898785734574,9.68126526657431,8.06783406617041,11.2816271757878,12.3541601610837,8.26417550353421,6.26460886759264,13.4081539001909,7.58638037970188,10.9721523889637,9.35517338449345,13.4205654678193,9.82407836943896,8.45216454729964,10.2061633747542,11.8824967113925,12.5393157891394,8.85268247323428,9.18268836380034,10.2153586302912,7.68844691452452,8.94497972490106,6.1954343806349,8.74520269361914,8.55158181794663,13.4266036894413,5.77362880793807,11.3037137216364,10.3769728734268,9.49549531433212,8.6753281461693,12.4780194810604,12.3492413158499,8.00211684830325,9.81726130232245,5.02048356618751,10.4098922611121,9.54636739556786,7.98339042788208,10.3397776530011,8.08202063280057,9.40461162336818,6.76902834231727,12.1339774220632,10.2478710768187,8.65235078868164,7.77534820839402,6.87644773624858,7.31913499950881,9.94755998486526,11.1624223008044,8.98700657873806,11.6859459338733,9.5799365035062,6.86289084698123,6.32581373619234,12.1610959153293,16.4190284352853,9.68189047812449,9.19896721778802,8.9241085552279,7.55466743486468,12.4186408049695,7.19650682743945,9.3274253496789,11.5845504093259,10.6977486644467,13.1114600967449,8.9932791589689,7.67909585977151,13.5338782472751,11.022442281569,11.7249128172422,8.08235065384749,8.12957928038821,7.10169243081629,9.64500333524596,10.4798353762277,13.9587584927292,8.0059193150022,11.09733757016,5.37559602872239,12.7093922587233,9.65252976080133,9.95194964720691,11.5751890386361,9.32363398651287,10.2259433443643,8.36110849393885,4.15543888357732,9.21144950282575,9.58395846956839,8.33228391840607,9.26989531879466,9.48867989928973,9.36288914661842,12.3053934566552,12.4492811844742,8.58041996641703
"104",11.3467622454722,10.9064660547327,9.35652393336316,8.27802533629578,11.0875627141385,12.2229242600534,8.03954225864582,6.38115565113396,13.5492370663186,7.15508777001605,11.0064737980691,8.68510709074503,13.5130621603155,10.01927055772,7.60788555902102,10.6709612962566,11.9594791033577,12.4588881835064,9.39465521770982,9.2387712618977,10.4630646425013,8.00397769250521,8.94779788746125,6.14236511185123,8.69621373652573,8.80607508869665,13.7183337641371,6.01490569464852,11.0345270112412,10.2921851832226,9.99131190745905,9.07506873052743,12.5838100057546,12.6847511546874,7.72925692477672,9.94689056969864,4.94026115860333,10.3155044670786,9.51025221501642,7.71029633021752,10.0407992393631,7.85946463134084,9.44945401854081,6.72293318993785,12.2184897598812,10.3767543988917,9.2066509768075,7.96916851277464,6.76383003425632,7.69824875641849,10.3437633085141,11.4452716498093,8.75258477073098,12.0662635662796,9.59919025684177,7.23971569678627,5.77415496729411,12.424132872848,16.4123501724031,9.93172219343622,9.1237457766709,8.15416867038074,7.47780868473398,12.5658389865552,7.20490511971551,9.53876133448805,12.0549850014409,10.4904059686429,13.0879370997866,9.0457736277353,7.73688352807061,13.7051709950086,10.8314620293917,11.9720114329262,8.08310080468439,7.97061752897984,7.01544238633485,9.57401342801539,10.6876685060826,13.8080558875737,8.08767969526466,11.1331435970251,5.44896072270401,13.4509164532809,10.1015359953818,9.90483647685732,12.1041445028342,9.1856431572191,10.3599068143419,8.50028869266572,4.25988518157554,9.18127763247215,9.12576221668204,8.29363359593601,9.3110355767911,10.0216181567427,9.30486593103328,12.1983358875578,12.4441488317687,8.51220934036616
"105",11.453265583259,10.9996288851157,9.70603154577057,8.8983427999337,11.3550771025949,12.7316454606737,8.11701355039516,6.42688990783528,13.5474425799348,7.09765987211632,11.4801204665455,8.53525981843052,13.1926142336164,10.0677685557652,7.74817837103039,10.8880589246488,12.401463280138,12.5393399245417,9.24485700834871,9.41949981874926,9.49940547553549,8.3191347162832,8.97258121886949,5.84632633929479,8.15499732742838,9.27347416486574,14.0506731077402,5.1039405921025,11.4201271843403,9.96570716589494,10.3669982377116,9.61589285150703,12.0787249872669,12.6191258528987,7.78521817799504,10.1078208783278,5.1023648186228,9.69566190510101,10.0205587018057,7.62549979775667,10.1083197159704,8.11989197355109,9.97589147952267,6.84148703978831,12.1707655613833,10.2970347041194,9.69541882102907,7.70463489758847,5.9067849087864,7.39126158176802,10.5440779043242,11.6052052330822,8.71793450077068,12.5000058532358,9.47482487949373,7.32864584250047,5.5492084520715,12.3343107197238,16.0765845763316,10.1459863999007,9.65989300502408,8.62666718508693,7.52776731615348,12.7762767515021,7.21499173805624,9.55512970962471,12.1972824813037,10.4703253999479,13.0780912256305,8.76185259729684,8.01079438253054,13.7416411614478,10.3440849861404,11.75437466959,7.82803052786073,7.91949909500411,6.35140959363471,10.1014417565646,10.4725310363951,14.0590688571965,7.89069952708627,11.6469653626241,5.48064429839905,13.4427926226401,10.4348996906904,9.94250969406485,12.7657892492308,8.36887791082159,10.5348653798159,7.94762369391923,4.45539623206705,9.81259768537192,9.21154402327969,9.05568479081732,9.23031068387034,9.86904782259738,9.59540747298927,12.153545673017,12.3471546869323,8.51217590836222
"106",11.6698180964681,11.2073252256258,10.2592790100562,8.73767664686967,11.3033186292655,12.9379349967796,8.01668001752383,5.96021307538001,13.8013646644636,7.35014644403748,11.5002723179236,8.17191954339647,13.0835388169025,9.86213939952521,7.6269972602041,10.6853492941653,12.7325849973589,12.1258372077106,9.86505778609334,9.66189610140401,9.5036381987031,7.79627210497954,9.55024335136939,5.53113015706829,8.07954116142161,9.34364808685828,13.7986397975713,5.45596540528605,11.8299689843433,9.71343624205778,10.43445172951,10.1692235122507,12.8077493455138,12.7336816551629,7.75568092601041,10.4807191609082,4.94871142698826,10.1956616955193,10.3140768081228,7.41029070100866,10.0365060740969,7.81751992410688,10.2037661181209,6.62761383277735,12.0157581944218,10.5816368948188,9.75070906227198,7.40210039287522,6.02092336497652,7.15826788446253,11.1727517752131,11.5809132731222,8.61208533818388,12.6463925491341,9.60071821288229,7.26733846607376,5.80806865792664,12.9256995265772,15.8314928742826,9.6339472684538,9.92510643066925,8.62989406560775,7.32327144481915,12.8564433924442,7.44960121033892,9.81649416291838,12.4615239005484,10.2278027656913,13.2784758140851,8.77452006626063,8.19529330794694,13.4322518596485,10.7129234013856,11.9916149583444,7.3793160298692,8.21214382416253,6.62140230982414,10.4721592581822,10.4687562371218,14.0675500129099,7.73537842878082,11.5945473186876,5.50525181597293,13.8545362203376,10.3013267954434,9.32022294679014,13.1255653387883,8.11245275863255,10.5390761979971,7.94672070297454,4.65641564280061,9.63442746963618,9.20056472735067,8.97735835452294,9.05059461362248,10.5336374838587,9.12923225967817,12.7061423521225,12.2495709876457,8.76234003029342
"107",12.3552686526072,11.3778189003595,9.78749425298795,9.03434785178423,11.5187973518439,13.2420538641324,8.46062425693466,5.72161146547343,13.7465738607452,7.31757806650638,11.2969624334294,8.18566143501578,13.4858217352465,10.0049841047663,6.90327058697346,10.6403636180447,12.7362531459581,12.0734266852352,9.9518010488085,9.35256167200556,9.47450994487727,7.55622841497296,9.70446110664005,5.29052933795101,8.37381324630163,9.03374207115726,14.1478754409287,5.139734731668,11.9645347630908,9.58465533887105,10.3581195700582,10.2124596481036,13.1899358822802,12.5304798472661,7.9034664359774,10.6860590221021,4.40525935375338,10.0515945971773,9.7647744365462,7.61899499097529,10.178691160703,7.81417503691197,10.2155359403357,6.57355643931173,12.3821451453806,10.1369549581632,10.0475333962803,7.25431069126016,5.96530589572342,7.3148126017837,10.7076694146099,11.2978637923038,8.82296342681749,12.8637785388437,9.97659809877262,6.80547944585125,5.71008377839767,13.1651305340577,16.311570956981,9.96890094636187,9.67875098559047,8.85498520854844,7.06128017454246,13.2656671075013,7.35243508952532,9.67734150137014,12.3906253496531,9.53700388919526,13.1640797180398,8.87579776342823,8.43673578228277,13.5483273987688,10.9191840755067,12.0403304854664,7.74285639459156,8.41507939351105,6.39528236831219,10.9758560565718,10.236112909615,14.3000867193591,7.64828110847266,11.6159170307669,5.38086034538086,14.2274426117719,10.3278497995639,9.46531766788942,13.2210835251139,7.62339648684298,10.7268246569038,8.36813519962187,4.78413410995348,9.96175809640985,8.47154443938946,8.84477855713923,8.98152559117364,10.5694683696255,9.38024719832593,12.8054899536171,12.324365396484,8.21424626658119
"108",12.5107855054163,11.1202304244375,10.3017133499679,9.00483728273867,11.4199284895046,12.9822777784072,8.39044778249876,5.84714812478886,13.7527552573059,7.19610166755436,11.3137101998074,8.23202887520785,13.292426425857,9.84095545875292,6.75450967486599,11.0691209893543,12.9560380319092,12.1640088215895,9.70838907424784,9.11591398216235,9.78718013947893,7.9620669463211,9.69986988192402,5.65234552559737,8.64513398480217,9.1148069613629,14.2619634990169,4.9798459154688,12.286169746636,9.79513931103054,10.8136381805912,10.7730857177357,12.8773256376533,12.7957406721598,8.02548135054884,10.350211732172,4.10450798362373,9.80279691569822,9.9291186591467,7.38540221159046,10.3414331034883,8.02810456687797,9.90744743889246,6.5290254489449,11.8379695181781,10.0275684193899,10.5124880017951,7.40345793571142,6.37967503112997,7.42749288582105,10.9168685647182,11.3300100868465,8.87717759970423,12.9781440985563,9.59264789337385,6.76193792305746,5.68903576058333,13.4106017787689,16.2799701714896,9.68098372434172,9.68898052173375,9.10331354316479,7.20700661184393,13.586655684303,7.37403145857536,9.07213417379175,12.1078201009889,9.18453858482373,13.5455936618663,8.7492441021987,8.59634995685312,13.2498966913597,11.4326991200781,11.801966526967,7.9606084619514,8.51667765630951,6.50118793852403,11.1576678291256,10.8308806526536,14.297805664165,7.24900942019715,11.3600890521587,5.26555844326658,14.4257415500067,10.3416968751232,9.33837140838926,13.1947062409111,7.05561212269505,11.2123546884466,8.34629082877438,4.46881830006788,10.3512650914234,8.52962670633303,9.11442177272188,8.43541246451562,10.8983982002266,9.3080135271424,13.0855063062803,12.4087276705731,8.42497650838719
"109",12.5040022481587,11.1364191679471,10.311845987671,8.99515496296995,11.2530557766103,12.8174503497554,8.39231707241991,6.02018946332743,14.0433624971719,7.1129455386867,11.7393485637068,8.04445304587411,13.6282724448496,9.78540545114723,6.94664135838587,10.4873681557366,12.6039496556476,12.0909968840726,9.89459914071147,9.55554884591787,9.99195465791265,7.71286068959667,9.78155759294669,6.25313704299801,8.45248741334761,9.12660043069557,14.4314604895037,4.90397301670646,12.7268077955926,9.17346701608386,10.8948250782647,10.0545758550322,13.4034555729093,12.5731458213662,8.38212609252654,10.538734519973,4.05340910479029,10.2758115683142,10.1139947355422,7.54490009059324,10.5398025125975,7.83796194713398,9.70502125592457,6.39801011219843,11.9251234979481,10.139641535025,10.2697265872284,7.0146327313223,6.34382338188587,7.79285737562099,11.2833729045367,11.410631319566,9.15768463484133,13.0448156145497,9.32252297725881,6.80012521649203,5.51867260060227,13.8361282188599,16.6524738668548,9.36576419073711,9.93526647689549,9.54638394948342,7.43415615652899,13.5662467671701,6.88897908428734,9.15219706977362,12.4726539671539,9.43568842442979,13.4004505116304,8.75653458468166,8.42945518952834,12.9831637465227,11.7119338051634,11.3514480885574,8.34540428081617,8.09630513868005,6.4717249521808,11.1138417896907,11.4742477162157,14.386672895474,7.26294846135562,11.3657108443006,5.17438618810282,14.495411981058,9.88753747057417,9.69670984731347,13.2642405990002,6.98663279953837,11.5894540158793,8.25278559843487,4.12879128914007,10.9086045013918,8.57588754552944,9.70081085754234,8.66349887227899,11.1876172427449,9.06650963983422,12.9399438996826,12.4823826303064,8.188081467244
"110",12.2415203823355,11.6462481341811,10.5281753628681,9.01446922439142,11.3742094307447,12.7310589325437,7.8386419885761,5.91379961014065,14.0188212878886,6.73791806793666,11.8296236164798,8.40337101577742,13.6405440113898,10.0051460243084,7.13305660612021,10.3561282451216,12.8026020677947,12.605923745488,9.68170921835036,9.97382383698989,9.84143898186286,7.98746373877673,9.47536552047197,6.37257370172668,8.82343152981652,8.93342188769102,14.1310456172162,5.06626041012393,12.4215874858294,9.27333237421598,11.0184569276333,10.0192030037923,13.1807911929498,12.5867784943622,8.22627699228782,10.2212933984515,4.06629224537009,10.2923383795756,9.98287265720521,8.02242263868711,10.9959711666595,7.8981148296254,9.51232882200216,6.55344276159391,12.2147570313915,10.2536933511304,10.1467494942105,6.66723272421362,6.78938858779667,7.60682028888496,11.4269170617196,11.0071638116597,9.13048613263513,13.1874765888054,9.47936116097689,6.6021162286855,5.03581285265023,13.7462907235819,17.3997585991392,9.07024068666661,9.88649957344709,9.30086108979902,7.29467444333246,13.8581414127449,6.9713762702209,8.76005946311457,12.88471529472,9.15321125628547,13.447129931332,8.80214846532433,8.80946245472409,13.6457384320972,11.6963748332924,11.2773311627369,8.38082142386609,7.8089491208678,7.00124722821607,11.4815239484563,11.4218996091827,14.5029955395065,7.69533969137308,10.8708498259575,5.21345680060952,14.5201945118818,10.1268415120853,9.66690103925742,12.9094442565454,7.55457824938408,11.4894509161936,8.10619332325598,4.05485952988067,10.6269814348853,8.46246737649752,9.80085900684933,8.33669567685109,11.2052357410005,8.63908074287126,13.3638844999758,12.3842321243642,8.45106184336432
"111",12.3612665823097,11.7952042016051,10.410749918733,8.93532334445301,11.3239325778983,12.8469081318405,8.28407348973905,6.17379942542814,13.3397071829566,6.5300166673598,12.2009837560724,8.75177198317803,13.5706707656332,10.0366070669096,7.24011923357701,10.6187039196773,12.6845591372864,12.9126900052902,9.58920091419812,10.1359770660221,9.7673364823967,7.70364256282274,9.46544712176177,6.24648575422958,8.51058032887035,9.16448396615498,14.0144856564634,4.77388110872409,12.9220324467456,9.98055489168484,11.3346220046623,10.0147212612383,13.0231763411402,12.4693829978815,7.79004077106985,10.330182302982,3.81595809323996,10.2019437227171,10.0187823950863,8.12048739232783,11.1259660403158,7.72128805191646,9.17874329829381,6.193316074753,12.2455140660585,10.2947883974973,9.82714036506069,6.36549279886345,5.88991983781576,7.71954327099933,11.6574736904021,10.8346608995799,8.97340435152575,12.9317579823744,9.44190016661194,6.68477389310962,4.94896611594358,13.7591068945776,17.9297971045366,9.18964704770789,9.77837555437993,9.21748898879635,7.29002406288669,13.6758139005762,6.49676492521373,8.81316520701019,13.0755655700616,9.20376536666974,13.5048861137473,8.88647745971299,8.83179448001538,13.572184746953,11.3200036902025,11.6961040380645,8.55993214820006,8.29651399322968,6.83796966147255,11.8161506645788,11.623187221502,14.66309835934,7.36810503153069,10.9319592466528,5.44863632796127,14.7806092023897,10.4841322613036,9.2172816462604,13.3841656263177,7.63693268877506,11.735066431334,8.51169916054899,4.41627602194616,10.6838191585333,8.66414106452733,9.75155745903238,7.74609082085015,10.9272721786237,8.61900165416931,13.4673752865763,12.2662071488946,8.58503763499414
"112",12.3598959737579,12.3060443796089,10.5850725274529,9.06076388360855,11.082406494729,12.8739638475091,8.4808878612951,6.20137410292201,13.4968481014915,6.63289941043014,12.0743932552186,8.7720128186845,13.3696604552833,9.81756470006536,7.44761546207942,10.3335258583207,12.7461020174344,12.8286136075105,9.6908334426248,9.95993751298153,9.97620665737438,7.95711396660562,9.52972802819684,6.8959127600978,8.79760284887714,8.87786940172921,14.0803733995219,4.51979773914094,12.2643697405853,10.138307970765,12.0971838280646,10.627683776887,12.9789607068644,12.4919032874843,7.71448966765323,10.4715799316343,4.05199173884594,10.3403747408857,10.226910762909,8.29457262089221,10.9283184484851,7.12431558279932,8.81339191097621,5.93275779336025,12.3974409152186,10.0477441023175,10.1313400996067,6.30755577373049,5.75245700424277,8.36699152701787,12.0907101380022,10.8945259906689,9.00430229598884,12.5841423750243,9.37632158706942,6.11262332482307,4.38502814527637,14.0901430097366,18.3990452645141,9.33484008021688,10.1801319276366,9.39231980016766,7.48419394844318,13.8117456148331,6.44885954451318,8.77892231142601,13.0499030791678,8.93025252888563,13.7107609007149,8.62221640201179,9.26183932469867,13.8220513088702,11.5380250740118,11.7974182505834,8.03043119385219,7.78692884201476,7.03026260694634,12.1237643321411,11.7429910234831,14.7692445323534,7.80793936829315,11.3422830012973,5.10379779832894,14.8027375798045,10.508834907381,9.05393115548773,13.5983688539581,7.55875475796431,12.176569157877,7.97633048121403,4.65751652290069,10.7321928422928,7.96295948269101,9.87481194626116,7.69147814455842,10.7371934750087,8.54681668916444,13.5317057791478,12.4388361549994,8.2355299216229
"113",12.2836766170853,12.4461502064012,10.5756308848588,8.64380156041817,11.1675566169901,12.9673827887632,8.51857189883602,6.24381523864122,13.0524642593429,6.2358969738972,12.0217909761725,8.57866465153424,13.6525165544933,9.94632994364927,7.38849973868868,10.4296968367064,12.448777043112,13.064186104916,9.7562725063756,10.3507325829841,9.84245094653243,7.51595658302109,9.7335961280234,6.6442347352611,8.59285413176928,8.39899072015275,14.211998110799,4.66531501082059,12.5949136984478,10.4001246586841,12.7139873684185,10.7003999551603,13.2298139501959,12.392161861105,7.40206591922604,10.4799681575427,4.20814909772231,10.528911848108,10.2920722345537,8.18130742322944,10.3944491919281,6.89588577107549,8.460153825617,5.89024707869168,12.6002288324805,10.1935080136128,10.8103748948766,6.41011466686601,5.598429968771,8.67880403111045,11.6169242752902,11.1790684608688,9.20302292407026,12.8487976689992,9.69082212245966,6.00725944640809,4.24546211518428,15.0138965181052,18.4380568145877,9.2175186388617,10.2022581062238,9.48112111998655,7.47302990672505,14.0839159926533,6.31027123230679,9.04132260358953,13.4771148071454,9.37496924851099,14.1842012086398,8.73621459376087,9.54740690178562,13.8687968603506,11.7321478995595,12.4322242117581,7.96443399942299,7.58092981698551,6.95148903521746,12.099264130758,11.6159872288054,15.0918061463245,7.89528387544614,11.0837812060842,4.66300265285505,14.3089680116654,10.3635716596055,8.80302354932716,13.9279657496145,7.73299851691586,11.8158437985037,8.15848104418018,4.8817735962591,10.7277986128041,8.08147197718009,9.48399806242709,7.73405828365878,10.7322029636298,8.37006366654402,13.0681007977666,12.7382049240778,8.38408410688188
"114",12.020266210795,12.2037154282123,9.92227668474901,8.78966190667602,11.0846901365477,12.8964706658906,8.25152738490987,6.04360520052247,12.9569964798158,6.91905507474766,12.0209667023099,7.99847526538517,13.8687047676504,10.0042692679187,7.41190846209272,10.2721293585203,12.4228723159872,13.1354316270107,9.92892803333767,10.6805790645559,10.3277054229919,6.98157267255943,9.66253057284671,6.59368773038896,8.47305155147243,8.49148031260377,14.2207081160903,4.28036690710168,13.348190458515,10.6843691164717,12.828844680925,10.4629963454924,13.1918812078945,12.0534702876064,7.78862748208115,10.2849623898002,4.49677777049634,10.8975784368084,9.98104887089124,8.2869082557623,10.1642454898725,7.13105933675169,8.09859679791264,5.88944290226008,12.4265411814483,10.2312619543123,10.5593907600689,6.15716216015686,6.04946641358111,8.78619268537101,11.5915482824467,11.3964127618332,9.14863998901858,12.9167530146302,9.07253083146112,5.92168614438796,4.06942465589619,15.693399065992,19.0667379995666,9.68680877036511,10.4334462700923,9.92278052794866,7.21746327673391,14.5307156380509,6.11972373871233,8.78505206475208,13.3064102377295,9.74255548723512,13.8912321687352,8.83837525017265,9.39477254891293,13.2061836233315,12.106490138877,12.0337600553381,7.8450671223445,7.32180986668773,7.05099460719889,11.6637891881542,11.5814496709015,15.7510746806559,7.60835231246672,11.1553119458752,4.80022860241381,14.4508320994313,10.7534108914776,8.70152085256373,14.1493019052358,7.85359042669315,11.8932129101248,8.2594843700623,4.78429978959808,10.9430495221286,8.19332311035543,9.65482346163754,8.22807436784147,10.465783607959,8.0156511050782,13.794465073524,13.1554388219984,8.11420061748752
"115",12.2996626064942,12.0936023007696,10.0098546983428,8.69588038889341,10.9273982613429,13.0834069267457,8.25399016628127,6.42657526193757,13.1797375693592,6.54662478747251,11.918723648667,7.52939587983635,14.0603441949069,9.70945255901983,7.05570220655556,10.3302758275136,12.0962942936081,13.1273796664788,9.9495489299933,10.756191523502,9.95530487613348,6.99964458958106,9.69697166232901,6.51456854379392,8.1926493002736,8.1414406165014,14.1972621456807,4.08378325726258,13.3660917995507,10.4783723020655,13.3503514790592,10.6996202081026,12.9768609670723,11.3482382328099,7.82931998936287,10.1662667440865,5.00479052921858,10.5914366893964,9.61943570444568,8.31001548759951,9.99979568692877,6.9249283574433,8.48317473889002,5.71902150502201,12.3122737141065,10.5848128925996,10.4587313928245,5.93632448452829,6.18126920318093,8.89450889100649,11.5182538717601,11.5889219154855,8.79425168206136,12.8306665978008,8.94645099261486,5.93324505749103,3.84266756107244,15.3249171393621,19.2648384300081,9.763082017584,10.6822903952334,9.88463758400647,6.70157305543241,15.1441921341038,5.90692379171025,8.83935199565126,13.501182278304,9.37582668407006,14.0997878448309,8.71104974867001,9.35374232453155,13.4386968809087,12.1760509855106,11.9983540148275,8.1524605758827,7.47658664192871,7.23365547570342,11.4163273437615,11.7396640908687,15.9060043290845,7.54641744898713,11.5112234631997,5.05879530549008,14.2828849888375,10.5813469755926,9.09508070341774,14.2833818369881,7.57940737257197,11.5834482135192,8.51817018673516,5.13670574109503,10.6677962937269,7.99428722629866,9.28535608274262,7.91384475975492,10.7392504484134,8.08577627121554,13.9342543441579,13.3333839126185,8.11384068715586
"116",12.3725389665279,12.7390796089937,9.31628212382372,9.10815404732647,10.9074167382165,13.2461389631705,8.25428503773858,6.57938820183526,13.2393688012199,6.81120769875322,12.2363913144651,7.7972982284458,14.1950122971314,9.81149585518533,7.13656598600312,10.1779840752112,12.4595598868451,13.3700943388702,9.87758687818977,10.8942426527868,10.1375164549019,6.93312794520899,10.1288869252891,6.27600625608987,8.42302813361408,7.86557325223207,14.4938753195937,4.26006569132694,13.0941980463321,10.5819335600151,13.2748549386124,10.1007002517596,13.2068699254793,10.9516850596038,7.83535973453766,10.0455730538259,5.05395820069631,10.6107553585369,9.45816923411645,8.29728419206586,9.36921158453461,6.78687039837678,8.55903479207067,6.09291222229284,12.4831085574962,10.5724277023373,10.1098732025082,5.51699214429402,5.91930065927372,8.82156361012533,11.2814276559706,11.4645070809426,8.54355703438588,12.9968065087991,8.85222476308524,5.88488598705303,3.33797491254348,15.5025485698498,18.932063871446,9.81205277551305,10.844986092534,9.51127207926973,6.5035970864533,15.1192214603436,5.96376772588461,8.67840605897955,13.203023932662,9.49200494668163,13.5326320590648,8.48643829417416,9.51583314545901,13.5668684304793,11.9383982569925,11.7237726675372,7.83215813184379,7.52341813588606,7.02152747759207,11.3573530174915,11.44667126408,16.5058658754722,7.45671883538037,11.9826263550838,5.03499698208911,14.2271997695967,10.4046752771351,9.13723411172354,14.2257551206907,7.54755806244096,11.4826050070285,9.18130036677315,4.90113332364796,10.5579962526347,7.69872563467831,8.38765679230264,8.01098848851194,10.8368168718994,8.09413274506469,14.2001295817943,13.4715286335815,7.82932282285081
"117",12.467906024447,12.4275452854631,9.21853492481929,9.05233442099094,11.0502482997579,13.2780963606144,8.23536304940856,6.62526845297877,13.3403722849197,6.83897865375839,12.8136141735462,7.62988051494938,14.3548326944476,10.0509473180099,7.29108777351943,10.3384965811596,12.4047183023437,13.3748544402382,10.0274739143494,10.5566232472373,10.306491738488,7.244585322686,10.5499781124491,6.09035931448304,8.91824285702115,7.88354866097004,14.8813876549702,4.22781838958805,12.8954410203349,10.620128999082,13.2864258237923,9.90187783507128,12.8662663039297,10.7652008207435,7.67645441853685,10.4641933970775,4.73440682998474,10.8728324929035,9.57261880689124,8.27634706445186,9.73843896754045,6.91708461884155,8.68015445595483,6.58813785429418,12.5769969865647,10.2695943569372,10.537245076518,5.35415044724758,6.17158837553602,8.64292054810775,11.600429518034,11.7588106984494,8.12896222841619,12.9329540151521,9.11401426693516,5.70509193214855,2.99423384846782,16.0558195782724,19.3161838704432,10.2268564048763,10.5791125161631,9.78178998431053,6.79788632229024,14.6082463640059,5.86677063726194,8.58286369675998,13.5191325164278,8.9785145167821,14.392442142588,8.49345884416699,10.1725744164179,13.4840674873632,12.2060926939479,12.211864275999,7.21440684099921,7.58518750308092,6.99039533012494,11.2504605979809,11.5351693612218,16.7012625059496,7.37895062224213,11.7326305199982,5.08346820734025,14.2448400390752,9.94535314501321,9.70669032542681,14.4841193787129,7.61800755922108,11.090757082244,9.45151114556277,4.37164448693515,10.7706980816795,7.3147188207617,8.33910277871001,8.43352253426428,10.806240182559,7.91761254704901,14.4176412050089,13.330837074654,7.68477183858704
"118",12.6149976260094,12.6457954812038,9.53944223677699,8.74931736170889,11.4547807079588,12.9815889607066,7.92064245403005,6.37040542682662,13.790035139495,7.26102523743006,12.3192641256783,7.39870717943789,14.2857830444481,10.3217734185115,6.83879719529389,10.4394711176149,12.3403950233619,13.1844737851143,9.95239139079423,10.1545217135901,10.2117679648353,7.45102074417867,10.6660204847414,5.36756648811539,9.43956025762775,8.06847224766835,14.6973145908259,4.36412196737172,12.564959381673,10.9410261280351,13.490121018317,9.7335595171449,12.8487863449148,11.0367388097647,8.07443705044871,10.381545715672,4.61817282251012,11.61968560824,9.37049574220477,8.56271200794032,9.72637905318613,6.93914594420539,8.90449220769777,6.65005130622636,12.3467076187765,10.4716378715457,9.89012008360926,5.17996490911978,5.97465047561947,9.10546402790241,11.6120874321724,11.3949734947773,8.21321979987089,13.0111949262077,8.67664719181933,5.94434979908526,2.81663390952337,16.3171522309444,19.4034006716245,9.70605239425383,9.70436967457067,9.59362499710216,6.92370837222334,14.7646122325195,6.33901659467976,8.40579795059584,13.7395477069467,9.03850866631552,14.5029978072884,8.23476029042885,10.5361344355811,12.9909190474208,12.3329187784589,12.3369771720624,7.43814623621426,7.67479015616378,7.17962928033645,11.0960745088819,11.6119693990964,16.6127877153111,7.51035735805647,11.9426193227637,5.13824385777349,13.7561592612019,10.044752349929,9.95506107834809,14.3854625041119,7.38783480988133,10.6739485909463,9.55146276434518,4.22282860490396,10.3792131470146,7.3479377144571,8.06602666765608,8.59367485202996,11.0024159614754,7.65230984690236,14.5413077766316,13.3154320182645,7.92617670631993
"119",12.4977374090299,12.6890667989945,9.58249582037165,8.77050757704181,11.9981284896447,12.398304341757,7.61526407534742,6.48432108788047,14.0316097048574,7.52849091979819,12.6178074075352,7.37823981754088,13.9440116595582,10.8159365276215,6.45223586718805,10.4508830322387,12.6547696859401,13.1696458764026,10.521418689223,9.97577247832815,9.83862596048201,7.25683764279572,10.3194983886762,4.95324117152307,9.434958102412,7.94003418838994,14.7153854416209,4.8306617343237,12.9130216652747,11.1992106749059,13.8364184603875,9.22625677339214,12.7074724938691,11.5305918322559,8.27389174420196,10.7315625260987,4.44753575926029,11.821786290986,8.7613989947696,8.31385263803578,9.67689938119853,6.95807908555815,9.08100295854095,6.35601096027461,13.0192180915326,10.2357833953957,10.0857060173741,4.98327141057679,5.77306659810199,8.85906829967727,11.8242007259814,11.4537238143918,8.28278393528384,12.9256774153114,8.31511210100814,5.54804643989049,2.86620858250913,15.7142861692919,19.5601343912743,9.4234547315814,9.81527471076171,9.5026594938792,6.97661887584095,15.0008579012454,6.29507493754149,8.44513032398488,14.0076567440051,9.30570687229848,14.268172554025,8.93480908077701,10.5975068846877,13.5624792317896,12.4805566978426,12.4352101461775,7.40895405744277,7.13446161456004,6.96987072007684,10.6458912676308,11.4390441871794,16.859093712305,7.50818729502536,12.1838588427321,4.7037685180341,13.7962883590521,9.6889391462369,9.92948192275291,14.2245598268182,7.38316820971183,10.1448996187939,9.95714873359299,4.81950793552585,10.4990789004308,7.48582205014007,7.84482893326637,8.85559060561462,11.2496818164059,8.26676603581089,14.4543197499341,13.7335187431158,8.03265948263595
