"","V1","V2","V3","V4","V5","V6","V7","V8","V9","V10","V11","V12","V13","V14","V15","V16","V17","V18","V19","V20","V21","V22","V23","V24","V25","V26","V27","V28","V29","V30","V31","V32","V33","V34","V35","V36","V37","V38","V39","V40","V41","V42","V43","V44","V45","V46","V47","V48","V49","V50","V51","V52","V53","V54","V55","V56","V57","V58","V59","V60","V61","V62","V63","V64","V65","V66","V67","V68","V69","V70","V71","V72","V73","V74","V75","V76","V77","V78","V79","V80","V81","V82","V83","V84","V85","V86","V87","V88","V89","V90","V91","V92","V93","V94","V95","V96","V97","V98","V99","V100"
"1",8.18909253692664,7.42605504453791,8.07284777054363,7.79017391340845,7.7409549250348,8.21817774210762,7.6091339008,8.05138295080079,7.08322365420186,7.55117599484501,8.18866097828032,8.17481159692375,7.41403657625125,7.87710977955101,7.90068192322789,8.03312928563052,7.96424362420162,7.68176648940081,7.29188491732679,8.52388180776932,7.38760328042317,7.63984163064912,7.83290976697048,7.88086226847689,7.27367723848452,7.5090089918346,7.75490710937985,7.89264334273839,7.66151798827415,7.7920067377405,7.86688841753293,7.94578382828645,7.72265448265444,7.87482366476593,7.69161208468691,7.77205429853006,8.01397327154748,8.14477564329665,8.30627133123186,7.89454439946496,7.79161976883419,6.99050677751442,6.86843625210558,8.05492405778864,6.96854085832882,7.50214771957858,7.44431212621225,7.34047840167418,7.46830480331725,8.02782325624254,7.82779350454013,7.14390646683727,7.78736213175329,8.47548747099716,7.6216760668073,7.51527152662563,7.01891806017951,7.26258903555466,7.4290411789523,7.35508308474152,8.1107805360593,7.1049467831426,7.83887556123694,7.59997150760399,8.98828507539946,8.1410570455966,8.54175810194813,7.74579833164163,7.70705995508392,8.21569855238726,7.98057505238958,8.18221258067926,7.55606045272412,8.77530384621702,7.56619484043934,7.86455596500446,8.08205221050276,7.88323339539895,8.45405812947716,8.30952329100388,7.87330504229797,7.25877387256154,8.03391799700574,8.03656996743412,8.04102698898493,7.32266749164306,7.40203183982526,7.78187706714905,7.70436733706275,7.40666208410204,7.68614049992073,7.21119247418822,8.45143686950346,8.36823722779059,8.18272025007341,7.10202172611499,7.60321812092546,7.55728863216956,7.59678007272498,7.19269715078773
"2",7.19259782802651,7.16671406238073,8.13488949833439,7.79711191641249,7.16851828168731,7.88737245777859,7.40098385155249,8.34268989731298,6.82663509138787,7.57093020458889,8.6000018446757,8.4889730811115,7.59880991619236,7.66795544829893,8.36486080617378,8.11440302330483,8.12148712713187,7.24955072874051,7.81689417506919,8.31372260499922,7.5883774631065,8.05464025190078,7.84871584922606,7.88617532881809,7.21431163192228,6.75504598140695,7.47914113044858,7.22597602187183,7.96736606318909,7.92440883052434,7.6426608936987,7.86303665964303,7.42124701612709,7.92350545729612,8.09171445961594,7.93985871414276,7.65161768052659,8.23361767838491,8.20105325500009,8.32376413203138,7.61249331630486,6.85866629706164,7.01897702216752,8.2435430666044,6.67013513880462,7.10727223568452,7.56453086153129,6.56178253874335,7.28440162659377,8.22530261716263,8.06232538033269,7.13393052511845,7.15231645315902,8.838277693711,7.50128378050636,7.7044312805427,7.142543940368,6.86815364765412,7.81951954611262,7.29341564501655,8.0997517200225,6.91780537848033,8.01022715006848,7.31401954031878,8.800133931873,8.07359694064479,7.90429954507111,7.80488110192317,7.48648727047372,8.17528898069691,7.5112713546293,8.87911501223631,7.58838491966671,9.01901461238302,7.71577417464697,7.99222260553668,8.11436194913292,7.50059821789937,8.54855621296439,7.96392405910811,8.17106077127587,7.44925374116029,8.11115908855063,8.3669852746671,8.28571770073427,6.87061994839728,7.65255039152336,7.55161134408221,7.7636726490904,6.94414077008747,7.93517781310462,7.15179516947078,8.59039705134437,8.09300422280945,8.27903400399097,7.70520824043237,7.52751136510336,7.84870910035286,7.97186097031014,6.88325185761062
"3",6.59983434067203,6.84154841145228,8.07224668875089,7.7715371818202,6.98534673188308,7.21125244807801,6.98155041368334,8.65397146885103,6.74687413748178,8.0874066731679,8.82667915187797,9.1723483624989,7.96463524522531,7.88764350011921,8.80806893978522,8.33132429259339,8.60283330138613,6.61712224796223,8.07520839225325,7.80624817088136,8.2743109957048,8.16103822300831,7.97100814894763,8.11901751366935,7.37079132666916,6.17707270099909,6.88609304217176,6.56361381770397,8.00207909622947,8.21407953608209,7.63756276292102,8.08960406840615,7.50943485610895,7.40553169860004,8.22088720514283,8.26629895831663,7.7374785147633,8.64780429369864,8.47747445140339,9.0709769345817,7.29541231475275,6.54857027282389,7.2192637504606,8.5632030879141,6.78175999850987,6.72371127896535,7.27791444485615,6.03250123740047,6.98604033144529,8.43133945681711,8.41133740171103,6.92846282596937,6.55377074259161,8.54047653817366,7.35342292201044,8.10998158555387,6.88339553744749,6.52738563545447,8.07506033007613,7.45122619132546,7.98698879936704,6.66134204154242,7.67083745780511,6.88562277660083,8.7940414934247,8.2607890515223,7.25614105723412,7.86452189727991,7.38568049292136,8.49065250659565,7.29569855377324,9.23677120269626,7.52936577895477,9.13565921470706,7.59340146707935,8.50968591446356,8.13246007474637,7.32681246545621,8.66160342678519,7.75726127366395,8.13246439386457,7.92584625256609,8.32506954385257,8.40466139554952,8.48114132199265,7.30752475228515,7.45171003460476,7.35139865753847,7.89231344264324,6.92664427404487,8.07681212202325,7.0397746574262,8.52520725556591,7.58493830528092,8.57705882662982,7.71271870120077,7.50776824097436,7.943579372436,8.39020375669698,6.80307045618276
"4",7.69754777988902,7.80432712839459,8.0391872226747,7.97783030582615,7.82354335392047,7.83457517961044,7.82724514444174,8.11171419434858,7.81482550336531,8.01666511525845,8.18801257721058,8.21368907207616,8.00928995691519,8.02911941509097,8.14464269643871,8.01931733516358,8.13001124069181,7.69548464438704,8.02899861415193,7.9417052862214,8.05458469335811,8.00769453067005,7.98997503456317,7.98999633859474,7.89620025460387,7.63286756374574,7.77546807626208,7.7161167887825,7.97040636011432,8.06373697903903,7.91181783060506,8.01203137769869,7.93975313265333,7.92660732574729,8.08286257607882,8.06409919759639,7.89870021027716,8.04571547675179,8.0572950447958,8.17337254323431,7.80988739451562,7.81154001146681,7.93497432691878,8.12707741841764,7.82379512370488,7.76027566742904,7.88581649076909,7.64685472737169,7.85526226136792,8.05618591335892,8.06949334990654,7.79946368319742,7.70699915645296,8.06669048271484,7.91373407796045,8.00595600883978,7.8604308441774,7.71589336890382,8.03375859350084,7.93070135336556,7.99245230237165,7.77757332327723,7.88953938087256,7.80846778338945,8.05760367785904,8.03938782279006,7.82248010772118,7.99489363697946,7.91525445522208,8.04815493036468,7.85703068489487,8.19157436916704,7.9365136173167,8.17907258482188,7.98699363874213,8.03423039244817,8.00748786917291,7.78876349342982,8.07615746633023,7.94689772915334,8.067047868436,7.95463192767975,8.00490412584554,8.12447263687068,8.07108146466,7.8999294545462,7.94677841063254,7.87675828202992,7.95413946250387,7.77654077181543,8.05822775518564,7.89106446562545,8.06590244052243,7.9277347491261,8.07785924722541,8.01649064912957,7.90940236392552,8.03180029781263,8.07818953878543,7.82696246002447
"5",7.340735501309,7.81281502774441,7.90012943208369,8.09829747278081,8.00771765115132,7.61843457010176,7.8847788827064,8.1297025938485,7.79052214684513,8.42178247635405,8.34955607282811,8.42161932477943,8.35877033698926,7.97205656292576,8.48010608860446,8.11111772898534,8.10240002933243,7.35591517277635,8.37306212608818,7.45935869875234,7.99518492329958,7.76398970552074,7.90789187223496,8.09687506745531,7.86292643606274,7.40864030939776,7.76006684543975,7.4540694464457,8.26030409865916,8.15813189478424,8.21342411925889,8.17026578818465,8.08564052591879,8.01652227426857,8.25278350735929,7.96396560303296,7.88928710126391,7.96904371257078,7.96961862428582,8.7986012101499,8.22415050207044,7.91744082513043,8.02169624287173,8.45817457558054,8.22304862579271,7.81676898712179,7.90388196880113,7.55772257531886,7.73505188469635,8.34984203902892,8.41335002959685,7.74294070906129,7.32836088550978,7.45686774141219,7.79596472060672,8.50066856659182,7.79097126791546,7.75680017186897,8.61999562187186,7.98545675236428,7.61200987922498,7.93219467856931,7.86391608961676,7.86153388877662,7.88664104953064,7.92202978455146,7.60730909464635,8.4643186982803,8.0999234244021,7.70590979068617,7.75914690931259,8.15379439163199,7.96174140789642,8.01638727290518,8.01205741098824,8.04622140328044,7.95422056542014,7.588488420483,8.27453176046828,8.08826017371723,8.30990368100431,7.90028578240872,7.80645746353332,8.20486138285314,8.07605801325053,8.26476316107153,7.68592694620822,8.00725119708591,8.48477320562268,7.71517117800148,8.20484441324696,7.98489216602945,7.81767125670424,7.97720647310022,7.9589446483603,7.83917552280794,7.71633666437968,8.4569239690206,8.17378401656038,8.00912352131549
"6",6.83114576996352,7.70978498436877,8.05293683314515,8.13626815204864,7.80140306800803,7.58462027633034,7.63515092597134,7.87530292865668,7.70313780462666,8.75734738593176,8.24236538331335,8.7118089605824,8.62933617678241,7.71341377986858,8.87536549912665,8.45756044106055,8.18900935496106,7.69126829147317,8.56162784486191,7.50210002993558,8.21284509282281,8.05599715395092,7.88806539141311,8.09574342997796,8.23378053941928,7.26826307280654,7.69326355607491,7.13355158254615,8.51475495205318,8.23032507699976,8.44805260584122,8.43863826226679,8.32504259966896,8.01793388030938,8.30086857824641,7.74228354793638,7.76571416335991,7.78429427645531,7.59785662236574,9.4630899406919,8.09138555955657,8.14749978061642,8.44935810784956,8.49244683228924,8.54587344618295,8.16377245487341,8.21960660828094,7.54440989691671,7.68367941958031,8.4486380641476,8.5283801162259,7.47354391478251,7.03911546478948,7.56989781755702,7.70907678081742,8.8878271473163,8.0133844974941,7.82534816023029,8.82814012785077,8.43924366230212,7.13520926310006,7.81159577767901,7.71474958448507,7.96069946115891,7.72737490299578,7.81987535604621,7.22461156167895,8.26390168808107,8.41731019594402,7.5842826927928,7.64526734813361,8.18176122695554,7.73362861436648,7.98723578330517,8.08202978052731,8.11719094480054,8.14411690584616,7.50315614721663,8.02059497208573,8.17687023162752,8.32797034947786,8.0358058097953,7.85172694288937,8.17113998946389,7.99928171349342,8.66361331655883,7.79474226928923,8.48804453630433,8.47515762357059,7.86725919878535,8.60321273341235,8.08044704228728,7.82932499945233,7.97121203671445,8.05261772975816,8.08086574852666,7.61213002458641,8.17933956629711,8.11710046333963,8.08270813862878
"7",6.572402338005,7.60408341946063,8.13941452819386,8.05910240803319,7.85345356644704,7.62790779178926,7.82642055413,8.03841079906252,8.11974015619792,9.20362342547009,8.40873304172182,9.0321415323514,8.77492971534964,7.65586500723159,9.12687990944637,8.61395459250039,8.49985032889657,7.74114801400696,8.92218002448484,7.22655174807131,8.33710503127591,8.03114136843668,7.59190324688713,8.07706538001093,8.27838820120251,7.40772809054845,7.59773354710666,6.85604301737084,8.67439586084539,8.17341761480643,8.78113631179942,8.44956692760794,8.39248796246433,8.09733161213078,8.6051704583179,7.2322540065544,7.91492815780145,7.70896802671106,7.68851459460231,9.8273261857229,7.85965735752179,8.24598054315357,8.91386917103181,8.47701039780388,8.77009746177167,8.32760444461557,8.18108129884867,7.69239013888388,7.53889443534929,8.44436521343495,8.95773913454935,7.73164346865207,7.086035882502,7.4365314432398,7.7224824218718,8.89992273492084,8.18864586263168,7.71128549721215,9.18476533511258,8.77782903628904,6.8088919285287,7.85157877768956,7.69401765250268,7.7463697832581,7.5864412283363,7.72983588882818,7.03731099570477,8.2074539369951,8.55340370761114,7.3065206856984,7.11124362211699,8.1477690653795,8.08244265203546,7.92578732826956,8.14873087668878,7.99748682158258,8.48735068738479,7.50480724082254,7.84860165583365,7.98763667076851,8.30531750520412,8.12024332992484,7.82996442539195,7.90235807648315,8.11480977873244,8.61387525367772,8.26788236782522,8.6546703027793,8.64006631721373,8.02718967857699,8.65404410327023,8.10471685744426,7.64467580873469,7.71314697058973,7.95685798011754,8.20986677028516,7.66126578819492,8.05895388739927,8.29832934898949,8.09690325746339
"8",7.53644308521298,7.73812072433698,7.92997267951904,7.92375813514342,7.85282191529164,7.80887785573444,7.82849745923863,7.84886456909975,7.99818242089091,8.20612277954375,8.00360982709761,8.2090872418071,8.1064448146885,7.70765434662249,8.27957187500239,8.06678808772445,8.09068849018612,7.81297380892524,8.1457315164194,7.75220654702973,8.0582397855931,7.94220489022218,7.81757834583806,7.95988283196546,8.05522631617592,7.7786591151955,7.74397080804566,7.57781402317963,8.02479188245968,7.97308539781761,8.13146055508285,8.00805896573155,7.95514832967473,7.94058085880354,8.03437767695012,7.80641419638389,7.82467185729033,7.77343963517089,7.79366406627413,8.38113629461678,7.87380143804843,7.98029627418924,8.24266507820164,7.99409800507938,8.08318118714965,7.95913693570015,7.89215220325044,7.89117799604409,7.80066124123329,8.06420244271047,8.22352135606765,7.85208855887569,7.58171930201759,7.76967993322345,7.81880297155637,8.12422334633307,8.01551217197663,7.90579596044258,8.22453586910306,8.17400407144417,7.47028011590036,7.90634857350187,7.87846372982626,7.91245325011823,7.75949997386314,7.82030937608619,7.61603000947305,8.01868359187804,8.05395054539952,7.6960057343951,7.72536957061925,8.0071637231408,7.95776241436296,7.92280806354379,7.8969327461414,7.91064720614306,8.01078272109872,7.80965265426036,7.8277025024137,7.86807629902792,7.95675406135418,7.98166232208723,7.85669250950922,7.94117501777578,7.9056935344082,8.03945951853635,7.97500586799583,8.04250288512244,8.16826039325336,7.90585891987636,8.16283484826363,7.91021057983271,7.73337194230059,7.75689320627961,7.87010690551454,8.01825561796049,7.880562617778,7.8524865089367,7.95272106127818,7.94504262405119
"9",7.32403594572099,7.39167400333877,7.95744027456716,7.86562535422633,7.7334303512791,7.7849554697211,7.80603923517428,7.56987598058056,8.30628082195586,8.66432625811497,8.02526237410969,8.41903247262861,7.813426159022,8.03313676693064,8.31147538440175,8.11689553381676,8.35470012895966,7.51124736145152,8.05594213521216,7.71278817621315,8.07942899664975,7.85936817972279,8.06092568834316,8.0860341841148,7.97073999979314,7.66385723159593,7.65721597964806,7.42481695136313,8.10724285921879,7.7338337503226,7.80867113445089,7.85520567458633,7.88034629282827,7.81462591675247,8.19720449880557,7.74809442074016,7.31056367938099,7.76828011949273,7.96625884304195,8.48448595049788,8.06729157414322,7.94586934391086,8.6897578363518,8.05376840100494,8.08592365337983,7.77915773106968,7.83843088240001,8.25377164260966,7.98469977268885,8.15914030139092,8.12577248298387,7.81694056797394,7.65282356844168,7.73799761067015,7.75665651105019,7.87140984856686,8.05634663797522,8.07614236333956,8.1741161947368,8.29937154582266,7.58990898645374,8.0296951071049,7.96423463905335,8.18118461323507,7.64934857644496,7.84979970932944,7.67305340950064,8.0027022031698,7.97726546813254,7.79343656526578,7.75073976319946,7.96757004134236,8.00205324198597,7.81164543092945,7.51696349589178,7.62546902341051,8.05960304214829,7.68335468851719,7.61326691233831,7.38224561758674,7.82109751833558,7.86628658795251,7.98249149009551,7.78942081494922,7.61097002002404,8.33960619027401,7.9992169091498,8.0876512669012,8.06259564550561,8.17497510652801,8.3682794219358,7.78504165356063,7.78582446675229,7.80649767281965,7.99294450955938,8.15600952035689,7.74288285529606,7.93975226052526,7.96514065075599,7.89920162057878
"10",7.66349406147675,7.49385561467427,7.8492892675779,7.85185494138619,7.88805219905035,7.87494360455938,7.87844579744189,7.81172801799222,8.25460985431233,8.80222658577972,7.85123668306825,8.35778752223852,7.90626296189986,7.87468883409749,8.02905518476702,8.04738351419626,8.77544512791699,7.52084834884106,8.10744546318254,7.71427273545969,8.1625074965558,7.7887072570208,7.8096196009643,8.07843800750281,8.29560045046193,7.73181786070439,7.75515026602747,7.5449916267835,8.00550908639972,7.87526454463719,7.52236295199242,7.75605722326991,7.78775048247513,7.61726455216398,8.6832685597839,7.60288367353991,6.87086505387211,7.4114930191335,8.01146295694246,8.50903688376449,8.27165561582331,7.83274125588561,8.77063030797315,7.98302563999578,7.83706445189496,7.78153045260914,8.05411913280794,8.2733883573298,8.21478839356589,8.24584171002276,8.1914451829954,7.91751701648746,7.52855624342124,7.62597552758499,7.65467788332149,7.87739962138481,8.1637368781192,7.94420107066701,8.45735782753462,8.44286000465504,7.6200389240296,8.32870187517908,8.02944906811157,8.45982681782523,7.42080513922122,7.82822947636749,7.72693332426116,7.83585228886984,8.15852641670283,7.79737099132862,7.48535842156852,8.09397475945297,7.79214271777848,7.66805828447158,7.86705951502934,7.35949605537839,7.75494572571065,7.67995878264635,7.52913188584084,7.18553765663857,7.7326502560277,8.06761796261098,7.95388854073245,7.65319896013413,7.39033388264672,8.26500230504949,7.988689300138,8.13427574213756,8.19316869183895,7.97098260404765,8.04945310484484,8.03372226532326,7.78681691688771,7.9645849041692,8.01658159265909,8.02125473872103,7.48457127400405,8.31195306115619,8.001582580705,8.17925937853708
"11",7.83890738484705,7.58440870519574,7.81656856433131,8.00425884676717,7.82908912533027,7.85754371175561,7.93974956711582,7.79266972390988,8.12717855388481,8.41401426574139,7.81327529427051,8.12208366250704,8.06935833836536,7.79803084631104,8.01110150684088,7.96974496986554,8.32765358438153,7.74497720524031,7.89787238070307,7.89700815357325,8.11493690120161,7.79031995821514,8.02768702429658,8.02064531048613,7.94420023488067,7.73798230939474,7.91373091928404,7.78658666922905,8.0985527198955,7.9189984264621,7.65442092555678,7.68838429989756,7.77565281110541,7.85168382656628,8.15579340420552,7.84930357129688,7.32111738618931,7.66640612738941,7.90009987379376,8.09279034223239,8.13041394263274,8.02827179940717,8.34653985083307,7.87931368792661,7.86694785018161,7.88818798838761,7.95864173147232,8.18040402616085,8.10379025469462,8.04800075369624,8.06507122942731,7.96206160278395,7.66306806221276,7.83936583927815,7.84512727871242,7.8841246048564,8.09381747258283,7.83171253269103,8.25369910551462,8.35209487878691,7.73499230930413,8.18159685534288,7.85778680711335,8.17021839538431,7.58764031773425,7.93414661884164,7.80555904178515,7.81766392832795,7.91659276827021,7.93316347745058,7.67478770188455,7.74488119792438,7.85091444940622,7.73138352561849,7.75529547950703,7.7231402510474,7.78716097523297,7.8605997128446,7.64372813859756,7.54184826801818,7.72964888644404,8.01107899335229,7.91922435214636,7.74024978831603,7.59341041411704,7.93545749759394,8.03406923532036,7.95515665565028,8.17580445549372,8.00663139741034,8.13435782857751,8.22376857189808,7.84079309859858,7.90104051927054,7.97871957753679,7.93772621150335,7.63384153630371,8.05882902703797,7.76892604427888,7.95794338641009
"12",7.90681906335482,7.34460226951119,7.97414279548235,7.78357258175023,7.86468706153559,7.40162373361728,7.74269230065299,8.03912688425329,8.07511903994126,8.59715256014508,8.00087040816199,8.04738067318678,8.03534015438373,7.88994042674059,8.04241016782983,7.79136573446733,8.28365157595379,7.71231235433852,8.06916058845628,7.98885897682103,8.16088636192919,7.87054796549942,8.19316385082526,7.87302493576448,7.98353766729679,7.94651943487952,7.7631495143741,7.7953309157239,7.96701576677322,7.87224362043549,7.75535563868123,7.63727320429536,7.63956799647417,7.49764839261505,7.91978123385713,8.12864110185058,7.29164156969052,7.56626609405955,8.02249123024955,8.30012130444472,8.13760737835979,7.81912682950224,8.46097478214996,7.74746918331143,8.10075076907446,8.01406508823565,8.37705019294616,8.07424343990415,7.90794518770377,8.24348481310748,7.78125171127341,7.90035582726867,7.71927420889962,7.75944768109939,7.77754026282881,7.71620926716058,8.36851518942137,7.73653361254348,8.10698571058149,8.51103849353379,7.66481741213857,8.38592336046535,7.77218800215378,8.22486095188552,7.45585692563593,7.93125736957696,7.92413482794996,8.03217157674868,7.79575016286618,7.70714266422945,7.69589407606461,7.76465399582063,8.08052705685925,7.54457243014487,7.94068405980087,7.47868942361354,8.22852198200166,8.05578024750678,8.05332116212741,7.6577249483872,7.33276648692911,7.97487699361821,7.97212562236169,7.7436739878518,7.95186475230126,8.08865796187725,8.1505096455641,7.99788781910368,8.28815821619544,7.92557863743629,8.33268233491664,8.52964463600381,7.76698124148888,8.0511812453368,8.10478021408699,8.01129233413608,7.56668763457937,8.01865503112433,7.67075936944144,8.06905391465414
"13",7.75124481525386,7.35718671481883,8.05643852006198,7.88323402314294,7.69108218510606,7.39207040705169,7.6283201846543,7.67465823473244,8.1392272546497,9.01452175987604,8.16784902530914,7.82050877793066,8.24828365354294,7.83162509735281,8.29629190886093,7.8566416136933,8.52332507753693,7.50819781548504,8.00425251973614,7.78648170987051,8.27760539558695,7.57184046452077,8.35812753380385,7.51133341915585,8.1728342275006,8.10389972750939,7.81614502579268,7.77925579171382,7.9035233960133,8.29414588270224,7.27962470458684,7.53366987338995,7.67529606979054,7.30320927357769,8.0537650509384,8.05529444877015,7.32018986084483,7.5740866549225,8.24405219523837,8.2554672695054,8.02825038915057,7.93699631319219,8.39528356400454,7.61203129403363,8.28368889420679,8.02862184944484,8.29269025237988,8.35309542171431,8.08454054327751,8.31500921291034,7.98530312809417,7.86676088031583,7.59389829182481,7.9262706695127,8.09024108051124,7.75863625004494,8.412924128925,7.37169618365388,8.23663284317075,8.65668251855116,7.53366075025763,8.54333607578279,7.61665360431774,8.26942100594963,7.25344302220329,8.02471510219969,7.70500883154758,7.84921327790955,7.78514616020204,7.97838621696123,7.68506699933941,7.90509683328482,8.13477541840667,7.54856670269561,7.7728767448421,7.7187874897358,8.23973508544184,8.21394258895369,8.52239119389029,7.56485102327952,7.65878385338274,8.03938091791166,8.16442634285595,7.93730744545592,7.99972624428739,7.95787936300929,8.3834706527872,8.01002172423751,8.40209436802833,8.06638012318984,8.56689105335564,8.61107041289464,7.68666159704892,8.31778867887697,7.93577959717111,7.89927030733747,7.57269848058381,8.09302895477238,7.75108505231521,7.93311876762207
"14",7.78560918649045,7.35905183119495,7.94606949158109,8.07186798881605,7.75523670142498,7.4890663785372,7.70584287616875,7.42765880741502,8.51413530404869,8.86220325424943,8.4326659802179,8.01322541129685,8.14397473263018,7.5485826061912,8.30360063353795,8.0187945615727,8.46978641574963,7.60716974946349,8.05420737060236,7.70335413873021,8.46930256872414,7.55107258330578,8.32452528148564,7.50342259150459,8.23820187269066,8.5636258422244,7.8110667719198,7.45353328512178,7.62321867049457,8.65881273760052,7.2370572812782,7.7007133263965,7.34339457124368,7.59481003798636,8.07026296288234,7.79633310305783,7.15678529660391,7.5863438660794,8.17125417474644,8.2816075939685,7.92885356981085,8.23313505068813,8.40151407508383,7.45616222854429,8.17349394264019,7.99317831084402,8.23787612054589,8.3080177262349,8.09412159654165,8.1646852871815,7.85202393168717,7.80426044322568,7.67398271930575,7.95379555105995,7.69508482565256,7.79566717501962,8.54071658920393,7.62461400471013,8.26898053738045,8.71216675772671,7.3562043189181,8.66132030282663,7.66325070817742,8.16547772000083,7.08758305028558,8.01233998505757,7.44463712322835,8.09147376759033,7.63388159625482,8.04525949234515,7.82232567187331,8.12160784325462,8.23150492672903,7.49829391052954,7.81543068677642,7.77843118278382,8.20944674629876,8.32611468074825,8.76497463460047,7.24841179516251,7.55206105993787,8.06004667666374,8.38141937763573,8.20291562399719,7.80400049654859,8.01957657415408,8.3251129577905,8.33826551383505,8.49925189167432,8.19243531807721,8.57316702794624,8.83257011902567,7.51236491908244,8.21403861437537,7.82039219049876,7.86269347880401,7.68618275181288,8.18290366455296,7.64366074928014,8.08557821961543
"15",7.89795193834439,7.66534140972108,7.92527667218427,7.96458877569099,7.78330480057304,7.87462720998464,7.8916893421965,7.87914852059425,8.25661700900012,8.3177654462604,8.09911491182942,7.93299432954776,8.08093340860044,7.7870641977636,8.13271446119161,7.91869573946056,8.20567416439606,7.84990767915574,7.95154075778133,7.78372202275435,8.16140902626034,7.80706570111624,8.24103955192828,7.78217153531901,8.04132008436344,8.26614014342409,7.89602052832318,7.77189487671887,7.84804425619444,8.20215714868181,7.61059385765283,7.93265210921316,7.66012375664966,7.83615752385864,8.09057145703305,7.86000931109792,7.68725569932559,7.88938021616082,8.06414022315726,8.07859128344633,7.98679502868173,8.00961018091565,8.28529784535005,7.74098445965113,8.08839226276597,8.02542412001404,8.11385334488493,8.16479745102951,8.05157068801793,8.10199240315121,8.02514337488787,7.82107474980834,7.79456491793781,8.00726821758708,7.92736143026272,7.94103507144296,8.39618869358416,7.80895063897607,8.11958329369347,8.48064247494189,7.71589038968327,8.31818221731617,7.81115889906807,8.0363346079503,7.60600286282958,7.99360683640351,7.71864329786596,8.1091299043089,7.87880509675552,7.87388074734038,7.88018736903544,8.01098778871388,8.15909598942926,7.73631876707724,7.95778091491835,8.03380203053812,8.06656159886766,8.03603133061775,8.41325012932218,7.71218691462496,7.86998584405744,8.05760488187221,8.16207150517427,8.2539046061847,7.97607024191682,8.05282805959099,8.1690351597655,8.20051121852208,8.29142463669083,7.98802325690631,8.15950803083721,8.27475577501954,7.80036301890543,8.12146169299261,8.00377122071045,8.06389021672832,7.74782122252916,8.06533597417113,7.79237232686344,8.01806941086142
"16",7.48318990650575,7.87471500709776,8.30639604122576,7.66733783474511,7.99161754107728,8.0993540832409,7.75749262819567,7.79511250051426,7.91970351456935,8.19484608313103,8.05838503555326,7.7435328548394,8.20542318072128,7.66201868684181,8.37969185191241,7.90757638114044,8.55846553060459,7.94168187235115,8.00059191031286,7.85466690401918,8.18261392238354,7.96229157394365,8.41367660390043,7.74792290011848,8.13110562764587,8.26870605881635,8.06693941365122,7.75899566972776,7.79644213693077,8.54545444966533,7.6497432344092,7.52919757532802,7.51605445121621,7.91852210181705,8.19749796111699,7.90971610120616,7.63074053263903,7.76021964599955,7.78938448341347,8.1970116546563,8.05269948645708,8.29232319291146,8.41631792128485,7.54188803570544,7.85878416514687,7.86182453840506,8.19876370079327,8.43649075149801,7.64856764355388,8.39868916009183,7.91985696164238,7.74075018077611,8.0212008878181,7.92814842294092,7.52596669339728,8.01993235214668,8.49182153482998,7.75541086527743,7.91448100478544,8.50791197965677,7.80798192170785,8.46129389608241,7.92798391490814,7.89292371505861,7.52381720216915,8.39946718962104,7.44106930640573,8.35576651294171,7.79884988045822,7.9167374839416,7.6832460938394,7.71238713131123,8.44624866886297,7.66686413100227,7.81591505349413,7.91097810636042,8.0478818926224,8.18646027503538,8.64321890698666,7.62034788939933,7.6887959832887,8.18592809856476,8.3373556874429,8.23502577154665,8.17727142031,8.20735320064292,8.37895512236025,8.13959441229072,8.48710456150064,7.93652042678884,8.24199837574535,8.35802198308031,8.00770382160181,8.08457503390125,7.92441697756237,8.25503228190697,7.43929192724515,8.17083956023329,8.0095036425114,8.02936563070737
"17",7.55058040211125,7.864716187647,8.35557929552739,7.78461179248245,8.0472401839805,7.87761449301871,7.72153937985441,8.05708834595741,7.76660725092166,8.34305403872644,7.98993963981005,7.94703029619462,8.19556067398648,7.57182368226873,8.19287418722061,7.55613282382993,8.68957442087901,8.07328030745271,8.14234391733917,7.55293519691873,8.058443312478,7.73011909563763,8.30647073881276,7.75962467441673,8.1036573794744,8.035603771544,8.17299397286564,7.38677119294667,7.90957286748425,8.56254372556969,7.41879564114095,7.5632484775042,7.43594901983535,7.88136457410312,8.54104091192375,7.91496148931594,7.93813771080666,7.91021513134253,7.68005242311675,8.2916415890985,8.00570795630547,8.38882186423128,8.32855332647361,7.55968849835899,7.87337577289774,7.83095915500755,8.34292614506822,8.61183059151923,7.72212033079938,8.56639194756354,7.74307990158962,7.99573315381764,7.85175234720615,8.02001050488104,7.52343582723163,7.96051213242112,8.48135817125529,7.86243539917911,8.2586951868027,8.45953462319082,7.89558569893986,8.25838729865445,8.05115126702587,8.03102863189391,7.33431447581339,8.55720044830925,7.09096617624714,8.17999978757908,7.62774676201175,8.05583648161026,7.76420920261372,7.66506240775635,8.29029379780319,7.58745939295425,7.91555202240642,8.11546817074153,7.89212752961453,8.38378812443114,8.60505875591546,7.70636512988189,7.47666751338947,8.2226662160952,8.0179388170132,8.57597993229249,8.59132811031427,8.29671229062519,8.27625078229943,7.95392149812749,8.34666051228242,7.83290279517496,8.33065799799106,8.37296178142365,8.01302197567878,7.73422498551383,7.88052504421428,8.32808940919181,7.37207205702826,8.45965579198306,7.97113345793523,7.99704226619864
"18",7.4909614010661,7.92853426906104,8.50961584248815,7.80942976095268,8.13040006945548,7.8111271812338,7.58999553939531,7.98528214395663,7.93191011948259,8.36579820008804,7.80015970064903,7.9920789257052,8.24165299862994,7.74185704410839,8.07640404016613,7.54083849901587,9.11466798785692,8.1303786049916,7.96610567923158,7.92222398036759,7.95246530466848,7.68704760592475,8.27880415349334,7.42116803358071,7.97448211812263,8.20481854116729,8.23312907196475,7.42852720714205,8.29117353139804,8.53168743887472,7.17479623286917,7.70660002732366,7.27810728028509,7.7878087505533,8.88566890077982,8.24642576324471,7.91394227071153,7.94622903689149,7.56285398419576,8.26424217327428,8.05709567396573,8.46634162507601,8.46748549020459,7.64197315141936,7.69905934347685,8.06952249804475,8.28824804352472,8.95544470429992,7.82677940577386,8.42806602005007,7.87374340257239,8.16790910323814,8.1460810051634,8.10863999633961,7.65574405760215,8.00679580475624,8.43854618601316,7.92340740279575,8.34995511669749,8.12142277485464,8.05183130353992,8.23816996121561,8.18123884794312,8.12571521454888,7.36077407493453,8.51020530273225,7.02192602861922,8.28220192010316,7.65524229752364,8.03576145388982,7.78908780742475,7.39351102694737,8.38823213496898,7.64675738846793,7.94347777677595,8.26815850179208,7.83938855635071,8.49412741713116,8.74854715285979,7.80072326623929,7.50193962913193,8.21612399099122,8.12546020930681,8.65664448332227,8.51547950524076,8.60975657669869,8.37287533627946,7.89072688743488,8.26037530722314,7.83366181417198,8.53659314293012,8.32305520670832,7.8947880633136,7.55558596693287,7.56026894369139,8.2872764395499,7.58025734513173,8.37639500435623,8.31968827036043,8.12679221385958
"19",7.55599523534357,7.94375073678635,8.84235205733561,8.0028150694392,8.17886134732961,7.88208831969488,7.74965843920752,8.29363398634625,7.65510189331627,8.39887700391447,7.83993608851944,7.85701289936276,8.33211631009946,7.75737794386913,8.24535700656896,7.26416015439037,9.3714017816646,8.07465315455984,7.52455519510673,7.85031952244538,8.30315735543405,7.83021462183829,8.28552277008409,7.22530272257484,8.16068544076957,7.97587148121901,8.43715881780884,7.78974797110903,8.2669629395775,8.63527581316746,6.98478963503626,7.83743748052718,7.48018143109336,7.4606845901691,8.68611026030707,8.28778632264326,7.64485598375236,7.987331113366,7.33546041628705,8.43732424068352,7.90940830147365,8.37159097925536,8.32853503895433,7.44840276202635,7.84779176491626,8.31535109150156,8.10897706427427,9.34293976001632,7.79562121290822,8.35275930757048,7.95178411527291,8.22769323496085,7.77522972189022,8.26429272620081,7.64787026707664,8.20736389429943,8.27555105211031,8.19635157682352,8.60345334101123,8.10575200806826,7.8027433854,8.21553211826448,8.37167237180422,7.88489701604692,7.04158622051287,8.55651576553713,7.06743294736252,8.35686732414887,7.58057943955681,8.05104716552923,7.91584859184,7.4712593410802,8.47778845405164,7.43050204684944,7.78106099007581,8.31893542053417,7.89198755035969,8.56623787470517,8.58316022615831,7.98791575565321,7.04513484017871,8.34936134413249,8.05716241976341,9.01528826255258,8.64652722693983,8.46630502917894,8.62654094573147,7.86359241475264,8.11781850461349,8.0281696871005,8.42269155712408,8.38610117092401,7.67958616342695,7.56320032985884,7.43381498407647,8.58748460437531,7.61359792463855,8.42369361781618,8.65862368118904,8.32150580872012
"20",7.6579785646034,7.96450315415497,8.82107941553288,7.86198142750191,8.15020851384039,7.95074917085866,7.45835345237468,8.15182705603188,7.57157049036441,8.46169853872172,7.51040141128141,7.95411376665178,8.68973250523986,7.85456419256421,8.3720674332175,7.13059955398787,9.24262333290123,8.04996936490344,7.61431596540429,7.67042986573418,8.51150630329053,8.11984878751172,8.11853852086122,7.08143452979638,8.14806137690485,7.99844057503068,8.07048511248032,7.88351376187486,8.56361534011546,8.6194341783738,6.8477379755392,7.76561998806068,7.48717480273551,7.52319395226414,8.88881200436362,8.2597910104373,7.67052688131953,8.28577006673912,7.08221252997541,8.3047791706758,7.96560787208906,8.60588833811227,8.33919366230562,7.34318260068649,7.91707521983645,8.10599347829398,8.10434155598957,9.27199166418377,8.070488498319,8.38089753465994,7.88269289807557,8.43814054700735,7.92668488403986,8.43770973393755,7.78958284290442,8.10756250311572,8.35595501966328,7.9467462520596,8.88900542926519,8.39164580242889,7.7525901384808,7.80767260526449,8.42191689915537,7.87514465778723,7.0281704353775,8.55699393483389,6.69345652558674,8.34778336918428,7.68381628337931,7.92652450915843,7.93505139014559,7.56803272482686,8.84542950404454,7.44991021361487,7.91916677294899,8.39664899308092,7.8854879892606,8.19876594954609,8.58815925620562,8.10606249740892,7.2866363854738,8.57197191306,8.30573271335412,9.0238462874275,8.72896450545274,8.7056520502529,8.52033646526219,7.84051332136967,8.09981544024396,7.88483957059287,8.63706489628702,8.79416119444728,7.62403071828785,7.50454406219062,7.10818718589139,8.71031537286869,7.63439594202707,8.19394634367717,8.45620390464786,8.17188768462191
"21",7.87166237265902,7.84822990670389,8.97340357933199,7.60845318484535,8.05846560944619,7.9485624913653,7.20197783895367,7.80409524830108,7.24851327986242,8.27525374612907,7.51997567789464,7.80883089176469,8.53263744869398,7.99510495965253,8.33905035371818,6.87737220535118,9.15512532648012,8.19277055765948,7.6732135115978,7.74269422664188,8.57328638308939,8.06828508553148,8.28976053345214,7.01145704815367,8.29326299688981,8.4176004721468,8.03012476373525,8.14727141117759,8.57839359567308,8.73755450418883,6.88411321347408,7.70643326455087,7.4279742245451,7.19885960662951,8.94760996810003,8.07856447674236,7.39034884854466,8.56688240709731,6.87776508464872,8.54973498813793,8.0680176048738,8.39182694180037,8.26401486354084,7.26495705318071,7.54489796468505,7.89596012101191,8.26440125350151,9.40724679411691,7.96880274952765,8.59940080070426,7.81680212873389,8.47912894822269,7.90591549528905,8.2797654670349,7.64169532129502,8.49986838723076,8.64607951249753,8.07960108218212,9.10447780608316,8.59901410350906,7.74461077724041,7.97157868052168,8.55880097285585,8.22871689613389,7.26861200296889,8.78426342997349,6.57189447856318,8.32679600786826,7.64442650815484,7.80463837851842,7.70541673075795,7.72968186286503,8.85775681903793,7.34363688130751,8.01987043425175,8.37422864995311,7.91075249454488,8.1090717875564,8.64622017685843,8.19407088120849,7.386408449911,8.75774972762149,8.26643233615147,8.83448627828337,8.65578728202521,8.65074484689441,8.58191725240984,7.60149024825799,7.95261489428007,7.98911090852596,8.44343602775186,9.09090469490376,7.37245562210591,7.4129922897195,7.08354016308305,8.62169548793923,7.63230105374256,8.21981748154404,8.47360393564542,8.27887881849211
"22",7.80275197980518,7.86356880059296,8.10782917114964,7.74228103618074,7.87301527787154,7.83997516520432,7.66458646536339,7.81524536314097,7.69658079619223,7.96174292388117,7.82524990801051,7.88969380320687,8.03896879390757,7.86453502062988,7.9632466226803,7.60142294412537,8.30569988465838,8.05457851305304,7.85813413938988,7.90459161611685,8.061723056413,7.91759279439284,7.95010810714052,7.61053596870448,7.99560037579867,7.8705243444918,7.90486065931391,7.84229377482732,8.0208339365507,8.11814472974475,7.60954800703769,7.7316663952788,7.72753051573544,7.72519926350216,8.26617666445549,7.90708478751959,7.70121911563921,8.09002245660078,7.49362757180906,8.06964906069209,7.95438699286628,8.07782192782344,7.97857347384028,7.67817501658896,7.78117321787495,7.83109149626587,7.94151053670047,8.3395812127128,7.86881319501903,8.1183452459479,7.84512579657842,8.14335808442988,7.87781337183598,7.93295660352996,7.7840071798968,8.06183976511498,8.10402705070101,7.93249293709655,8.2106434303605,8.03828886980994,7.93147729759908,7.96016183104245,8.02543825532115,8.00238502053561,7.69452394094774,8.04101236127365,7.44990054504431,8.06508224381184,7.75922609314119,7.79834431413721,7.78367568702361,7.82840492353731,8.2076230225765,7.7130863851345,7.80665575981715,8.07544847499789,7.86569521733221,7.99292288570382,8.05599570402419,7.93789078850769,7.74455276752134,8.07775217151028,7.83162522168521,8.11359066215122,8.03120623459913,8.04345805617609,8.14173717283578,7.81313257541001,7.85233456339087,7.85127663457998,7.96198575482422,8.24980758762677,7.78650560897585,7.71359797158403,7.65018341125769,8.12478987070958,7.8208606765435,8.02988806561841,8.08741761924641,7.92673066788541
"23",7.61206606643801,7.87689955758382,8.16885006648272,7.67553903925846,7.79118824708731,7.61470345809625,7.79215093643862,7.79624350052097,7.713453373939,8.01128341787776,7.72510210022165,7.57938716389136,7.93690574889335,7.91785563653542,8.2785314445017,7.76847881825572,8.51952812354643,7.72831371903794,7.75484441854222,7.78488889687015,7.9625739546465,7.88478078402353,8.03585323066629,7.36187813045311,7.72437418674908,8.11159372358827,7.85849072016917,7.73487441578187,8.12222977965664,7.95026657873131,7.57950309471059,7.7290003402518,7.75679283047348,7.4934576964153,8.31622568090601,7.78277934980955,7.90454349420243,8.1069826157808,7.78591597609097,8.20324019129516,7.88914455281159,7.97271458825492,8.08162840036589,7.75203647142304,7.97017498696918,7.98941987693347,7.94226450058025,8.61621551363599,8.22233921315063,8.02014048830432,7.78034221472618,8.12371936477472,7.87266904911944,8.11418613444168,7.78457462735042,8.04195609059025,8.22245767649049,8.02111059622524,7.85609449223904,7.8731300253493,8.1267130398179,7.74031017112325,8.05118466684859,8.07321764562616,7.2517593182177,7.84739444488028,7.59748889922943,7.89442073233386,7.49879121713554,7.60846343074077,7.85387924290323,7.97807220787671,8.1272559017604,7.76264795243878,7.64939436309172,8.05564295859497,8.08764017793317,7.877419126228,7.97381873861619,7.99092796715967,7.81403399158528,8.05925150191774,7.90898687384324,8.21620617988242,8.17346563335599,8.11391209802267,7.7399111991205,7.75962384931009,7.95161636611705,7.53841683662554,7.7704417013863,8.28453709542787,7.39750750203538,7.52613745552083,7.64008026644035,8.08461253376506,8.12948074101388,7.89820374456502,8.00045890082152,7.99156560414763
"24",7.77147376650351,7.88303588826702,8.17069332074639,7.67641884347832,7.74134134881985,7.85611344311639,7.65036265112987,8.03169464288019,7.71407836657116,7.98186100787315,7.73182599203275,7.50027287887527,8.03176529468765,7.7500305818046,8.30127405177918,7.68551856810443,8.5923269358868,7.61016692575536,7.60024077343291,7.8980677806716,7.88222255992848,7.88448190166557,7.77665457249799,7.35256852276818,7.76394785276298,8.24298954150929,7.76790986352769,7.51374885528367,7.86417011736329,7.6146255524124,7.795726194249,7.52374573981098,7.37772269426906,7.54249998811329,8.57051862357814,7.54272440982041,7.91573441865016,8.42630330361054,7.70952656490773,8.3485977491202,7.7271626041128,7.86501047606539,8.09927381502231,7.72591198118645,8.45593874613746,7.949293061613,7.78176147928848,8.40780909582414,8.15944320778753,7.98297155053707,7.94229285779968,8.07490151585308,8.10072980730271,8.51518499080069,7.72247382629315,8.11785206091998,8.57905535101605,8.07275592702167,7.93722373029813,8.08515516059229,7.92683330686414,7.4796808582647,8.09206147385937,7.78489416050544,7.18177299190794,7.74175470131617,7.57896770587753,7.94081793580842,7.31394533761134,7.21310913912208,7.65054204116785,7.91830729307494,8.26505503339076,7.86373882714197,7.75300982065685,7.90838004793405,8.25491753225695,8.09025141309842,7.90537410523646,7.77358125220428,7.64825890729803,8.02524424516226,7.65831859956561,8.36854014727893,8.0738118366178,8.05319134873687,7.93553289252807,7.79318687147683,8.03508145022123,7.75285755361867,8.06748427497138,8.40455773931417,7.06737160445098,7.53898100102176,7.85138792298269,8.13735920740629,8.26456743797204,7.50054240103662,8.22839905036277,7.95448016733355
"25",7.81595119562586,7.86569990520632,8.3017511060883,7.85873462645621,7.71573788820952,7.80122601562321,7.91566270279493,7.77477195991332,7.58408777715092,7.84770054229324,8.03027133869753,7.41261807248768,7.91057718866679,7.82842854225707,8.2094063129425,7.78337336634474,8.41191521607762,7.6208876195369,7.79646058299801,7.81873983521159,7.78868912525791,8.06446678274468,7.77527106592478,7.35750895706986,7.75225898129777,8.36363244375672,8.05185171140432,7.75140073768653,8.14145504466594,7.83313869499624,7.68242803931271,7.44180516884017,7.50253222574458,7.58603105787691,8.68888625936923,7.62170241149133,7.69485751544047,8.25589999099289,7.52025178543466,8.09982886013503,7.76121867161183,7.80285330959073,8.15271631361052,7.63549280275559,8.38145904004353,8.01618949038792,7.7111124108299,8.16102481375153,8.31518796697017,7.83328927323921,8.11945827969937,7.84871288535423,8.11669928007499,8.3163099429207,7.83013985879659,7.98781427230626,8.90267269996292,7.69572687345566,7.86857633575015,8.02030982519138,8.10406075068781,7.39444573213921,8.23026268325982,7.79933688444151,7.0217756686421,7.72634153238837,7.56336610371063,7.71393625530014,7.19296021697224,7.21574747131988,7.48862437316566,7.79464164819468,8.31437966055057,8.3115380163179,7.67607250660347,8.06471185119183,8.22124935588607,7.88265718986781,7.78233503173202,7.84106188070137,7.39284729000943,8.25604729323302,7.75886247346085,8.53911217256596,7.68885078022378,7.8802918570057,7.67550824122278,8.1246886892294,7.99663374030585,7.59141275302828,8.1884637145603,8.55153919040061,7.09337446237126,7.33441904425401,7.7972386861598,8.29171012465949,8.43560592595156,7.45037962962324,8.30255843918142,7.76586244616244
"26",7.95611175059348,7.90817669530933,8.28612772192892,8.0913325190561,8.0573583159447,7.58973873389531,8.02645238156661,7.7680065612862,7.71394799097894,7.81859544699179,8.13746000904761,7.49162766377371,7.81314567331489,7.69302946899458,8.14487932228725,8.10016091588275,8.21157677922338,7.36878142801363,8.01043675460052,7.73375841717637,7.99683093933233,8.09392140226983,7.99988277438767,7.37742845044389,7.90489223392312,8.25178086019035,8.00098761269506,7.90543186382579,8.34105846063201,7.69923366898656,8.02755265237401,7.15181828096974,7.60077794625198,7.25276986447306,8.3616940202298,8.03331299965284,7.48494186229344,8.37560074596028,7.72621854208499,7.87430486200794,7.576627708468,7.71919526272073,8.27180896052695,7.57350434631746,7.93535263656428,7.80319398264138,7.67805246140592,7.90818296966512,8.40478692952704,7.68559116390745,7.85588197889332,7.90091062451632,8.56700500663976,7.99247504143557,7.63094132003562,7.91253006511925,8.88108554022456,8.02808660151874,8.12582938441894,8.05503852970573,8.29327654311393,7.36622411244666,8.28147675679481,7.7707816146961,6.8821634629375,8.01792641022525,7.40681452557596,7.54584241578782,7.09625424409502,7.17479027397152,7.50449049426694,7.56500204700012,8.55599899388371,8.01023694740531,7.56079831222216,8.04490655137183,8.26127999870906,7.87093028169694,7.32532319820973,7.86251981279017,7.46753730292466,8.54156020038869,7.6978032824499,8.46641746317876,7.78529353316276,7.85774092147402,7.7035375339685,8.1949666514706,7.89807237186051,7.86892241992779,8.15279322221137,8.74409393712454,6.84165648491184,7.30731332749966,7.59318088386765,8.56783636708733,8.49773596536339,7.31507002011239,8.15225033828636,7.8926463932631
"27",7.8153617165352,7.8883371158193,8.3512478876119,8.27770236743025,7.97607788881168,7.63731666527891,8.00725690837248,7.98982032224754,7.7617951092081,7.88057106372447,8.0938832462322,7.37193162307317,7.77499635136955,7.66441058667254,7.69636233775023,7.8222876856011,8.3954074027308,7.78607865580888,7.96514515498602,7.59971232027266,8.00066066630474,7.83320432887581,7.8106875412999,7.08207637149911,7.77516537533793,8.31703008116265,7.93058605346585,7.92245590686722,8.30213809898831,7.75823215249983,7.79293855868575,7.43599952671537,7.41425789414436,6.77715340493311,8.36643307494377,8.0172564095699,7.51333046837525,8.3154699639997,7.45557318422903,7.37910675170084,7.74532464895697,7.66604396979311,8.16088253916872,7.34249381378494,8.02424020760862,7.79526658803231,7.31620145733608,8.04098164720374,7.99454512461538,7.56165267182173,8.08988022811334,7.87788691447172,8.34786318673999,7.81308210309989,7.72911153063833,7.67774633436617,8.80971296211688,7.86310354176559,8.29988107415614,8.01056049465643,8.19053924768205,7.17211406897358,8.58800872443103,7.37014551972071,6.74357507719266,8.15128873786709,7.13133171523596,7.6046790881994,7.16595691814632,7.10508398697628,7.5650100314992,7.30310730473981,8.56001064669884,8.11253902417149,7.56140801707687,8.05764726121791,8.41420197367989,8.09367853146713,6.98579268154801,7.7331034999397,7.49798006730196,8.39785470337147,7.52443057149746,8.79526905154599,7.80268189592366,7.79660637553877,7.92254332662967,8.22392618621825,7.90524541815485,8.05632347408183,8.12002133528542,8.59882292221463,6.90238824039404,6.96527331370997,7.43544772182145,8.57330537143369,8.61880484725787,7.12407194831382,8.35680242330598,7.82542543358269
"28",7.62302180107686,8.0891683771894,8.5089712898483,8.29445412450214,7.74067019245572,7.62661902688438,8.05718586260699,8.30721321023501,7.96144211807898,7.4914632345109,8.04522473027032,7.34651946151031,7.55434098732023,7.54162764785099,7.57197408794059,7.96840492802913,8.60921118054212,7.92743698006439,8.11953594280782,7.62177603551072,7.69732421938672,7.67223826897463,8.25145687696975,7.04933435765867,7.5093843215209,8.32152727092472,7.65982377353075,7.81835055464348,8.43732868534135,7.55781920882389,7.76338724754347,7.3291459118796,7.48103883672682,6.57858270614229,8.37895673157942,7.94380045778787,7.24284398450437,8.27246773904028,7.54912456439804,7.60056124683498,7.57544858080281,7.43910584180847,7.80737651901012,7.43524218402175,7.8965678637545,8.15785191146054,7.31341223660971,7.99261247179154,8.20049050367764,7.90374044490315,8.09701839344952,7.90549364211269,8.37130985543212,8.04907100868862,7.71867023678769,7.59732511030574,9.04343239278689,7.59308064509178,8.29979913519519,7.85563699623976,8.20869404536833,6.82865261403334,8.59359534092259,7.55295275238723,6.84079728190722,7.84837841821336,7.02014587020346,7.51795665923963,7.16543366331995,6.76813771026752,7.74351948728626,7.35364173932095,8.35846649324551,7.77383318745493,7.49237846015279,7.87078929052777,8.76519240156768,8.21352177200071,6.8770282221214,7.69337731331007,7.36451990472118,8.70157801954967,7.27258058345612,8.75518657424047,7.81047450960866,7.8806941977428,7.71208251537152,8.3002543746883,7.75864098201472,7.79906195728783,8.09029227506791,8.6480865589714,6.9578187238772,7.19060727420036,7.13353995542698,8.7077035288056,8.58971532380259,7.03977622697966,8.63721624641728,7.55402114033769
"29",7.64561003820446,7.88094970637913,7.82292415553036,7.79954545329563,7.664427229693,7.7353718188577,7.68846564187348,7.88296106641708,7.69835142561967,7.58943053776918,7.89039165393138,7.55779035266382,7.70887409476678,7.6993289328096,7.59093680715729,7.81717504965473,8.08492481373214,7.66414003344826,7.93278962258991,7.6938029426958,7.65380570740212,7.72100320984549,7.81132485744848,7.51995796690268,7.70063137914627,7.75159061581258,7.69109942495451,7.7262523040984,7.91417346584405,7.68607383640656,7.80946334665575,7.57497815262388,7.68589192421457,7.42759837366844,7.93257448783628,7.781443691002,7.49066607285231,7.84063735758323,7.59417025148085,7.64629893772804,7.6265412620992,7.55841923464789,7.72571493395325,7.61657604724121,7.79101358275109,7.82941835736383,7.62458556352613,7.79913970730499,7.87281720421515,7.70258912234044,7.88115474545454,7.78616378029,7.78792578462779,7.85544225132387,7.53571433517852,7.52852945156768,8.16261903828849,7.68948593659594,8.029389632778,7.73383012272693,7.82729524340497,7.47391978102606,7.95435035503651,7.62652535257168,7.37857219060077,7.72648948494466,7.48083930005624,7.61079915184733,7.47107626015345,7.43463555789865,7.77865259701611,7.60782589959804,7.87809452854597,7.71336898665944,7.54686623311412,7.81659258950964,8.13615999069046,7.90780405094096,7.28243991648179,7.68806598189514,7.61907968991038,8.18011436277418,7.50262308624636,8.04269428255224,7.73215291564389,7.80255952495786,7.77421720414335,7.87512895161393,7.62013243295834,7.69952004276067,7.88404947364849,7.92084260738682,7.46383532364198,7.48241893950485,7.52515962523776,7.97551831071313,7.99700139609695,7.4197610965275,8.0388144852013,7.64785753828167
"30",7.44287122754295,8.05154592373552,7.77485963566661,7.42725663048051,7.66779223053251,7.80390235771992,7.85400484841755,8.02666982660848,7.77623391943514,7.74536052661074,7.88021471811035,7.50562641227078,7.75689448431763,7.96902603359031,7.5581621648053,7.74978873385891,7.53562078753019,7.57586435368433,7.76568791280985,7.66704682349331,7.68113879754343,7.65668233204276,7.84425670054768,7.74262714930384,7.84719566237279,7.738315588354,7.82944285393036,7.91038593550768,8.3235213718831,7.53760807732349,7.39590207628024,7.23198004291336,7.56011068231061,7.16010929115856,8.11473111878735,7.75180115301616,7.58211357753705,7.59113634228052,7.69137437615927,7.80749817033767,7.49955284905976,7.73349011197354,7.86986198111345,7.43377332460836,8.20601716707868,7.70679024910911,7.77173891584598,7.89071926441413,7.85415795582816,7.48886764297408,7.43214277494225,7.74978254146256,7.79296320055202,7.64573902447408,7.18277584687424,7.20097860425952,8.15743692743646,7.91453526003034,8.4693264436579,7.81913307827804,7.61974629905981,7.50074482421247,8.03501113328544,7.62369584270955,7.34285978146618,7.376929686183,7.51528384614057,7.60315859504999,7.60337100227843,7.23978335926868,7.86869660343724,7.42216883124097,8.07702469166112,7.98847742743837,7.71856613063165,7.79239851344119,8.05375540306133,7.96528938330863,7.11370101986204,7.80186660055418,7.59076520445868,8.14274250540383,7.41024270035012,8.11866750994819,7.30437829356468,7.83230308076943,7.446873614946,7.94982897291538,7.54550466686371,7.74014654718144,7.77682366763292,7.62231752079225,7.40566300901672,7.18461938367943,7.61407826877079,8.02762435942872,8.06604667009314,7.26374763816294,8.06812713534024,7.67246485334801
"31",7.27550345642685,8.3113257337376,7.6836568541271,6.99395386152548,7.77721495098055,7.84835044725361,7.86031827958884,7.80419049202977,7.8178473027845,7.64009518284037,7.85375991813904,7.82016540117185,7.51464032754437,7.90453630595371,7.74873641750895,7.71223959047448,7.08187471699192,7.30325392828931,8.01656343461882,7.3240247731005,7.88042581084093,7.42192026095701,7.76891369142308,7.27110440937243,7.45833112711047,7.75262205903138,7.7355761486907,7.50308743436315,8.41397621458928,7.55931695301076,7.27551037333012,7.15115280182674,7.46161031190003,7.11994326136453,8.11763604727132,7.78826474245062,7.28274265687455,7.58278434835503,7.59131962491848,8.03753898564585,7.40322514217984,7.99250976623376,8.12639995107745,7.25854440322485,8.20579114200484,7.90196455810407,7.71601496754309,7.86460602364773,7.70556422537738,7.34127336437691,7.26128756214503,7.43994921532721,7.78688143809174,7.75630240931209,7.39907225414948,7.00290686612047,7.93085431675336,7.73681223214627,8.36621682686951,7.66106059142374,7.37447103504235,7.47465470601578,8.00015872137108,7.37098021890272,7.30141798679117,7.24576382920958,7.41157222295554,7.43403246334083,7.81859560402258,7.38061024723491,7.90448248274146,7.23722106096861,8.14369891308055,8.08122429457412,7.5841723834004,7.61773809074093,8.05832652736249,7.85708735035908,6.6623357094292,7.68832761174648,7.46320909988723,8.22354284268616,7.32009211342671,8.21192088452518,7.28772290586282,7.81718991912715,7.62515387056631,7.99502479180002,7.63314111438454,7.9258142382933,7.91362338597345,7.53106094048067,7.60702615574909,7.47156723710324,7.54889844483852,8.04558342372311,8.22075250637508,7.02378988507388,7.8195571311423,7.53977243341301
"32",7.5427255567872,7.95736862273964,7.75874858882078,7.38155825524885,7.64072169358647,7.80211897992692,7.75304934445852,7.72954978822528,7.7375715665144,7.67308958645105,7.68247386276138,7.74092822620985,7.51759910747475,7.78521938403677,7.59489465081123,7.69052318169755,7.41280738362397,7.53760857285264,7.70181932992602,7.3513578394191,7.86506200354819,7.46481992601277,7.70597219945029,7.38660133088837,7.53305570770981,7.74071907547036,7.73626121477041,7.61229468681144,7.95170601690182,7.60210162703705,7.60821256598456,7.46809508278381,7.50306107687093,7.49531199064634,7.83901176496037,7.85673680161751,7.41922757749819,7.60078876845134,7.49562679860048,7.84830130499408,7.27824527176471,7.81755919913322,7.75051441279461,7.42806088026587,7.87657390467316,7.83977082132785,7.57952131989909,7.7135915333181,7.60126269518935,7.31481454287598,7.35938927796332,7.54233368233463,7.89913074012225,7.66871634449447,7.44177196942984,7.24300589224173,7.77274563323471,7.61371162588989,7.93475506265951,7.67501739494182,7.5832835345661,7.50360709966618,7.78287886487888,7.6279337043837,7.42763099127368,7.35271495201631,7.40412113905777,7.62430107816879,7.70227477394469,7.62126295668299,7.75910843712149,7.32780342578787,7.89793272067801,7.76081188234242,7.49938265030639,7.66183701088827,7.90931199417709,7.92451655322762,7.05433117892447,7.78053597217766,7.5466876340862,7.87775715491643,7.41690627731228,7.81987791463519,7.51133681067744,7.68908181724311,7.48314459042846,7.85140357113024,7.59937931222942,7.87693396827858,7.8781514955296,7.40913506085824,7.36886775356557,7.59622078311154,7.52607330072765,7.78124303163904,7.89243951801376,7.11293531237553,7.77517245173557,7.64928045641532
"33",7.47667576669547,8.16256125207522,7.82893562626386,7.02686416371782,7.58677615911343,7.87792342157207,7.86666556698597,7.78761674795733,7.75598695641049,7.59389967919363,7.55168593818039,7.97355355006115,7.54979268732078,7.65246955606071,7.34144422677519,7.33062501825069,7.38214702936826,7.65413045045993,7.90581524732338,7.7068842502033,7.85450663821984,7.25045020954718,7.67728691079571,7.15619013567061,7.73851103192607,7.77802463277079,7.73743156343582,7.17466422677337,7.8061649318863,7.78837430865707,7.2537591281963,7.40773440474142,7.39599047977146,7.54085489812043,7.80350032845836,7.62643672262886,7.44667594241694,7.63989553211034,7.4466370990976,7.51216625017786,6.87512065208922,7.39052027918019,7.65308307080367,7.17655569606943,8.45075057900661,7.60834053793426,7.41305561419859,7.48386324611572,7.3130234079483,7.30854167378992,7.2642278637519,7.34617082822923,7.98895342998311,7.67818672746765,7.29075332036754,7.4449822168014,7.67380756347199,7.49626609276708,8.25820921378873,7.88948421143538,7.64961588532735,7.6233536793288,7.8661878639297,7.62193779552144,7.35766312063369,7.63258016743864,7.31712232111698,7.52648156569138,7.57280363168289,7.83700700029223,7.84926936097525,7.02613829652073,7.89129606364948,7.79969398343206,7.73323390601353,7.98876878548923,7.64474858670869,7.92993338107236,7.33240999228504,7.85426998427498,7.45235607531135,8.16777450421935,7.46244246796201,7.57889236908199,7.50596513404497,7.65491171865965,7.32632175172479,7.64090750346857,7.44363489185788,7.88792894926442,7.92230810527323,7.41488918549355,7.49339982520015,7.38496980104487,7.51565453791815,7.98769962680875,7.73494447167822,6.98279360346952,7.82530567782491,7.86239154521733
"34",7.26545732723857,7.98731022116461,7.6240308452722,6.4813025180622,7.43662917017494,8.09903598072809,7.93024711208115,7.80572810153764,7.80598000451907,7.70173828384848,7.51455197165694,8.04690610684625,7.69589913180759,7.80302134027724,7.07553981464774,7.58879170203986,7.61170123373701,7.61230905978247,7.86337468464543,7.53497040066155,7.62887855799861,6.90169838341826,7.60995399228018,6.95413009625114,7.43514605584446,7.6396855154732,7.27903603218327,7.21667455004761,7.75794906234571,7.64003863807593,7.26597206304388,7.12473375620947,7.29127382425266,7.22884154540375,7.84479871558795,7.69144711498231,7.12587752245058,7.42988639026681,7.38737542575827,7.4797210388192,7.10360996409586,7.33017396006508,7.30628874464551,6.89088848708391,8.24688761266206,7.61322257819271,7.67678318927206,7.38297697247884,7.28844552958302,7.07751851267377,7.0438564190003,7.56620043593558,7.82764165528438,7.37868491005134,7.36881113556985,7.46976809378613,7.39302244173424,7.34559269128357,8.42905983256308,7.88793336807681,7.51131240856006,7.58900517945623,7.99664829105346,7.00002303763241,7.54310993851177,7.6532595591553,7.24958104856609,7.54736715795463,7.613785237098,7.7718235526655,7.63807866804008,7.13922737869256,7.83793148951248,7.28021194089327,7.81890242254917,8.13914002110289,7.94325028338537,7.71753467206354,7.23172697033517,7.45695353856039,7.49404776244913,8.00764792601961,7.38541604909428,7.64555508565521,7.08194287312327,7.51502969763885,7.15551846862181,7.96511662945119,7.31246083236317,7.39837629723018,7.70525859763898,6.87232823799647,7.74349269292256,7.41130984319019,7.20019549443419,7.99367608370738,7.93781737658265,6.81709858436935,7.95368470538473,7.81624837512439
"35",7.320351578303,8.14840635128279,7.57602073917402,6.51234938901005,7.69604001788615,8.2020334864907,8.1459906175297,8.29785427060294,7.68720276057062,7.96987138753635,7.68153692175327,8.09726775274372,7.72133876474982,7.58281596048769,7.0891347301722,7.38519110115642,7.43701896854324,7.43472102399346,8.14439971048326,7.29390314337924,7.73113570244788,6.84165307362069,7.93911295965785,7.34852118499993,7.51211408013337,7.46731090860315,7.17546676358026,7.79072556886238,7.90863525712441,7.64044821334823,7.41609915091359,6.9540724501586,7.10780590888555,6.88807510426412,7.97527528101069,7.90426675592996,7.30186923827745,7.42781201901548,7.1158228752969,7.48797126230331,7.17183190421728,7.09240658796883,7.38727569439483,6.64263687065658,8.16720608142862,7.61387507652961,7.93395921555519,7.32534307766456,7.15651536400184,6.97213894514477,7.14458892722101,7.63398864249977,7.54972406677723,6.97644427587606,7.21010851187914,7.33894483580463,7.14918827706541,7.49948529679509,8.48658404510419,7.83372419432624,7.16171339098744,7.65215353136752,7.99877191068569,6.93699219616419,7.24437332449295,7.31093609902366,7.43354621533697,7.41328105956361,7.60264756563786,7.92246957816391,7.9452864949653,6.92230062254081,8.00828967619234,7.33550050345101,7.84031723354519,8.26929981725842,7.86028480159541,7.87888563477184,7.3027544044241,7.59329663595545,7.44463647081621,7.93821295989663,7.16355565747014,7.58952030096991,7.50627191489182,7.69518262182598,7.16695290400345,7.90218816722828,7.32408914206158,7.35879913786143,7.95567115876942,6.61820681847406,8.00990713228689,7.50413695938991,6.96698540113695,8.1065294371177,7.64330649255776,6.62450238307401,7.78477727777523,7.22936689290924
"36",7.41623224033438,7.69840128671672,7.49231596861584,7.03005360874723,7.56297432178157,7.84760283130838,7.7990618568577,7.74371490404512,7.5670021072671,7.57590939590214,7.76459145648908,7.88799700531601,7.64781488757735,7.51664761437344,7.34634751461387,7.52612512811928,7.4982790562937,7.45015427329635,7.71880445095403,7.42936789089231,7.63784439307918,7.31437742357558,7.75917884602614,7.46652096603996,7.55539945824352,7.47103347677762,7.39247198243863,7.6680497778968,7.70629049450813,7.51010058292078,7.46183813214549,7.21496022225698,7.2496040125753,7.24060709081016,7.75745710815871,7.59865237710103,7.45343552191338,7.42836610920117,7.19272554447449,7.44428652857175,7.30240364550587,7.28290639925523,7.44410805256312,7.20696005247645,7.80614035812858,7.43645768652761,7.67894081236301,7.41034728226262,7.34387893096367,7.34353474905985,7.3081679938246,7.56628444831375,7.4285343586033,7.38806067554129,7.45295767178089,7.47026643782329,7.28481351796598,7.40650706199477,7.99971285060687,7.55301289759742,7.32977157896292,7.60929475087659,7.71298920952355,7.22582918075666,7.18980803805223,7.35835740293204,7.44615533875653,7.52375862804881,7.45291347316435,7.771567631251,7.61313138796099,7.21761898496934,7.70893813272419,7.41228789421268,7.57272469052744,7.77580038727294,7.81434111280563,7.67511631825453,7.37993692365123,7.50170522082675,7.37776639985109,7.75738408070642,7.31156117066326,7.47863731830368,7.57660444334727,7.53864811412466,7.41504470034708,7.61151164383941,7.39379642585388,7.33255407413216,7.63574530900003,7.21934550840365,7.65819973396214,7.51392001746164,7.23325880782136,7.88574213145657,7.55476463551903,7.16811094087754,7.56700684231473,7.45215624328827
"37",7.35354222462277,7.56522014022967,7.90212563687914,7.25127214276148,7.87950555213513,7.68594999925442,7.93459473264923,7.68384534530954,7.63244177496294,7.31817692233555,7.71973838138754,7.91371297380661,7.77406722778864,7.3347465655001,7.52619786694335,7.22096302340851,7.5667335530934,7.50275902856576,8.02051715370673,7.62501668730628,7.79254935880641,7.2176362207824,7.6742733225749,7.46923065551991,7.82729667632073,7.83808120408653,7.6021428703945,7.53353309106969,7.76003432264291,6.99541078334591,7.57402792456839,7.39738677043117,6.97917040762956,6.93358732947785,7.68010790710188,7.67338908943025,7.5460559462671,7.47053910337664,7.73904690100018,7.43055751329658,7.16681531450307,7.51435415474814,6.95810792568975,7.32512913111625,8.03232964075585,7.28624677597836,7.84058032885749,7.26824262929341,7.37149991434967,7.33457213750397,7.0942912340047,7.56928851289635,7.42759527822929,7.46303430322107,7.18900238825314,7.32421563500429,7.1260062927642,7.69165177491469,7.71127571061567,7.5898155067314,7.31658863193571,7.82773505199072,7.78179564734505,6.96746844623563,7.05343838345966,7.1439067865857,7.43235771611993,7.51693567384965,7.38065363708974,7.67916189656217,7.67438684072008,7.20555386955338,7.34349637178576,7.09094488788776,7.64957662513322,7.624524670558,7.69114824659261,7.67666532270883,7.1955517887581,7.78864480764834,7.31684553180919,7.69936765062983,6.9761979695969,7.41745228218371,7.35399161167312,7.4486827993179,7.30905836010552,7.8775892429937,7.56400141114065,7.16355433969745,7.26137225543998,7.01463382414927,7.46945471183807,7.6697576507204,7.21934948893125,7.78635062118083,7.45160481309702,7.12787495764544,7.46219704986092,7.3394649010523
"38",7.17956189302349,7.73448247634528,7.61678954502196,7.39787506317341,7.8445615043091,7.37178725082151,7.79364474113413,7.73023100466378,7.4509661845143,7.07678998882226,7.81148152239851,8.17913884708677,7.80366092824022,7.21928723921197,7.56294052346056,7.12066500745476,7.49713892633893,7.57951861373012,8.06991842280503,7.40637887800177,7.67760871997527,7.010031162005,7.73429250638124,7.50343460383175,7.48851706508253,7.53783016048666,7.5656730764364,7.36404391120263,7.41769913767821,7.27179421040637,7.6313718963835,7.29732426038667,7.01005457398452,6.77334290081076,7.70564061387495,7.53013253327533,7.37989394035309,7.83547479303023,7.45574358084974,7.23748733446812,7.26679428394123,7.10178014030502,6.82256334256444,7.04533704292201,8.22560259503019,7.13149206662474,7.60194408282824,6.83308147092665,7.39055392209801,7.59391880142094,7.04156993994551,7.43547251498048,7.30646268571092,7.36749166999307,6.91463085583426,7.48492941148728,6.98150567491102,7.64915094590065,7.68183435311851,7.41470542617819,7.16985029626583,7.72683376538517,7.7148685344381,6.9985174188905,6.90072408386882,7.32020497548212,7.28764278367858,7.50814400454855,7.41090277180461,7.87640673381393,7.63458166592786,7.21811370089712,6.90750356381529,7.48880764266666,7.67714824534368,7.86728952505499,7.6202646673631,7.73991826182988,6.99652198845623,7.88384619604867,7.14039514659779,7.41876955467173,6.81669268165591,7.19414802014017,6.94063600103167,7.25782935228712,7.08024285764327,7.81025315113429,7.48201378178427,7.02849483848293,7.21212393204103,6.93173793629434,7.41746105629396,7.44822903672436,7.23078568214777,7.79895321215011,7.53500809317705,7.02954091749299,7.33299301625846,7.03337081497625
"39",7.08713059110137,7.84750018137719,7.45382481924605,7.2908845837739,7.88643529746502,7.17683817784026,7.9202686261154,7.49678754375053,7.52223483403877,6.75529501218989,7.90312405780984,7.7899639554364,7.51124374061951,7.19916800085273,7.44851121511886,6.90844143024445,7.61286352553542,7.49423977050798,7.80452104145229,7.35673834777905,7.5759239556368,6.86377112667229,8.10989648505857,7.39530677002272,7.23413241446116,7.43471687528532,7.45104855676855,7.38567401962895,7.37332378234075,7.54223075310663,7.43328751687895,7.53239953300346,6.86422609067824,6.92970816491363,7.23559662884169,7.25897301941293,7.28158190153579,7.94883416422623,7.2877410278528,7.12370786956167,7.38678006697682,6.84101672435532,6.89088911996028,6.78208470880371,8.12263215019524,7.15646038271034,7.66086255604522,7.18030374341122,7.2605728540067,7.83009289973281,7.22522463801414,7.52306998289139,7.13807932611544,7.44970250627405,7.01562015102943,7.71206246319057,7.25028068830579,7.89686915604295,7.34344061367335,7.33331804996952,7.14774575172618,7.93977506435546,7.66792402732289,6.76592480319608,6.63434689453001,7.19110480533468,7.32495077591408,7.43152690125195,7.52908032708138,7.66511227347145,7.71356452391615,7.13813157315542,6.7217114841367,7.38538937664483,7.55778004901302,7.94380937189487,7.20963310473875,7.79447826267182,6.9958701207637,8.10696326571802,7.26276255162405,7.24231275323939,6.80225661187333,7.33622054318017,6.7445122368885,7.23192252244627,6.98192819906769,7.43953943422399,7.42954493358814,7.09996983899547,7.28602853285354,6.7496241572806,7.49132000158806,7.12116343366945,7.22063395845587,7.63640467442627,7.82029231276535,6.70924652935486,7.31432206466236,7.00019630299807
"40",7.03018591648251,7.96596978709115,7.36919946287136,7.23806778428869,8.15892382394305,6.90968491459833,7.81073772944971,7.05729838996139,7.29202352780873,6.5326320047891,7.77152855930044,7.4209050361187,7.41323590801636,7.59610917709888,7.39223179887005,6.74118583464449,7.79770865736415,7.31857613188376,7.52682347628884,7.06560057761334,7.5812091505595,6.75960430385622,7.66779227290302,7.1387383851934,7.2314001936035,7.22261609070993,7.3245137358126,7.28177453427382,7.60393861877452,7.25046623916891,7.08898629928151,7.51088937904434,6.93261541746194,6.91053721327198,7.25357647910894,7.50564033067496,7.12862639799969,7.87450726764735,7.15503750374862,6.84289460366706,7.42286696720297,6.76961264083106,6.87708504462337,6.64629706949604,8.39211817350841,7.40910547951743,7.93226781610497,7.17034322560647,7.06344917497131,7.37161506482053,7.01051411433456,7.45964544846407,6.94028902193273,7.39479596673215,7.10515574804875,7.70005103256103,7.31957000248507,7.85808863094385,7.39519664034333,7.205572691125,7.13483348220037,7.83167718514722,7.68449136538436,6.62780392349448,6.68038577320091,7.09592988102337,7.42589132455424,7.56289341564581,7.43642294445722,7.81255527855231,7.83130403286736,6.59466067816466,6.43829772083117,7.11297975593391,7.53950203851815,8.07378788516653,7.12183413710449,7.4602027290771,6.97443907970417,8.10405548658677,7.36431316366717,7.38819055769942,6.56795053037057,7.24958280748919,6.68648469388337,6.95448596453073,6.70205022670522,7.66759196340587,7.19681181745402,7.35335288064209,7.08151941426293,6.60048690972713,7.57922972032061,7.02852997011739,7.43258427304199,7.40595641773578,7.68570636386716,6.94049921812701,7.19951067604553,6.58101657126609
"41",6.73679809602582,7.9554523043893,7.25347484086812,7.42765007511849,8.28079357146866,7.13757847633194,8.02472082188393,7.15428957581171,7.11999554467063,6.70460953742743,7.7621561862369,7.25724550714282,7.35669125980545,7.29224591396008,7.37492313198292,6.54503757473011,8.07110802362986,7.57213885250731,7.30148335674679,7.32086741255665,7.47469477360333,6.86093973817531,7.47368778042182,7.17764394072365,6.78217098445551,7.63220456294436,7.39566392370107,7.35875439009946,7.97734415502838,7.21959444112196,6.78915021260802,7.56247885327254,6.79508251388975,6.82659052824967,7.49235356575654,7.35802082447536,7.17003816126381,7.6896972642558,7.07154138780449,6.63275767141745,7.49557380596092,6.77378554864573,6.64582810676501,6.37975404704839,8.44427317570527,7.32064177792101,8.1117332850403,7.31606340654838,6.83934500444226,7.3816518276114,6.90536841499604,7.42777759575715,6.62455379866775,7.17250023014808,7.0542269611489,7.73624575731211,7.40883125952509,7.59820854432974,7.45715863330161,7.00213616496087,6.90691720191727,7.65909009289793,7.97801166822869,6.46883659206636,6.94841524488155,6.74533108269826,7.56355231369645,7.67151892695122,7.29590472403806,8.08214186660052,7.86517026777554,6.46743136055492,6.36968975977373,6.94603483826519,7.64592043888247,8.00913696648008,7.12705792914094,7.64979972519088,6.80862726860421,7.99242005846903,7.56314892535629,7.3676860336741,6.45714124080442,7.29008915243846,6.41248478352032,6.88775587592588,6.5746587910119,7.38641570463431,7.17866780463886,7.35352969169126,6.98881114186799,6.72083317908377,7.40411989759249,6.99899675443589,6.90930919284034,6.95234603426663,7.85397142924897,6.89721784175116,7.33682552804646,6.1948681625142
"42",6.98508131616743,7.70895672781471,7.05370049712258,7.12468431066024,8.42504043318979,7.04179051833346,8.22179182124223,7.30118747502348,7.11151717165555,6.32245076296284,7.55297841294609,7.43015087958318,7.31076441998391,7.11155160169338,7.46886499366018,6.7262213261161,8.13799789957859,7.63055823472203,7.1244317383631,7.18987549225933,7.56660089104793,7.13535494087037,7.78169785891435,6.98387655435808,6.88198961670026,7.48228967056412,7.428453815018,7.40209822358967,7.81902817039544,7.11656018367209,6.63044447060771,7.32064625661934,6.65011419159391,6.65588933181251,7.43388100466768,7.48398349146576,6.93455095520253,7.2810250668771,7.06202058571377,6.98349102373288,7.85586009957915,6.90661893593297,6.45651342071906,6.26596970370884,8.51892086081768,7.57077652301942,8.18006789669738,7.07097442625393,7.06698473268625,7.31988421356243,7.23087378035106,7.25044727159074,6.65760717970858,6.93046141903673,7.09989631869086,7.77007786056218,7.33556273556064,7.19414110514243,7.60789255487255,7.00378649539845,6.88021710267908,7.64535735292437,7.91703895005854,6.53609245743214,7.05037479686664,6.84424148181356,7.78145214452277,7.98090913023714,7.43222728294518,8.16357386384468,7.8249171745395,6.12665355169984,6.49593938565403,6.78800114846583,7.5775082259409,8.08901799151761,6.9207155948453,7.82104992597269,6.59558351949648,7.91929951597169,7.46820728337679,7.24330532515873,6.52898003875354,6.99533215560008,6.55915026269551,7.09431381101404,6.4989051048833,7.45830394288765,7.08550782483431,7.38733558740286,6.99155759068318,7.06030851598889,7.2548504495522,6.89522317595033,6.85793055580992,6.78768515260614,7.95699848483102,6.89152056337497,7.12352984870459,6.24924699189603
"43",7.22940453008644,7.55152143093641,7.25874942849918,7.28366558134722,7.72012595217518,7.26484494753277,7.67942233587651,7.3153310686073,7.24359429894731,6.94533698211012,7.42875269450639,7.38980130998679,7.46824690678933,7.2867173801485,7.34070670787579,7.16147350386768,7.5899174178739,7.44508517414332,7.28492086039371,7.22906809448007,7.43031840407899,7.10318232022183,7.47048587407613,7.15071354171883,7.25132385035942,7.3895788287711,7.22323052195777,7.3430232901531,7.45164952385711,7.33641825932665,7.03618181062982,7.32215308815044,7.19095421737561,7.1464962316113,7.27970180740213,7.43038026564529,7.23264744468549,7.3796662093295,7.27493214408659,7.20128249034564,7.48595310236394,7.16127711556565,7.00468887753554,7.01993588780252,7.72588382156276,7.3519744539701,7.6802694357034,7.21460995451796,7.17316873421702,7.40763876824426,7.32473509713297,7.33600123600562,7.18164107851281,7.13279580901219,7.27313878650741,7.40948672001201,7.30267963392896,7.32486892881904,7.3955608958914,7.25892948936039,7.13165996702692,7.41623915313654,7.58265472218861,7.0640821523412,7.09486154036497,7.16771179782623,7.43486770871525,7.45524116568669,7.48497521767391,7.58957556746807,7.5730349029669,6.92967327055448,6.96465604682031,7.16037472819848,7.45200177873894,7.52493089776008,7.19653433793799,7.53632691213407,6.99170378310069,7.51270832579609,7.35163000821999,7.34703444469837,7.02614743671714,7.35857238153087,7.16304283116934,7.20776009251338,7.05056242564562,7.50732893939825,7.25162166308529,7.37911941003436,7.17360166727632,7.21596559907468,7.31030966409527,7.08896747724572,7.07679022054514,7.0754318426318,7.56444933389293,7.17503752780665,7.25091655074383,6.92009273021661
"44",7.51455651934214,7.51122069162651,7.3574759146303,7.10610968454523,7.78724690535682,7.0179360684452,7.44386724525723,7.44675869967144,7.22102277710959,7.07441773603094,7.4640520327784,7.57191932066043,7.26408324344091,7.57970969706432,7.14079268183979,7.13093131761663,7.64900259822555,7.42570373921871,7.20484437683679,7.01732130742843,7.49459874690363,7.09532655447458,7.28773981017328,6.66801799240493,7.13907786690899,7.16770121237377,7.05028819064537,7.43178885846526,7.36802823004108,7.48358314983872,7.06623580923561,7.55171304732295,7.10865740565325,6.90445703669433,7.15898629328563,7.45997418733198,7.3532536634822,7.15403289951309,7.33302081277427,7.06649323393726,7.61835341636196,7.20253852047512,7.04388890188858,6.84170410912631,7.95697028386565,7.26068921564607,7.59033085380222,7.20630984534283,7.15486479925522,7.12397528690267,7.62803691538847,7.5918289777651,7.06398236345453,6.9337830128268,7.45047770135676,7.32604150401397,7.27515333090833,6.89736709070719,7.08857029945508,7.23897226831012,7.29269773532196,7.33244831897914,7.39497141773182,6.93346879750566,7.11896029816927,7.05603114225085,7.44711969166363,7.32949224544374,7.36622332260448,7.23309372414881,7.43245147654271,6.69235109865868,6.9065539072448,6.90527915181617,7.39843021238763,7.53584806574342,7.08209107535631,7.53787299297664,6.98682233941397,7.72617343303556,7.40776149303358,7.00170652241711,7.13342703399199,7.43973923802303,7.14342244352912,7.27293840502595,6.6837923831329,7.43535803003288,7.06485876169003,7.72887920003361,7.28155812153687,7.17935933408441,7.14703013501256,7.13966356156203,6.97594859211202,6.78444887266134,7.49834060845874,7.06402691407604,7.43760924392275,6.94764634991955
"45",7.25864430550519,7.27420463997684,7.09263041878221,6.81753703464066,7.9674846088374,7.06101509524938,7.65017402286576,7.2844211256475,7.03287130763773,6.60475662425966,7.50123138310549,7.78200335365942,7.22130878887231,7.67645079355501,7.18707461396444,7.12821870055691,7.37381316038605,6.94493017047637,6.98598422080039,7.0431225948052,7.5649349921868,7.19285083044216,7.11767324692413,6.64660001536141,6.82194591728884,6.83637297996188,6.7761764692098,7.59611615596089,7.5712220732386,7.27431608759379,6.90209482627347,7.5815173336518,7.13958812905226,6.69712591946875,7.22381053101815,7.4512083996987,7.20473320447837,7.41429861013079,7.3887194483565,7.13022546651947,7.71356863074931,7.13751202404671,6.92292346279195,7.0062332016175,7.92128499606812,7.15865813717909,7.70939060168038,7.04416138913761,6.95528317308753,7.02473038289715,7.86109212493202,7.51877263709718,7.41669344725196,6.95343057650793,7.64006491888572,7.30099285360146,7.32136966833254,6.90061279337528,6.96731021084065,7.42306568304452,7.47317135807162,7.52270070301145,7.34666267518697,6.88060170248959,6.82617434479276,6.95779443355909,7.65457775016033,7.13715567881812,7.36755493708353,7.36390928181412,7.46966445909455,6.73129919072318,6.87591078910708,6.4896068770067,7.14510658042963,7.64562243077718,7.12973362286011,7.48100697307498,6.69993672594099,7.73371133837915,7.39666537963692,6.92105247162034,7.10344883968535,7.13366425457475,7.27653931883979,7.39231078914632,6.58655670340758,7.27988132228893,7.17671320766814,7.60266997280907,7.32090151663701,7.16178776836246,6.9922148857723,6.96952236630861,6.97155630023115,6.79019808523389,7.27075796971337,6.92658800914136,7.59743735483735,6.64842442442831
"46",7.19790850701735,7.32011905055764,7.12092919064075,7.03493191957074,7.66051108327369,7.09672596577239,7.40606745493599,7.26986805996678,7.11469461723913,6.92543554077894,7.38305792409272,7.59870765122933,7.24684938291402,7.48552363411958,7.34325474953662,7.21752204966602,7.24925335537861,7.16889461902088,7.21068972888709,7.16369749559144,7.41660109564824,7.38480743454536,7.13753981787264,7.00996096379298,7.04963591610749,7.10343030538973,7.01037687863463,7.47288497133686,7.32246220183781,7.49918398883749,7.10115431215582,7.45431518083996,7.16225554742781,7.05140227643968,7.24992295745163,7.5110304899535,7.1967529514918,7.40158685986751,7.42150904278059,7.17517698555437,7.54303953248987,7.18448071825849,7.00303496302751,7.13498362829173,7.6086025669556,7.19830540153084,7.52942920779559,7.21587501543022,7.08335349639542,6.93895386398261,7.48863773178363,7.55011430625762,7.37283450491991,7.12183134375533,7.49199196843819,7.37596059957479,7.46550948920003,7.17178393714856,7.11849010889434,7.40672193990972,7.3788870192672,7.55547651822142,7.24023746028656,7.14949241555893,6.95743306156154,6.98975525420189,7.52823577189104,7.16774676324466,7.49222529701215,7.17343026897449,7.35317884950109,7.12896242673861,6.95708325006908,6.75367096161455,7.16878839314621,7.34603760178448,7.17928774719268,7.37185060281689,6.91753836596044,7.33387974110214,7.21993967872467,7.17326083934874,7.21653299172469,7.21812722159081,7.04648788640432,7.26689294730363,6.92555540668877,7.17626398651433,7.17842668712313,7.45760268493624,7.06606646559847,7.15604551520059,6.98647855890998,7.12191390660889,7.22431140449479,6.88030400454661,7.1981779680726,7.16444632061539,7.44696036908856,6.82870543452995
"47",7.127093045797,7.76671851076884,6.92037191951342,7.30610957995239,8.05413050112095,7.00632247997802,7.81521733916364,7.19962646545342,7.69023036139944,7.35499395562868,7.62355704967339,8.04494004955868,7.45901437854428,7.70325657766749,7.63438631703765,7.55503077299154,7.84205407738765,7.09803550624718,7.28362794441824,7.2461128333254,7.34326124193925,7.24196808317402,7.64356754198061,7.24803699890746,7.77323326801873,7.20611847398351,7.06571711568965,7.58751820571131,7.34888378388412,7.75611462283498,7.42127640236415,7.44818328808121,7.20615169282502,7.28789030447783,7.34911039823581,7.83582163865466,7.16350290344765,7.49879434689156,7.70102358597995,7.08505619188859,7.63012469746458,7.212264374354,7.40477577829291,7.35554967582248,7.89221375725359,7.21140227820117,7.65853516300897,7.31512475198342,7.03633810528008,6.75285020673064,7.62390033024187,7.58217541966456,7.55241222998981,7.25413218055592,8.03941527394378,7.62600653455908,7.7061242886682,7.36603056297813,7.42757294880812,7.39476607044372,7.86432799704709,7.64359787325812,7.56731734838276,7.38117006624797,7.14378814690258,6.94021734668302,7.37583197401054,7.10941749715501,7.64778094809022,7.51530201353526,7.44476133806304,7.49875570096398,7.03085197326024,7.08737386252039,7.41714277760105,7.78193097674323,6.80848322118119,7.35862837728483,6.8432613550383,7.62198225777939,7.39575739245308,7.78607495218589,7.50495396427205,7.36166397675034,7.16091555405989,7.24538034025367,7.26223722229115,7.53945111269738,7.29347397839555,7.65708016150857,6.98258382659239,7.51324292313941,6.81280070863253,7.37524696224391,7.76783266013329,6.99876312933432,7.38060278628741,6.9141635415555,7.40120034674259,6.85846612640936
"48",7.02199021843628,7.72090303900758,6.81970007496172,7.15283552386448,7.85638251485942,6.93424150259666,7.69431287562217,6.93773407929776,7.44514592810754,7.06811012011609,7.61900066510591,7.96861403451122,7.29443745352699,7.44600000658512,7.42094897622052,7.53256367319336,7.49532816219239,6.75956319546606,7.26888435689965,6.99306546011423,7.28559623210453,6.89208882905123,7.55133875234531,6.85990566912614,7.7578132874384,7.11148052826877,6.9285878943134,7.18744436493995,7.33137784353297,7.71425824545225,7.28026991011395,7.3364330752537,6.97361965184745,7.1843418273884,7.14761453298956,7.40120078462059,6.99937037658253,7.30740783230805,7.50082911270581,6.96593167417737,7.36113761655493,6.94650179457795,7.17730154712199,7.18885837704954,7.50466166820266,6.9997963199908,7.40126795676633,6.94124079730456,6.87981175982699,6.60949648091861,7.45131140390262,7.49060776155464,7.36835637936445,7.13321675575796,7.93679426404033,7.49336732277807,7.47825493760362,7.05522841264593,7.09528628633967,7.09378762799839,7.58477078738873,7.49128951197599,7.41213715288983,7.25418074889537,7.09120256518341,6.74210317351557,7.12565310879737,6.9974916601675,7.48137296404672,7.20199734442664,7.27341077754674,7.35197605505352,6.70126703313533,6.82544091086933,7.17606852214649,7.76255234695086,6.56737057012018,7.20596003946336,6.70583874972492,7.62539822385025,7.33060693795567,7.62842884310187,7.36574243037863,6.98726367894378,6.94814178997583,7.06504933680533,7.03611260481076,7.34396896587301,7.02917023932198,7.50402336327613,6.85799452540919,7.42591868787724,6.6831957457041,7.13670374123387,7.69965198218785,6.76897340819824,7.23941784749708,6.58844010829424,7.21297010953388,6.54450873311427
"49",6.65735153338377,7.57545970132086,6.80699528892812,7.20350904243265,7.52003742396935,6.78224272735601,7.49323016970422,6.70356119554384,7.02807519998415,6.9180573112527,7.47589160249813,7.85474602234843,6.95547182074856,7.19999436270977,7.28698316967343,7.38066494300276,7.14339073547806,6.65997333061293,7.15471744320605,6.81207490477124,7.13939065164462,6.91458561496472,7.31056493515583,6.89944246081156,7.5008741017792,6.8228114414859,6.77366994948732,6.89655665235414,6.98572743731946,7.61694072483143,7.0932632236232,7.14886452394462,6.95690995474385,6.94848110315244,6.9778129809371,7.38851941118816,6.86942844009719,6.97718651089043,7.29704119962658,6.64775293558926,7.07497271857009,6.74942503909818,7.17708617372633,7.00823088586301,7.12976368673728,6.74310873042219,7.2023863106765,7.00087537760536,6.79897432533487,6.25471699035421,7.25706025757227,7.18980456747292,7.23592744776717,6.66507308833999,7.77785930370517,7.43477592813042,7.33693668453131,6.83520192714286,6.63651788219174,6.88624602170388,7.40450145356176,7.20064813132226,7.13445723737362,6.8272147647279,6.87417662579869,6.46520993565736,7.02560280484899,6.92314277329292,7.29846559045122,6.96903761999444,7.12789947452741,7.1016315156136,6.67573964638401,6.5727963914044,6.99163716849066,7.66693420931949,6.43260390129718,7.04059813884041,6.40725566198049,7.27077764042696,7.120367342207,7.33724838728172,7.25586075305068,6.69644602580868,6.76049447901728,6.98819193058536,6.76421960408656,7.08801644948702,7.04927419718937,7.43336138520293,6.79776796573175,7.5116158879333,6.36825942558655,6.82024228324238,7.3744586503417,6.67097324112241,7.00620086805079,6.16607251486373,7.15044943549842,6.27938553423003
"50",6.32716840956336,7.27436231435614,6.47454291701794,7.01279412066598,7.16092226711504,6.63520329123938,7.23353302183495,6.56836585917875,6.71441683284294,6.61069449330624,7.55501751220265,7.74841049374836,6.889986151261,6.94690292697242,7.02950920367481,7.22183426451199,6.93399525046504,6.35425172797927,6.97588376847966,6.67485560579995,6.94942596261961,6.7291652651672,7.21822300538867,6.72486122266636,7.16938173985788,6.64234926504698,6.55959437713163,6.75930281214391,6.76384756712306,7.29542964721368,6.81848641303597,6.91901042361199,6.57424879900657,6.7141396538948,6.77291577090269,7.16127323209651,6.69692182788147,6.88175159446326,7.32390006265447,6.41352037028167,7.06446465746239,6.61123595279591,7.22721654436043,6.71308287948245,6.65596146616093,6.50440227489133,7.01998267364713,6.80157906511462,6.60653939027597,5.95007331815773,6.79873874708275,7.11797404909434,6.90776128751669,6.19372384001454,7.45630349962882,7.10070877577694,7.13288660087116,6.49467808364246,6.2932319546814,6.63670054491634,7.11160038694704,6.97489426606045,6.79577237858079,6.46129118161101,6.54285649241202,6.02246965385391,6.71545088554694,6.85113645838784,7.15938803359818,6.68301088132713,6.93844435187648,6.94352307633391,6.4868894108469,6.41083147577455,6.77711689852471,7.41039037014863,6.16774278775514,6.83848905798477,6.30755764339011,7.00969114022466,6.91623136020272,7.09018281896948,6.96773784436319,6.48120958973534,6.62037096175594,6.75814581456839,6.61033463892278,6.91566628069593,6.95595462644973,7.14092962433248,6.66327336529303,7.32282333029432,6.12783993170108,6.44230654349607,6.99543095607887,6.43290915378257,6.75782625701673,5.94909673354147,6.87467245949462,6.11584049819487
"51",6.20856632318285,7.00815107974231,6.48648507339025,6.89655238510032,7.05406508866588,6.42176098064996,7.00771615762038,6.30740737037763,6.19929334272052,6.43174174626071,7.38140001165626,7.48490572655342,6.76540510901971,6.68885841091605,6.90700108560669,7.11259942903753,6.59823159320407,6.04105784629873,6.7200513246772,6.57316882117825,6.74117120484978,6.68243288312864,7.03756528393162,6.50382517612288,6.91392081992252,6.31890885704063,6.33577750869157,6.54163459203473,6.58180824049875,7.17666244335261,6.60249077959343,6.63989480141994,6.29494344189233,6.46612251465028,6.67920546730045,7.16786836163293,6.36719964251885,6.63705850680884,7.05320323212918,6.14367549253037,6.95795470459488,6.45952961561935,6.91664099228941,6.56800758471824,6.34459043699217,6.31182409331092,6.73003865460405,6.71575253635021,6.45687701887418,5.62639341905402,6.23293624598956,6.87349219361467,6.69805622021913,5.95931231475502,7.2577857027759,6.81134810528263,6.96685402254578,6.45557521844809,6.04625263286634,6.50370864545616,6.97061531657384,6.84676219883809,6.53310701350669,6.19883000315159,6.61323978189046,5.61978115772152,6.43741052502244,6.63463073723865,7.01042145215037,6.43903902001349,6.7506604623926,6.82741217300699,6.42276053705836,6.3359677372851,6.65513430021371,7.09608215507685,5.80457967367303,6.75794288133937,6.38390795494189,6.76074396586497,6.73308326092911,6.82351676714745,6.91571096305556,6.19470362084574,6.43784235630117,6.57058992920871,6.23537428750472,6.66779068206531,6.73772225367703,6.7787611556453,6.52699081969503,7.29373918764768,5.89776987001774,6.23809056429666,6.72780315218835,6.3285685707516,6.44242823039445,5.65887638132316,6.48480576491173,5.67460212378241
"52",6.04469768656655,7.05400579644195,6.45510658905658,6.68542339079119,6.96052195753029,6.18840747444647,6.88695383451996,6.12872307470334,5.97557751129858,6.11838180098036,7.08519436584305,7.20679784341141,6.62833640097062,6.60273962846036,6.7964077459999,6.81689219626304,6.26461765051053,5.86322418966405,6.55840093888434,6.45935617697082,6.44428278415744,6.31635730927071,6.86465255879174,6.11362848140793,6.76234044069223,6.19429694703898,6.34316259584439,6.19930767006311,6.45712535213185,7.13244678770297,6.50435135149276,6.48273688051721,6.07836161711745,6.18955201494971,6.49429479182761,6.91476873090312,6.04860930799388,6.61395826876453,7.05741458950197,5.89312192847914,6.73560147630483,6.20921046570223,6.761640694358,6.3523045974669,5.98962367079558,6.11873446419342,6.38660477329028,6.53849583544819,6.30842710290724,5.43456730092809,5.89730093740318,6.83117580411808,6.4255661248743,5.63337615646392,6.86884897031471,6.58209408123352,6.70346469450387,6.37950133560029,5.70821754437524,6.33109539411806,6.55061610151719,6.85557898085263,6.36714456049936,6.02471238224747,6.42030008755199,5.39501534949337,6.26570173422816,6.40278784882089,6.77892623995899,6.19623417171388,6.53916402942007,6.57089165759449,6.23628685829214,6.32431845989091,6.58941661995525,6.95267092229662,5.58604901473223,6.55286770583576,6.16957125541477,6.59075496779414,6.7629434378123,6.58421931858206,6.7850116956794,5.92919098953806,6.27038445095491,6.48093324882968,5.81631459155515,6.51587328805571,6.49792536946244,6.61628007953246,6.29648045741436,7.15363679096568,5.79073959225814,6.04507230996724,6.59426083172427,6.15000005715238,6.26482643262626,5.40835042749891,6.27316451367548,5.44002445143562
"53",4.94329366066662,5.38719978972613,5.13688109595507,5.17365551385668,5.33497291818424,4.96435996059792,5.29369598111285,4.87026472358729,4.86648423006839,4.93847438075389,5.4254228069165,5.46845894280912,5.21388752110062,5.12636150826237,5.30147673693735,5.20818657449394,5.03793454517595,4.73205436367171,5.20149365258234,5.10094100645472,5.11559400781861,5.0928941937917,5.26598377955124,4.96228266866907,5.22546313682791,5.02738341345923,5.09643671986265,4.86615633424524,5.07712247689938,5.36845458829974,5.05859782937766,5.1360712922909,4.93858237098145,4.99462143270927,5.04276298807831,5.26977353931699,4.88060752917164,5.14933078772698,5.42317610027786,4.8470963075838,5.23335869603821,5.01879850858175,5.19086472876225,5.01447547161347,4.81056380561726,4.92137717667518,5.1362892455736,5.14384274813068,5.06637448420637,4.66301023400803,4.87530203676475,5.31369788747706,4.9196452870444,4.74243549998101,5.29255146770424,5.16368722793559,5.22850408415917,5.08965496109975,4.75166659083696,5.06356636658508,5.11918755308759,5.28342764082656,5.06851736038362,4.84820105426265,5.07891732819146,4.61883529635561,4.98689099413725,5.05084177370568,5.27017475056925,4.98995101849145,5.13639062247872,5.14530632851856,4.86526226860306,5.03165935735129,5.11313806024569,5.44514873735644,4.68792019576006,5.13377594729942,4.93283138656444,5.11389480205183,5.21982651816648,5.19354880275957,5.25446540226426,4.91147167589054,5.12112087299393,5.1760537404479,4.87607231982093,5.07514678870232,5.08595795256523,5.15633665156796,5.03313646548206,5.38044764591982,4.69032809638622,4.98266536034763,5.03281663557069,4.96669805828432,4.97522497250435,4.51980177495397,5.04023011058585,4.73202518004927
"54",4.94131532580172,4.98851489273422,4.91747314398931,4.94776644888329,5.03151380145234,4.71852541907499,4.95666921133487,4.62423368209701,4.50270915049761,4.60736143218857,5.31169844848103,5.11442621922785,5.14138454907199,4.69889417078596,5.03642029438316,5.18614172499379,4.85218988204933,4.57049758555562,4.94255943848289,5.00778106065002,4.86723749132829,4.88834439204584,4.96432332800341,4.50753251949489,5.06521954286355,4.70369224996938,4.81232979498762,4.60698075947637,4.67045754940883,5.1277917404962,4.8803724146611,5.08143767451153,4.57218491890095,4.86268786446861,4.75109326753839,4.89183080320014,4.58243577753076,4.88842977307299,5.22029388379195,4.57485658962119,4.98214689906507,4.70698517068758,4.86254296918577,4.7525227623514,4.46909298422728,4.82281027948439,4.89075281444982,4.99197601810856,4.98374727667079,4.46425518571589,4.55217731946223,5.01732557263301,4.58317017778642,4.36812091298121,5.07101592150209,4.95958141343069,5.09001342313494,4.87602233802854,4.43698010081931,4.83673992826146,4.84191700449532,5.21346486069456,4.79741612341652,4.44385781805833,4.88051933500981,4.36415012555575,4.77849282232724,4.85449920876287,4.87989698062515,4.70334785768269,4.84061476298704,5.01210902200591,4.74869627759805,4.83774651282769,4.78806197120595,5.26783202719467,4.36798625350596,4.60487173060958,4.62921848669365,4.80331093293394,4.99146553597796,4.71790602151755,4.89519742110158,4.67841190968516,4.89314559942912,5.0254606222115,4.65466665895281,4.85577988341012,4.94440827274981,4.86819207757005,4.75235991651599,5.08113799123991,4.54790967046594,4.78443235995499,4.92855786291139,4.55230366067578,4.78906575918629,4.21446678175344,4.78518282561915,4.4378776721554
"55",4.77965950330292,4.75088314304568,4.70738222760663,4.67589682564252,4.96514197391479,4.39205156960889,4.83942703041919,4.44640652195817,4.39485201185338,4.26196109112009,5.02907615579781,4.89990590424231,4.95792383240114,4.33561736716764,4.76151088497231,4.95601077765594,4.63880711041116,4.23544015757457,4.746214403412,4.77850632246471,4.62883625428566,4.71853233721033,4.70666316465564,4.38850090576475,4.74628480652219,4.47111657157587,4.53475714355688,4.34282906036473,4.60454648963629,4.90790615359588,4.60087752392168,4.73926236570669,4.34606658649962,4.6357529835227,4.57860022369601,4.49112920047206,4.50409825592369,4.59864860893892,5.14886806307501,4.35788908798102,4.70434577910235,4.44261071342292,4.57098769320813,4.77480246937345,3.86967411073668,4.7743665313949,4.56604489009531,4.94169795315106,4.71879585305672,4.14187318606024,4.34370804791063,4.6575300821375,4.39590818705478,3.97540820005497,4.87560276916193,4.80567668139488,4.9119062325628,4.65898863421866,4.16543247940689,4.5462585946716,4.67190302034563,4.84459957318449,4.62189328290894,4.3339092007674,4.62133603855304,3.97603151786747,4.40834289306657,4.66827100367478,4.68937793767349,4.44464404736658,4.75180888505691,4.82029970395575,4.53973951999443,4.46707643908525,4.56363584766327,5.16964585630881,4.15478693547827,4.50225526908838,4.18648059119883,4.70454539200111,4.6615070545477,4.37519786127911,4.68623763383297,4.30759814750596,4.6335742679788,4.93358994770681,4.47196672620341,4.72474777827247,4.82378483781469,4.79457803445143,4.61855061954964,4.65346399687467,4.18697628945458,4.56947436299544,4.6479672570014,4.492090572559,4.63996295973811,3.7461778906728,4.40768036465477,4.0745433244193
"56",4.61383119233,4.65662562161248,4.54931245866965,4.47434341003394,4.7448266603975,4.17747627195506,4.75149065293151,4.02578998478749,4.01346588918656,3.94429237957739,4.890181553406,4.475799836072,4.85756411562576,3.98240527437032,4.64245405045145,4.56472362095421,4.27261578136999,3.99040486173522,4.62426484524781,4.62140666385267,4.38650833041064,4.36070272001907,4.4810208168425,4.02591986328093,4.44422624553084,4.2046191204822,4.25768804681149,4.11536874393432,4.33506428008475,4.67568488147974,4.67287268478117,4.64959858117618,3.85443401031115,4.44046205186758,4.46381136570994,4.3437046612919,4.24920988425075,4.16697188511521,4.90837388295709,4.17227027214652,4.20432136456493,4.2470860476566,4.30710571709849,4.37182181770659,3.54058601542298,4.6296105898505,4.17844867004043,4.7523048474976,4.77902364235469,3.74153821769066,4.05807449067462,4.23981474775016,3.99517174961091,3.59196249627412,4.4517532581169,4.52332083613173,4.72863679412302,4.52189247617876,3.76112921921381,4.14174864039632,4.46120597962232,4.55147393405302,4.32262794967918,4.0749544886002,4.3963849894463,3.72745082309364,4.11410763117815,4.48277993733026,4.51247630576829,4.24316907866686,4.65159711238251,4.49173528014115,4.37209308639409,4.38269686022756,4.41934650916946,4.9039541180717,3.96323623421739,4.21689034870982,3.8461404053843,4.36654834009215,4.3616124955435,4.22922678113376,4.54620965113825,4.02002771793235,4.31610037857242,4.6067809962264,3.90662022933051,4.62999278396886,4.62481126704952,4.52659752119061,4.6853119999844,4.35801417417119,4.03878332781629,4.38333925135568,4.29431455695363,4.33680571196304,4.42913600827002,3.44968758789675,4.13050197880307,3.88746170251075
"57",3.78021033501947,3.79475004570131,3.69433020899795,3.72776903297749,3.84506927780819,3.59280440272378,3.82909870618609,3.37838972549968,3.44811286100518,3.46070307777113,3.99477929007337,3.70295962660495,3.86497173396106,3.42566108585419,3.78708179199132,3.73739181586267,3.51058597242372,3.35322023032781,3.81546709110134,3.75853506455339,3.64078087939002,3.71817394053257,3.6379254017045,3.45256529592589,3.64863071102836,3.59906742469643,3.59033515979683,3.4066287066119,3.57378985635274,3.83020750617424,3.74505691016144,3.75029770818001,3.25932643694101,3.74835399174119,3.64709467359287,3.59201756756527,3.51324786664659,3.50034142164512,3.93698851716258,3.56512228096746,3.54385506408929,3.64069697833267,3.6284990434699,3.52903810137136,3.21810295645508,3.79163444251503,3.49111940198069,3.8661155249929,3.8623296224931,3.16228288401948,3.32685597951513,3.50988689350686,3.44385963200446,3.13709576515942,3.72657482397967,3.7523740901483,3.85274891895819,3.75459328776164,3.2354950368193,3.58606021892879,3.68344033075856,3.6971246650585,3.62455900565428,3.42356860828507,3.62919739314389,3.23008810226675,3.43423026563246,3.76692153493172,3.7528128954293,3.60025698609412,3.82797056734776,3.68356855676263,3.67896336061213,3.68840443516253,3.56824009925046,3.88392395777886,3.38980171678419,3.54456382440894,3.2502717022493,3.72233761565339,3.6338575464939,3.54251100886489,3.68045171022413,3.40372223343513,3.43747507792368,3.76315289944596,3.3130739827888,3.69479231138102,3.71692913632917,3.74571852668659,3.83956031200315,3.54798530203262,3.47226772769445,3.52246715920619,3.5381601413892,3.6332537003057,3.59238552188256,2.99847137747277,3.51064107622986,3.3430448747186
"58",3.58444470785802,3.4176362192194,3.50484074112562,3.40115828137097,3.57635951841109,3.34724888740271,3.6069047746331,3.03883598123206,3.024743781836,3.21075111368807,3.68664102213773,3.30846527142532,3.54492200847518,3.2191374300138,3.47170495944232,3.40184397475022,3.27854328225921,2.89422860192552,3.56115551708744,3.55803784015978,3.42804628972448,3.66945009953097,3.16726007886,3.19568702382501,3.36433598761994,3.35888786681037,3.29459105221719,3.12385788261525,3.33367958937657,3.53293027500419,3.49820320764063,3.37755777149739,2.93533312529736,3.56378111785556,3.37910298886922,3.22872714680316,3.32989580100468,3.13221257699032,3.4418276274122,3.35145797914888,3.3506285756437,3.34772930049153,3.28026712642229,3.17626417940651,2.69113725524867,3.36639103349533,3.03636085681138,3.56826407685361,3.53885298906914,3.07070951503779,3.3180029248531,3.23259550911665,3.06168006242603,2.90065479819138,3.34237844652201,3.2854534744284,3.51390596950757,3.60053491807408,2.92785842603237,3.15535479831896,3.33159657113387,3.38258511493532,3.33112646469774,3.33400205415819,3.15744344873891,2.720324756742,3.23163381848188,3.47083134578203,3.56865590810543,3.53488895900933,3.62057544412321,3.34920011601181,3.42870273491154,3.55179819703406,3.38072440581648,3.62039517966848,3.0695559697269,3.33133103424669,2.98392255853464,3.3461201881929,3.24203767401835,3.2861950774345,3.46413508809232,3.08393928208113,3.13066247504683,3.4893950647271,3.05158718828434,3.35161949078871,3.39917837773319,3.71632217981706,3.6365014786248,3.30634634362514,3.26866008621037,3.20252110326117,3.35530770387052,3.33374731687001,3.37682468527726,2.54911124683425,3.21576565138331,3.05824241475279
"59",3.49448669671838,3.12418482056699,3.14626489107641,3.26841102870102,3.27068306010934,3.13246083940864,3.29775800239484,2.86381609163905,2.64244208927493,2.67637909678621,3.39836657643032,3.04871207807804,3.14454876098547,2.82292713016061,3.15954442165328,2.96577016101779,2.87488873843655,2.62264668240753,3.39162363675671,3.38241198026945,3.02785955361929,3.45827157717278,2.94972973869306,2.6965347050405,3.13640134001468,3.03005747492406,3.19359180399631,2.9701824589968,2.89162946639378,3.49509962056725,3.18931681436008,3.04361976443894,2.45778108622113,3.29964649147109,3.10275772891378,2.91141821556298,2.86912239807574,2.87629016846296,3.07498023531317,3.11873003541044,3.23165482402362,3.11887416466386,3.08743628744632,2.88650547730558,2.257870182713,2.9865392480799,2.76667560223853,3.4079226106347,3.47139417663767,2.77564082140308,3.02324376178451,2.75950844864788,2.67322600086429,2.54822349960345,2.85584509076098,3.02096542651409,3.43234945474012,3.38310336292704,2.7027207116238,2.81552072844694,3.13011610474735,3.13585351591993,3.05158005978729,3.05205022731495,2.91515260297247,2.39171118645492,3.01218588638509,3.07169104696177,3.18357542395259,3.34222242720972,3.37379280178117,2.91627111033689,3.27414291646811,3.30174850895075,3.17061703911685,3.22789504289066,2.8781899798519,3.19483436736845,2.83421539879818,3.00105255983279,2.97782328665697,3.07676908526741,3.32981208598459,2.76213602107181,2.81311379487763,3.23780147137177,2.68543343209526,3.1335771040886,3.23721912294255,3.51275942274584,3.28005552368214,2.96033888716439,3.18942196953639,2.84476544543966,3.18265814972554,3.05103597567908,3.16625114656575,2.45932979681018,2.97867653458623,2.68958105887419
"60",2.96835239964201,2.70516609032282,2.78650301899343,2.82981291757527,2.7050404869978,2.7908387125447,2.85902279801419,2.44673085947113,2.43242600381105,2.48128651675461,2.8919117203308,2.64390821365327,2.68699905153068,2.51435415999579,2.71568774485464,2.45446988032665,2.51001775117772,2.3296342720592,2.8265842974495,2.84961940335463,2.71768453913722,2.95395033276771,2.5333447114538,2.38388133790172,2.72968674644393,2.6828374990643,2.78883386166826,2.69568909676,2.46743393152745,2.88352821668433,2.82826828193268,2.58127890470831,2.21708704423867,2.75362185093845,2.58816881387677,2.5855674983315,2.61705448492128,2.50276272058746,2.67725201590333,2.80079025740912,2.84549896374428,2.73803612520245,2.75404467637128,2.57512546455819,2.00002173651361,2.57619345839932,2.49960800710407,2.9432917724723,2.92945262985327,2.46050129674047,2.63990522748025,2.54686876811146,2.42605784426333,2.43501052185127,2.39466196483223,2.57054162269213,2.97141943800171,2.92215318734585,2.39774320960431,2.53421768844225,2.71360575970501,2.70070652791031,2.77077096125838,2.65715161734494,2.34828532550867,2.26269862535008,2.6152347795821,2.67012827889252,2.76536560097089,2.89653848862259,2.981354135893,2.50744680194279,2.82940637968251,2.83726095841373,2.69532123663619,2.84353735702465,2.53318829278526,2.79924473329309,2.48202599338279,2.68982975628874,2.62157692840744,2.66313933655071,2.84524878984781,2.48475440705278,2.52494266902449,2.71691921308734,2.37721505591339,2.65744195858162,2.67133833418681,2.8786338114494,2.83301471096418,2.65746204345011,2.79534714059485,2.4527761320119,2.7390755216946,2.66129912874994,2.74705873619225,2.41894067594713,2.67422311145262,2.49232704704833
"61",2.67303023810708,2.37220788857146,2.55657764873335,2.6113413183555,2.2592955012485,2.5833176218175,2.3860769698679,2.17244719301421,2.12324105974805,2.2675520178826,2.59935142272118,2.29292489972092,2.39297544648348,2.30443753065777,2.37715697865273,2.2355596008732,2.06325965749181,1.8822002514298,2.50963287857386,2.59069000243999,2.22171022979594,2.70755526299779,2.01725190118304,1.98936868742533,2.37883696744179,2.48468795719139,2.46836535198541,2.28015462521767,2.09147974842511,2.44680574064312,2.3531238643778,2.24370910357411,1.8432306338569,2.41693402541804,2.37964181384773,2.29232838564405,2.13223530023123,2.24565281595107,2.51625793117657,2.39163880902055,2.46164865186126,2.37224497812012,2.53012774385731,2.18395715389442,1.63717262540425,2.24107443550719,2.18941714919512,2.62407619269134,2.66125797080077,2.18756389776089,2.3523936246336,2.1946063904068,2.05468645635167,2.08602934194579,2.16946567074232,2.08099734430815,2.45106141410759,2.80472384830223,2.3114350398998,2.31851894713198,2.64908365448216,2.37331631562999,2.60348663270893,2.32284352307979,2.01307017496582,1.87893709580155,2.18795687730012,2.37491902765723,2.48440673232446,2.66642366436838,2.81479435312557,2.213419825283,2.55645107617316,2.72574625706802,2.46052348934264,2.56402888845726,2.1369945511957,2.66291138643043,2.21415484468615,2.38822747626928,2.26735191143178,2.60153228490081,2.64046272943314,2.32985143769969,2.23884428223639,2.50458693127702,2.03067814881217,2.33647014096303,2.27053493523088,2.56055635269281,2.58558141117789,2.37078020413354,2.54783859203528,2.24491180070869,2.35280901797952,2.25708163988379,2.4516355029226,1.98986248185914,2.38423666545111,2.0721339847968
"62",2.4394889201952,2.15418946706975,2.18218128807947,2.20721511596192,2.04743351051212,2.15562250927583,2.1151310063899,1.96232562867591,1.80826271519289,1.95998904154118,2.16230411971092,2.01746677840267,2.08641815849819,2.01618142137685,2.10714358131415,1.94998425571548,1.80546676858244,1.48116420898168,2.17066895453277,2.39536804070343,1.86806226130008,2.27256333732678,1.64364828231568,1.56836790388161,2.00344113708368,2.02253782055965,2.10736277091562,1.72698078836229,1.80455040707019,2.17703413559616,2.0821255876822,1.9825466970174,1.55091160815921,2.1964547870093,2.08607255649367,1.91119937950476,1.64069650648632,1.79098358945117,2.20497324822552,2.29095350689226,2.24471741971115,2.31659234747341,2.33089533761682,1.89377499505288,1.25403882079827,2.04024062120411,1.89333330326928,2.35250709976162,2.56817184060319,2.05111158148389,2.14711388133374,1.83520323389776,1.7973977098963,1.9018098222788,1.6919439510357,1.79726810329585,2.27689269650084,2.56468812351359,1.86196651738825,2.06406725850162,2.33280491191835,2.08738528001761,2.13375515097661,1.99737889229889,1.80755565546157,1.67778187646957,1.48364318650567,2.2595961268033,2.13064262538608,2.3400544946623,2.54003758235177,1.90759301459742,2.07668421388124,2.64252020511696,2.27467554564047,2.28847626786704,1.83312175719448,2.42701909250847,1.95906926630113,1.9003067510537,2.08952599776923,2.33295950718872,2.1893172325739,1.99398980065088,1.99571170595145,2.28507828485969,1.53758857973455,2.15459590257679,1.78831092725228,2.36885907700115,2.33239134018846,1.85207512640599,2.3019898658939,1.75882793567538,2.23883927652576,1.81911015750716,2.24713486387932,1.63648873806238,1.88390117998239,1.77605055024902
"63",2.05388258543978,1.78060965395644,2.14428114473109,1.96821114463948,1.6851831817966,1.86711789371263,1.82392514541439,1.80351585240389,1.34400327107503,1.46514356597405,1.91174108521664,1.70646236589965,1.77578882691616,1.65920373410752,1.76903415159923,1.68373270932117,1.66146238550092,1.39532412043481,2.06156661324643,2.01992957524857,1.40281422434793,2.10036894059566,1.30318657099746,1.09243975046236,1.63781464152803,1.70240682910729,1.83145273902007,1.39250996862826,1.49356194724551,1.89264797311457,1.89782633931514,1.79838506070483,1.52031587692368,2.01199167127214,1.64414142224064,1.63357681086833,1.52573067060741,1.45432255628433,1.98462036966843,1.97923597835074,1.80905866201966,2.13854304896999,2.17758240849056,1.69931561186233,0.876924084027244,1.79350684380136,1.89111631127181,1.99780318809083,2.31808331315145,1.69791546371444,1.90747526512381,1.50409224660211,1.28795124116628,1.54931239621654,1.25214916451142,1.41953254519055,1.86368922527307,2.37317174013567,1.39207668472952,1.94268884870374,2.04438880857755,1.93645137767652,1.97235529573265,1.61447753511613,1.58621785421991,1.36839498180688,1.0768764191846,1.89678484922214,1.83438332463322,2.14940782236507,2.2205835291676,1.39121911924415,1.80947756127289,2.32975594253302,2.16788207644183,2.01367565618582,1.71121949789797,2.11457634234083,1.70616739041086,1.63446457041568,1.94274741734391,2.00620935319808,1.94079345653703,1.69392464176386,1.63551225778025,1.98921903054843,1.38406871124545,1.89834170230543,1.40411180081748,2.0193768414322,2.22257272405681,1.57363349437173,2.22440892582121,1.4101585518828,2.01190953847083,1.57751679558557,1.81037146357484,1.37276333438157,1.73970907268297,1.59488785539583
"64",1.5100788760588,1.4630935024581,1.72092207540839,1.50933672066343,1.41138565424784,1.37434491219643,1.40170542930199,1.42152511660252,1.19640138665696,1.18155359090402,1.37068664682645,1.33304627466337,1.44792612740156,1.25116453676512,1.39941457180158,1.40020883451075,1.36251840992956,1.07579319220633,1.53297992324564,1.39516264098185,1.18989557437214,1.53573908470478,1.13132024799765,0.8898606045437,1.39406616221869,1.35505671560781,1.32802683925665,1.26776701538949,1.1936121873027,1.47897037856307,1.49339671459991,1.42129639270473,1.1834022541045,1.68552355319879,1.29582483721359,1.27650352204889,1.28235135188666,1.1839992260499,1.44990104272014,1.46179117785576,1.4044543175964,1.55117706909847,1.65799759034861,1.28539133043062,0.833692863768376,1.39920295207403,1.46496934758787,1.65217352449238,1.77877629348739,1.41253542602761,1.40740975548258,1.28159425783104,1.09267150736119,1.23652698655747,1.056826890923,1.19511180970946,1.41375081461205,1.76751163986964,1.14505611179996,1.47499253692284,1.57707364077766,1.44941622789607,1.4043467262683,1.31869776048206,1.15324491358128,1.18081562206265,0.966039281572999,1.42340555058181,1.42491276458181,1.6579237846637,1.73716805522031,1.02182188908333,1.4134722685742,1.67586429263191,1.65363383424646,1.58191169716948,1.34597447077309,1.6083705904834,1.32782903216115,1.23065226008214,1.36139272403134,1.38293443165786,1.41420138247919,1.38607675886951,1.26871394290351,1.36878347770672,1.08599751803478,1.370913311183,1.16334286513785,1.52629300411055,1.6444474550203,1.165309372039,1.68562805472161,1.12980730121695,1.54195290185283,1.22676813051765,1.3362766175511,1.18419554986533,1.31468587748916,1.2593051686335
"65",1.25991686873689,1.2198171563579,1.48386119861995,1.18271637613658,1.02987025686299,1.13447454579515,1.04940097670029,1.35983700485809,0.966019793866256,0.886867360001604,1.2339208789428,1.0509268247101,1.2305427298738,0.941312111611862,1.14616098203912,1.2608256567965,1.08249608760947,0.738285741903882,1.39333900461181,1.08983200329459,1.09253723158305,1.32733958961163,0.691408207766948,0.553105240755881,1.00490140976082,1.20834977039119,0.908410708511688,0.994300875601472,0.782063896824941,1.03862414287607,1.206643981388,1.13767078735951,0.829499745111566,1.33282714806077,1.04133746690956,1.17772889752944,1.01119934674405,0.834105671298169,1.19639166140825,1.31038503838328,0.901407983604052,1.27130439414124,1.42040448101253,0.906361260938147,0.444909194338185,1.05443735166199,1.25578663778181,1.2913786369574,1.40818309874339,1.25606979887916,1.03143233667718,1.04981007285138,0.728592054742844,0.914914905741505,0.804677428318538,0.887391371542829,1.15375519682142,1.5469692848814,0.726914697089667,1.26456329670587,1.18065299987386,1.12745971621443,1.12469576285797,1.12565751768107,0.88488132334193,0.768187478232533,0.587933848448147,0.969891342324302,1.12082185939465,1.56529899661521,1.50378331803057,0.554428911831336,0.97808494144429,1.29510701547252,1.38304490693579,1.19554194150998,1.03726578795547,1.15717792304249,1.06000033850838,0.933553672882258,0.970714790958464,1.10694354805925,1.09436541658097,1.1535845045954,0.933641029744447,1.17285485495859,0.763213086479344,1.01525565875512,0.940477616579206,1.36711033596977,1.28246444477804,0.847745595493159,1.51430720574196,0.883081220041625,1.38414789833052,0.834078380010404,1.25580618136625,0.903314983334239,1.06899730356715,0.928774666066767
"66",0.913475390074746,0.838624595527567,1.15896506985162,0.848759421158252,0.851820824813621,0.776903781041777,0.758952835002532,1.05112861263447,0.851523732345619,0.499481766243558,0.944983448576639,0.775493083995802,0.975142590711565,0.71739038959807,0.655554443094427,0.996075997281718,0.932899260460289,0.216468168489927,1.05015075315644,0.727648987959866,0.880495567547612,1.03897233105552,0.533020683248755,0.245022252569563,0.72960098559388,0.836855536813981,0.875518221826297,0.515233651910578,0.451943519786292,0.853266754700934,0.848362333175574,0.830158194773261,0.550169788435441,1.03443459101181,0.767585924267798,0.734054722984197,0.867230295240121,0.641446445555535,0.72402629668069,1.00835206472672,0.575904808966066,1.16774309082238,1.20257271728209,0.714503336393423,0.218454461697895,0.582050936949601,1.04516706151501,1.02013649193626,0.977959641074989,1.07297499366705,0.795749835748098,0.890896185096174,0.293884371736174,0.665341269677236,0.543265470506706,0.696988114047672,0.660496213601973,1.2857120395909,0.397292093817462,1.18765381457683,0.801767877697082,0.743293153505326,0.925840505353305,0.763693739118531,0.391982896421634,0.480292492206496,0.393640637584312,0.731366608230516,0.942432810669891,1.3128835088912,1.15182237750193,0.0933283593987455,0.814999365304673,1.09977886997364,1.01009812314112,0.84311108585114,0.81894558516261,1.05889707921793,1.00632798098208,0.56338396636636,0.488993413320908,0.662256993216613,0.80538437013014,0.70044723607933,0.813560518557169,0.967302296937889,0.551729567966699,0.679099768513136,0.64313842406025,1.15152460837189,0.953713233008341,0.768239869968915,1.19338758704743,0.626111561952378,1.15970135717633,0.502109468547751,0.930564062051394,0.727037901618773,0.901980027908231,0.532767725560713
"67",0.535157157507849,0.46095605052005,0.742710413895158,0.499528065748757,0.393340714665683,0.361885758873532,0.462942910737184,0.624015875725094,0.47210940419164,0.202653502083873,0.607631897211963,0.373990507843931,0.596049244039007,0.392053587774612,0.414866761855169,0.402355409326625,0.503115687222066,0.164961639378285,0.643274692012121,0.530272643853157,0.443258862265788,0.610544088149727,0.43473674972868,0.134517086170441,0.506618476138014,0.487312040108545,0.419492184407326,0.254878389094638,0.241995590591009,0.502307661561419,0.369069505523108,0.592769871918021,0.214179953169305,0.664191082716998,0.391045078289375,0.485012926894659,0.537631177989669,0.363443324721565,0.437183476011299,0.571695861514716,0.470738740294825,0.773626814527612,0.803620602520577,0.412106025938249,0.134517086170441,0.290466596275498,0.540344934116497,0.719383997334389,0.671878642653608,0.655671250445705,0.470828045522289,0.615787647448632,0.134517086170441,0.349343590616383,0.134517086170441,0.29845905953206,0.269593810631736,0.811666880969944,0.172564336089593,0.675473986317671,0.4184289991,0.429258848480686,0.488209673751685,0.460875684340492,0.134517086170441,0.211902611593515,0.134517086170441,0.555891287024805,0.532375816703726,0.885126620921425,0.605965202820696,0.134517086170441,0.652454411112798,0.738331604688059,0.644204346097916,0.540352384619467,0.459388042175271,0.743842129557686,0.514862545516114,0.477862455831079,0.245341693743545,0.314043458080704,0.556931488678221,0.400333196374271,0.601559606395528,0.567174250228772,0.279287810647042,0.26308398899803,0.429839269381447,0.719900824966553,0.702104131000443,0.505265298724269,0.829751711710586,0.279686166716745,0.777607358256786,0.363555196167099,0.607682612871417,0.581349638993763,0.600965899409849,0.298097665403806
"68",0.26924392415429,0.114740471956468,0.278908199269366,0.174537843187827,0.194894342180102,0.114740471956468,0.203075036915789,0.431177465785835,0.141835351102647,0.114740471956468,0.457158795284422,0.114740471956468,0.321319095855727,0.283650771665315,0.198328289029551,0.114740471956468,0.357032889241302,0.114740471956468,0.114740471956468,0.114740471956468,0.114740471956468,0.300846593465095,0.17716016407212,0.114740471956468,0.225974348810531,0.114740471956468,0.114740471956468,0.196002804638151,0.13896404567219,0.264515949165971,0.142137642005655,0.56918470680575,0.114740471956468,0.236747058802938,0.353831054711876,0.114740471956468,0.243653397709226,0.114740471956468,0.114740471956468,0.114740471956468,0.114740471956468,0.21790098223576,0.333451372383863,0.222739060543903,0.114740471956468,0.114740471956468,0.354713002675236,0.382186910006049,0.136423824616505,0.220838527470729,0.294692453933402,0.114740471956468,0.114740471956468,0.114740471956468,0.114740471956468,0.114740471956468,0.114740471956468,0.394189267006572,0.114740471956468,0.452612232481862,0.114740471956468,0.250519194576971,0.180540691361092,0.114740471956468,0.114740471956468,0.114740471956468,0.114740471956468,0.114740471956468,0.114740471956468,0.540382416040884,0.569603710727617,0.114740471956468,0.173825403420534,0.289016167596598,0.229118273034599,0.114740471956468,0.114740471956468,0.368735969157334,0.386976077215906,0.184461248481486,0.162212775340426,0.20473192382124,0.114740471956468,0.114740471956468,0.167501126037064,0.117546178976092,0.114740471956468,0.114740471956468,0.218440819302024,0.447134216849491,0.163218803178698,0.326007787545783,0.455940257973155,0.114740471956468,0.342168098708234,0.114740471956468,0.135923584116652,0.149239380113999,0.26202659510453,0.139892312645848
"69",0,0.0840064256524142,0.3489059441997,0.458404287992602,0.657245915167388,0.274264115634971,0.2621153429102,0.36853699761239,0.0703541632969421,0.402163350976123,0.497365026563968,0.482315129749318,0.426887264662568,0.214573626456523,0.535301322524834,0.5198119583061,0.64363708786204,0.487757195289354,0,0.436768640652984,0.621947627658831,0.320219953306626,0.305217595381201,0.161658848076493,0.434344212188044,0.200638523348868,0.417765872922724,0.263869481201023,0.0791860493625731,0.359463086528989,0.265955248281671,0.544755665122635,0.396243867966387,0.263471624435735,0.470164087886839,0.0798167546872419,0.501258754654159,0.223466308420226,0.069288159275576,0.564547316799683,0.10341306912322,0.540305943083759,0.456072490842277,0.117451674360283,0.283975075072254,0.587592180081638,0.635660034439893,0.460254986556559,0.537929660005585,0.176382027079631,0.498772799821089,0.457635573570299,0.509995278863212,0.309458049107625,0.777797695289202,0.386615710766769,0.381821079877987,0.532830506707818,0.022304631854087,0.900422870303642,0.182000473477125,0.836578394269247,0.239640524614678,0.128439459921244,0.409083178585622,0.649035119760198,0.0146287487927479,0.4229163513078,0.393534981570046,0.666784284991647,0.38709532378018,0.399567116341626,0.0120443389286508,0.332227269753229,0.0909903850513027,0,0.130457379013838,0.4768957126763,0.635548977475838,0.679171784669479,0.188441407649438,0.530465834838985,0.0383098175286031,0.528555230959302,0.331803508797326,0.109727503470817,0.234495480164996,0.260635104321353,0.491742319839523,0.336576698459781,0.0880403939172888,0.40951237144655,0.516432597966537,0.261222372845142,0.843373529681334,0.353161348709452,0.164570701387307,0.127720080991545,0.278717817064451,0
"70",0.00123427432371501,0,0.541756261463023,0.380735162015145,0.987324373510158,0.542364416924087,0.643303958798401,0.872825781555314,0.378280812698405,0.7424116498053,0.925834369822275,1.08669824154277,0.576376458661728,0.128341222059746,0.612893390320665,0.812880465691515,0.695490203940234,0.640202911934668,0.469983239263226,0.344807577326677,0.961305059823235,0.190952742207432,0.472163389741888,0,0.657221947294234,0.38831157949823,0.261399643792974,0.36833977362669,0.0805666652005175,0.639171194019487,0.551891115498996,0.937574033019426,0.65104107534163,0.431383701976157,0.623684634999607,0.0090424814598834,0.749238516826234,0.258340564654337,0,0.404075760693024,0.328814428257016,0.540966477101921,0.489494301432013,0.354969332044197,0.345745633677026,0.726033247705867,0.641638070252522,0.546796492968236,0.850284707457396,0.199594390695742,0.999453581376089,0.116709458500954,0.519243831288258,0.293914961835802,0.98275348566374,0.23330249546552,0.681194544457309,0.430387470547,0.185943161860494,0.864336888468086,0.588571923886968,1.36362534366853,0.537954349258675,0.29564026337465,0.234301622156324,0.270015823096139,0.0833921642573158,0.697291347296686,0.571691222941686,1.13619015639737,0.712522330936423,0.563298054829748,0.402224125595214,0.146063657153049,0.380503533753674,0,0.22740961168898,0.566815174830715,1.01127398223239,0.892543449148944,0.397272424803214,0.809690593174045,0.0364732346050905,0.293603417713322,0.310445751671732,0,0.367287333973529,0.408127322602797,0.815920580997567,0.837768547492892,0.189984527771183,0.686776851849128,0.798474940004392,0.26849298760217,1.42458039446503,0.763767793919173,0.326283987932815,0.364927076430398,0.304540317210056,0
"71",1.00207330613988,1.00936649885791,1.23767577285467,1.23311543602559,1.46769718136258,1.34281831693989,1.35524796319358,1.65908412176687,1.06870130043546,1.45172602198356,1.50486303950674,1.56848081379921,1.19000008894982,1.14526030173332,1.44395807722125,1.33581534436536,1.43985784261429,1.32627773732765,1.17043920818654,1.0779377090182,1.53771177297351,1.00596122452772,1.38779018151724,0.976724902264301,1.27091941207529,1.15186522621423,1.22649403246059,1.3267731716993,1.08973588155485,1.24959223374671,1.38682532698035,1.59768327404737,1.30056897019061,1.25982012553799,1.2219740428759,1.15442876791542,1.54762234614047,1.16504409775673,0.976724902264301,1.14459689750617,1.24757498018817,1.30851476162211,1.33750170321707,1.32329892860977,1.06246681575456,1.46260928049288,1.17808532201676,1.2847681308695,1.45990114184085,1.03968160341067,1.45469353040705,1.22596048989332,1.31451674694881,1.18003634599586,1.64317351762373,1.04134332266279,1.41166026994589,1.33631349544952,1.13441377269052,1.44809728839307,1.24999778697582,1.7629474153097,1.25546984822887,1.06437276704595,0.976724902264301,1.02741955085153,1.06921615429941,1.5135637086619,1.29326813727813,1.67830453539748,1.57733538400164,1.24981205861153,1.39013944442396,1.15502308523302,1.112244180392,0.977629874167936,1.12321627421299,1.26782413251678,1.52184218120065,1.23307167795124,1.2261254202981,1.53235413397715,1.03967384866257,1.04413640212963,1.1820369903288,0.976724902264301,1.16337044289544,1.22149582587425,1.52817554765233,1.4499271362666,1.0192214870926,1.55460712388938,1.44764051155104,1.32988332090931,1.71011146778651,1.32611527429313,1.24143255016008,1.14490747720032,1.1243226952709,0.976724902264301
"72",0.828358464838739,0.881223547733007,1.0517455487483,0.930279471611476,1.26299335656424,1.12379894232464,1.06688297929491,1.29732633832795,0.774979112042021,1.26505708984987,1.14740930591527,1.23437097019885,1.06407726547676,0.983721772214453,1.25172367841257,1.08686090262609,1.28778039658828,1.17859444769344,0.877943079228503,0.898628451015541,1.29865074877049,0.893283580999706,1.21546913180591,0.946041677035415,1.02852128400879,0.975809158798876,1.03899007193776,0.953075519367979,0.915341720516483,1.07300966818669,1.06196287461595,1.22737260106462,1.18293986431169,0.967235672849513,1.14161543889789,0.950265354595609,1.22554987121191,0.973240833972454,0.882250233281898,0.875064192852185,1.02007909536227,1.07362132120972,1.15685878558281,1.10656966627045,0.800136941014476,1.18563490572717,1.03745719592578,1.02237611768502,1.26707758376638,0.927008137521164,1.1348697113431,0.89245448570995,1.08429676244474,1.03707439649791,1.38991089703458,0.901074401032425,1.01285352134333,1.21267304343658,0.979609163365401,1.21447596043218,1.04238893673745,1.46038809636935,1.00524327847893,1.02299020981381,0.882456379536399,0.810705805893295,0.857360667436788,1.18828284773364,1.18013401042117,1.38613426645908,1.2364643310418,0.927796383827761,0.965076476252885,0.842815945532589,0.860534995768126,0.853898644921115,1.01147981682514,1.1178856860923,1.27428223912227,0.944670631062063,1.11021830464937,1.07758500308688,0.86295587824545,0.853142482197069,0.919406829138609,0.984501652341403,1.0013271118093,0.95491400555796,1.17343802344522,1.10760921039088,0.984576822521018,1.25048543684541,1.20651822878192,0.864452232515774,1.44336888442519,1.03310143729932,0.984350356637043,1.10978278525776,0.993626237680814,0.832709946130839
"73",0.357887634430265,0.448368663985285,0.813279140710311,0.602930048556076,1.04403176120147,0.933621222919217,0.616639614018259,0.996926663109924,0.376387078333887,0.972573421645119,0.672394012436298,1.04484798344193,0.887360279856385,0.690094751556564,0.907643930276913,0.795401160284212,0.87106020563996,0.825390066383796,0.687367307646304,0.348103273605141,1.18746758186017,0.595314183383694,0.863712431145018,0.693580805044228,0.811818456988107,0.830218912003665,0.628086343777297,0.550810358602211,0.537224951713418,0.764699446129431,0.777180128946988,0.956870488957643,0.747843748618487,0.648928631636282,0.915745554462076,0.598635932873903,0.8727846664738,0.435301358790355,0.638429938732328,0.680468413646861,0.562565249605831,0.70453806898155,1.03466959907375,0.605364595265263,0.535451188888857,1.06302455845447,0.591395604740293,0.645542221883233,1.00925905320989,0.66793634697607,0.743052163145288,0.609476293131001,0.789889330825621,0.841386584757129,1.02013151048149,0.79152734885981,0.578587946594231,0.791701305673967,0.713540780670252,0.900890607994337,0.769304341573029,1.25000275539186,0.880192167820837,0.586938779323259,0.423889142479323,0.57087326052971,0.424022841164148,0.802817045178844,0.839436257287919,0.997060154045996,0.885029821624033,0.574663609679722,0.766085671812656,0.458118028002305,0.417300890449484,0.444629833487822,0.74296331004354,0.632833647495213,1.40557693407946,0.601396383940006,0.594902812511936,0.711173558751781,0.28852875686082,0.622373709991396,0.471192490402994,0.717542953541931,0.728734445059206,0.640964382266626,0.795485352527736,0.732859518997501,0.791553372210869,1.01521351640728,1.08443044664974,0.507820975357601,1.02975951356786,0.80102862914498,0.544788387936286,0.999475289919218,0.729430894210822,0.459274919794187
"74",0,0,0.592122938160538,0.357072849366281,0.7493627947603,0.592887056831864,0.0993058683083615,0.524953629861778,0,0.640176836720982,0.474425990332732,0.848061266375417,0.705916476403391,0.20561161947781,0.707339193988442,0.603510633313496,0.510105656350887,0.50120294271784,0.51031322679946,0.0844583144558316,0.832683605540679,0.261541722390201,0.450596585432591,0.38075082642087,0.616899859260042,0.68594791799686,0.151347383748867,0.127015455615512,0.196873255693136,0.493633231401173,0.400238939230564,0.679210239856879,0.488123409485955,0.355906562247095,0.628235196774729,0.387268821559025,0.53272061922495,0,0.105463525320137,0.29389129894488,0.192200322255075,0.486547523338173,0.806639001361751,0.507699959435241,0.115025019660886,0.82927225889953,0.220517859993354,0.554615915807818,0.645712267008414,0.503260032222163,0.489071481429361,0.359357462472745,0.516510411690841,0.469494601048092,0.622115009691219,0.432363234169331,0.287510219249969,0.489705635741348,0.217171957937941,0.531124750013539,0.584069587072354,1.09451068572395,0.570024199927165,0.0226611618114991,0.136794224929648,0.288544237465873,0.19580493132306,0.538141061790471,0.469237058862539,0.892293286776519,0.407806217355743,0.387705172474562,0.339831492182785,0.178998786569494,0.235650333924993,0.0738730592421661,0.462898595736545,0.461800960251166,1.3407737660608,0.341187423609833,0.118670557631662,0.281314802925441,0.164346689336552,0.39063336282282,0.336045823210528,0.577564669371302,0.605855298922128,0.328571048118468,0.53460785110527,0.326848941562687,0.538209473806147,0.856814435219884,0.603890249317824,0.014310885214352,0.526062875551667,0.466113539982626,0.161950478524556,0.606445128907238,0.589621960820409,0.0525308548107961
"75",0.228373484450068,0.228373484450068,0.496792624564843,0.406669457311283,0.76555320271603,0.415517059036189,0.282328310052796,0.308348647931687,0.228373484450068,0.769874425061466,0.486273022287236,0.616311455848588,0.48708793087071,0.228373484450068,0.568628864731801,0.538877175706315,0.242699766904873,0.307429751941024,0.43482890209193,0.228373484450068,0.45765595553582,0.317139446901331,0.286004636052041,0.228373484450068,0.588411191229355,0.655619399651192,0.228373484450068,0.228373484450068,0.228373484450068,0.636830507258456,0.292380676764135,0.469759958470198,0.380308604010523,0.228373484450068,0.452288670856235,0.26911704936719,0.34508411279774,0.228373484450068,0.228373484450068,0.265961163782046,0.228373484450068,0.382809070974112,0.581002615684995,0.228373484450068,0.228373484450068,0.585890807529283,0.228373484450068,0.533037806324568,0.510561943319759,0.349838249580398,0.35329353907509,0.349962849461468,0.373990428395425,0.405016933786108,0.383512247326085,0.31333422756792,0.228373484450068,0.350383560076909,0.228373484450068,0.597192688414638,0.410662375822919,0.656197374472899,0.346635151911423,0.228373484450068,0.228373484450068,0.228373484450068,0.228373484450068,0.495589990540195,0.321156168701934,0.784837263472852,0.43632725434044,0.228373484450068,0.340195561938264,0.228373484450068,0.228373484450068,0.228373484450068,0.231745457632028,0.255876688589216,1.05414060749671,0.228373484450068,0.228373484450068,0.228373484450068,0.228373484450068,0.376631633683793,0.241829540484162,0.420183472356644,0.544780207128853,0.228373484450068,0.458763328475767,0.275001817572706,0.395494178925831,0.725235420432488,0.379700734983862,0.228373484450068,0.346768283369845,0.303895807630146,0.228373484450068,0.325591560540895,0.634482256274621,0.228373484450068
"76",0,0,0.230119006527773,0.119741460048215,0.475966963628523,0.0677682543236472,0,0.0631421228070631,0,0.382365616383321,0.225692511478724,0.365536939583523,0.398088414162942,0.0436153055009733,0.0736051904019861,0.216204639795462,0.157526907619388,0,0.231852638872989,0.149581175280003,0.0902383623854834,0.152565614482033,0.0690997414509394,0.0423990827647033,0.32227879999699,0.463651524934051,0,0,0,0.196009639562177,0,0.115561663005012,0.0759180088713772,0,0.0827803081613963,0.129684740902762,0.0967401775954186,0,0,0,0,0.149064615571479,0.349221700460544,0,0,0.154400423468766,0.0229938926694999,0.0647569697383236,0.190361284402419,0,0.0930218898246171,0,0.0485619390187779,0,0,0.0233289431258528,0,0.204014482275418,0,0.247793691345643,0.169127768840589,0.528846191831459,0.0994660951949428,0.00116698761168443,0.0236865542770116,0,0.0158256213412774,0.0930985445103159,0.19756719604766,0.462491364191169,0.202042137527008,0,0,0.0240158883914212,0,0,0,0,0.84702591310564,0.0119824671070453,0,0.0847479688378056,0,0,0,0.0644561220785163,0.237866507464768,0,0.122020011672696,0,0.0348396200264441,0.50250286542064,0.28509849062082,0,0,0,0,0.00420181337142922,0.0982216601104227,0
"77",0,0,0,0,0.136865984430222,0,0,0,0,0.083465564164767,0,0.0540270138003044,0.0441739506355645,0,0,0,0,0,0.0610647330317855,0,0,0,0,0,0.0959139961994692,0.339396525773883,0,0,0,0,0,0,0,0,0,0,0,0,0,0,0,0,0.0629416326193085,0,0,0,0,0,0,0,0,0,0,0,0,0,0,0,0,0,0,0.214806888243836,0,0,0,0,0,0,0.151111326107612,0.175905577189736,0.0738570277444879,0,0,0,0,0,0,0,0.549718123239119,0,0,0,0,0,0,0,0,0,0,0,0,0.0769704476541381,0.118567479588151,0,0,0,0,0,0,0
"78",0.00300745351371531,0.00300745351371531,0.00300745351371531,0.00300745351371531,0.00300745351371531,0.00300745351371531,0.00300745351371531,0.00300745351371531,0.00300745351371531,0.00300745351371531,0.00300745351371531,0.00300745351371531,0.00300745351371531,0.00300745351371531,0.00300745351371531,0.00300745351371531,0.00300745351371531,0.00300745351371531,0.00300745351371531,0.00300745351371531,0.00300745351371531,0.00300745351371531,0.00300745351371531,0.00300745351371531,0.0458350175331975,0.193754050413305,0.00300745351371531,0.00300745351371531,0.00300745351371531,0.00300745351371531,0.00300745351371531,0.00300745351371531,0.00300745351371531,0.00300745351371531,0.00300745351371531,0.00300745351371531,0.00300745351371531,0.00300745351371531,0.00300745351371531,0.00300745351371531,0.00300745351371531,0.00300745351371531,0.00300745351371531,0.00300745351371531,0.00300745351371531,0.00300745351371531,0.00300745351371531,0.00300745351371531,0.00300745351371531,0.00300745351371531,0.00300745351371531,0.00300745351371531,0.00300745351371531,0.00300745351371531,0.00300745351371531,0.00300745351371531,0.00300745351371531,0.00300745351371531,0.00300745351371531,0.00300745351371531,0.00300745351371531,0.00300745351371531,0.00300745351371531,0.00300745351371531,0.00300745351371531,0.00300745351371531,0.00300745351371531,0.00300745351371531,0.00300745351371531,0.00300745351371531,0.00300745351371531,0.00300745351371531,0.00300745351371531,0.00300745351371531,0.00300745351371531,0.00300745351371531,0.00300745351371531,0.00300745351371531,0.385411815519961,0.00300745351371531,0.00300745351371531,0.00300745351371531,0.00300745351371531,0.00300745351371531,0.00300745351371531,0.00300745351371531,0.00300745351371531,0.00300745351371531,0.00300745351371531,0.00300745351371531,0.00300745351371531,0.00300745351371531,0.00300745351371531,0.00300745351371531,0.00300745351371531,0.00300745351371531,0.00300745351371531,0.00300745351371531,0.00300745351371531,0.00300745351371531
"79",0,0,0,0,0,0,0,0,0,0,0,0,0,0,0,0,0,0,0,0,0,0,0,0,0.000730304560233652,0,0,0,0,0,0,0,0,0,0,0,0,0,0,0,0,0,0,0,0,0,0,0,0,0,0,0,0,0,0,0,0,0,0,0,0,0,0,0,0,0,0,0,0,0,0,0,0,0,0,0,0,0,0.308628041969248,0,0,0,0,0,0,0,0,0,0,0,0,0,0,0,0,0,0,0,0,0
"80",0,0,0,0,0,0,0,0,0,0,0,0,0,0,0,0,0,0,0,0,0,0,0,0,0,0,0,0,0,0,0,0,0,0,0,0,0,0,0,0,0,0,0,0,0,0,0,0,0,0,0,0,0,0,0,0,0,0,0,0,0,0,0,0,0,0,0,0,0,0,0,0,0,0,0,0,0,0,0,0,0,0,0,0,0,0,0,0,0,0,0,0,0,0,0,0,0,0,0,0
"81",0,0,0,0,0,0,0,0,0,0,0,0,0,0,0,0,0,0,0,0,0,0,0,0,0,0,0,0,0,0,0,0,0,0,0,0,0,0,0,0,0,0,0,0,0,0,0,0,0,0,0,0,0,0,0,0,0,0,0,0,0,0,0,0,0,0,0,0,0,0,0,0,0,0,0,0,0,0,0,0,0,0,0,0,0,0,0,0,0,0,0,0,0,0,0,0,0,0,0,0
"82",0,0,0,0,0,0,0,0,0,0,0,0,0,0,0,0,0,0,0,0,0,0,0,0,0,0,0,0,0,0,0,0,0,0,0,0,0,0,0,0,0,0,0,0,0,0,0,0,0,0,0,0,0,0,0,0,0,0,0,0,0,0,0,0,0,0,0,0,0,0,0,0,0,0,0,0,0,0,0,0,0,0,0,0,0,0,0,0,0,0,0,0,0,0,0,0,0,0,0,0
"83",0,0,0,0,0,0,0,0,0,0,0,0,0,0,0,0,0,0,0,0,0,0,0,0,0,0,0,0,0,0,0,0,0,0,0,0,0,0,0,0,0,0,0,0,0,0,0,0,0,0,0,0,0,0,0,0,0,0,0,0,0,0,0,0,0,0,0,0,0,0,0,0,0,0,0,0,0,0,0,0,0,0,0,0,0,0,0,0,0,0,0,0,0,0,0,0,0,0,0,0
"84",0,0,0,0,0,0,0,0,0,0,0,0,0,0,0,0,0,0,0,0,0,0,0,0,0,0,0,0,0,0,0,0,0,0,0,0,0,0,0,0,0,0,0,0,0,0,0,0,0,0,0,0,0,0,0,0,0,0,0,0,0,0,0,0,0,0,0,0,0,0,0,0,0,0,0,0,0,0,0,0,0,0,0,0,0,0,0,0,0,0,0,0,0,0,0,0,0,0,0,0
"85",0,0,0,0,0,0,0,0,0,0,0,0,0,0,0,0,0,0,0,0,0,0,0,0,0,0,0,0,0,0,0,0,0,0,0,0,0,0,0,0,0,0,0,0,0,0,0,0,0,0,0,0,0,0,0,0,0,0,0,0,0,0,0,0,0,0,0,0,0,0,0,0,0,0,0,0,0,0,0,0,0,0,0,0,0,0,0,0,0,0,0,0,0,0,0,0,0,0,0,0
"86",0,0,0,0,0,0,0,0,0,0,0,0,0,0,0,0,0,0,0,0,0,0,0,0,0,0,0,0,0,0,0,0,0,0,0,0,0,0,0,0,0,0,0,0,0,0,0,0,0,0,0,0,0,0,0,0,0,0,0,0,0,0,0,0,0,0,0,0,0,0,0,0,0,0,0,0,0,0,0,0,0,0,0,0,0,0,0,0,0,0,0,0,0,0,0,0,0,0,0,0
"87",0,0,0,0,0,0,0,0,0,0,0,0,0,0,0,0,0,0,0,0,0,0,0,0,0,0,0,0,0,0,0,0,0,0,0,0,0,0,0,0,0,0,0,0,0,0,0,0,0,0,0,0,0,0,0,0,0,0,0,0,0,0,0,0,0,0,0,0,0,0,0,0,0,0,0,0,0,0,0,0,0,0,0,0,0,0,0,0,0,0,0,0,0,0,0,0,0,0,0,0
"88",0,0,0,0,0,0,0,0,0.0280579069395779,0,0,0,0,0,0,0,0,0,0,0,0,0,0,0,0,0,0,0,0,0,0,0,0,0,0,0,0,0,0,0,0,0,0,0,0,0,0,0,0,0,0,0,0,0,0,0,0,0,0,0,0,0,0,0,0,0,0,0,0,0,0,0,0,0,0,0,0,0,0,0,0,0,0,0,0,0,0,0,0,0,0,0,0,0,0,0,0,0,0,0
"89",0,0,0,0,0,0,0,0,0,0,0,0,0,0,0,0,0,0,0,0,0,0,0,0,0,0,0,0,0,0,0,0,0,0,0,0,0,0,0,0,0,0,0,0,0,0,0,0,0,0,0,0,0,0,0,0,0,0,0,0,0,0,0,0,0,0,0,0,0,0,0,0,0,0,0,0,0,0,0,0,0,0,0,0,0,0,0,0,0,0,0,0,0,0,0,0,0,0,0,0
"90",0,0,0,0,0,0,0,0,0,0,0,0,0,0,0,0,0,0,0,0,0,0,0,0,0,0,0,0,0,0,0,0,0,0,0,0,0,0,0,0,0,0,0,0,0,0,0,0,0,0,0,0,0,0,0,0,0,0,0,0,0,0,0,0,0,0,0,0,0,0,0,0,0,0,0,0,0,0,0,0,0,0,0,0,0,0,0,0,0,0,0,0,0,0,0,0,0,0,0,0
"91",0,0,0,0,0,0,0,0,0,0,0,0,0,0,0,0,0,0,0,0,0,0,0,0,0,0,0,0,0,0,0,0,0,0,0,0,0,0,0,0,0,0,0,0,0,0,0,0,0,0,0,0,0,0,0,0,0,0,0,0,0,0,0,0,0,0,0,0,0,0,0,0,0,0,0,0,0,0,0,0,0,0,0,0,0,0,0,0,0,0,0,0,0,0,0,0,0,0,0,0
"92",0,0,0,0,0,0,0,0,0,0,0,0,0,0,0,0,0,0,0,0,0,0,0,0,0,0,0,0,0,0,0,0,0,0,0,0,0,0,0,0,0,0,0,0,0,0,0,0,0,0,0,0,0,0,0,0,0,0,0,0,0,0,0,0,0,0,0,0,0,0,0,0,0,0,0,0,0,0,0,0,0,0,0,0,0,0,0,0,0,0,0,0,0,0,0,0,0,0,0,0
"93",0,0,0,0,0,0,0,0,0,0,0,0,0,0,0,0,0,0,0,0,0,0,0,0,0,0,0,0,0,0,0,0,0,0,0,0,0,0,0,0,0,0,0,0,0,0,0,0,0,0,0,0,0,0,0,0,0,0,0,0,0,0,0,0,0,0,0,0,0,0,0,0,0,0,0,0,0,0,0,0,0,0,0,0,0,0,0,0,0,0,0,0,0,0,0,0,0,0,0,0
"94",0,0,0,0,0,0,0,0,0,0,0,0,0,0,0,0,0,0,0,0,0,0,0,0,0,0,0,0,0,0,0,0,0,0,0,0,0,0,0,0,0,0,0,0,0,0,0,0,0,0,0,0,0,0,0,0,0,0,0,0,0,0,0,0,0,0,0,0,0,0,0,0,0,0,0,0,0,0,0,0,0,0,0,0,0,0,0,0,0,0,0,0,0,0,0,0,0,0,0,0
"95",0,0,0,0,0,0,0,0,0,0,0,0,0,0,0,0,0,0,0,0,0,0,0,0,0,0,0,0,0,0,0,0,0,0,0,0,0,0,0,0,0,0,0,0,0,0,0,0,0,0,0,0,0,0,0,0,0,0,0,0,0,0,0,0,0,0,0,0,0,0,0,0,0,0,0,0,0,0,0,0,0,0,0,0,0,0,0,0,0,0,0,0,0,0,0,0,0,0,0,0
"96",0,0,0,0,0,0,0,0,0,0,0,0,0,0,0,0,0,0,0.0111721213561696,0,0,0.0169102124258406,0,0,0,0,0,0,0,0,0,0,0,0,0,0,0,0,0,0,0,0,0,0,0,0,0,0,0,0,0,0,0,0,0,0,0,0,0,0,0,0,0,0,0,0,0,0,0,0,0,0,0,0,0,0,0,0,0,0,0,0,0,0,0,0,0,0,0,0,0,0,0,0,0,0,0,0,0,0
"97",0,0,0,0,0,0,0,0,0,0,0,0,0,0,0,0,0,0,0,0,0,0,0,0,0,0,0,0,0,0,0,0,0,0,0,0,0,0,0,0,0,0,0,0,0,0,0,0,0,0,0,0,0,0,0,0,0,0,0,0,0,0,0,0,0,0,0,0,0,0,0,0,0,0,0,0,0,0,0,0,0,0,0,0,0,0,0,0,0,0,0,0,0,0,0,0,0,0,0,0
"98",0,0,0,0,0,0,0,0,0,0,0,0,0,0,0,0,0,0,0,0,0,0,0,0,0,0,0,0,0,0,0,0,0,0,0,0,0,0,0,0,0,0,0,0,0,0,0,0,0,0,0,0,0,0,0,0,0,0,0,0,0,0,0,0,0,0,0,0,0,0,0,0,0,0,0,0,0,0,0,0,0,0,0,0,0,0,0,0,0,0,0,0,0,0,0,0,0,0,0,0
"99",0,0,0,0,0,0,0,0,0,0,0,0,0,0,0,0,0,0,0,0,0,0,0,0,0,0,0,0,0,0,0,0,0,0,0,0,0,0,0,0,0,0,0,0,0,0,0,0,0,0,0,0,0,0,0,0,0,0,0,0,0,0,0,0,0,0,0,0,0,0,0,0,0,0,0,0,0,0,0,0,0,0,0,0,0,0,0,0,0,0,0,0,0,0,0,0,0,0,0,0
"100",0,0,0,0,0,0,0,0,0,0,0,0,0,0,0,0,0,0,0,0,0,0,0,0,0,0,0,0,0,0,0,0,0,0,0,0,0,0,0,0,0,0,0,0,0,0,0,0,0,0,0,0,0,0,0,0,0,0,0,0,0,0,0,0,0,0,0,0,0,0,0,0,0,0,0,0,0,0,0,0,0,0,0,0,0,0.123666851814833,0,0,0,0,0,0,0,0,0,0,0,0,0,0
"101",0,0,0,0,0,0,0,0,0,0,0,0,0,0,0,0,0,0,0,0,0,0,0,0,0,0,0,0,0,0,0,0,0,0,0,0,0,0,0,0,0,0,0,0,0,0,0,0,0,0,0,0,0,0,0,0,0,0,0,0,0,0,0,0,0,0,0,0,0,0,0,0,0,0,0,0,0,0,0,0,0,0,0,0,0,0,0,0,0,0,0,0,0,0,0,0,0,0,0,0
"102",0,0,0,0,0,0,0,0,0,0,0,0,0,0,0,0,0,0,0,0,0,0,0,0,0,0,0,0,0,0,0,0,0,0,0,0,0,0,0,0,0,0,0,0,0,0,0,0,0,0,0,0,0,0,0,0,0,0,0,0,0,0,0,0,0,0,0,0,0,0,0,0,0,0,0,0,0,0,0,0,0,0,0,0,0,0,0,0,0,0,0,0,0,0,0,0,0,0,0,0
"103",0,0,0,0,0,0,0,0,0,0,0,0,0,0,0,0,0,0,0,0,0,0,0,0,0,0,0,0,0,0,0,0,0,0,0,0,0,0,0,0,0,0,0,0,0,0,0,0,0,0,0,0,0,0,0,0,0,0,0,0,0,0,0,0,0,0,0,0,0,0,0,0,0,0,0,0,0,0,0,0,0,0,0,0,0,0,0,0,0,0,0,0,0,0,0,0,0,0,0,0
"104",0,0,0,0,0,0,0,0,0,0,0,0,0,0,0,0,0,0,0,0,0,0,0,0,0,0,0,0,0,0,0,0,0,0,0,0,0,0,0,0,0,0,0,0,0,0,0,0,0,0,0,0,0,0,0,0,0,0,0,0,0,0,0,0,0,0,0,0,0,0,0,0,0,0,0,0,0,0,0,0,0,0,0,0,0,0,0,0,0,0,0,0,0,0,0,0,0,0,0,0
