"","V1","V2","V3","V4","V5","V6","V7","V8","V9","V10","V11","V12","V13","V14","V15","V16","V17","V18","V19","V20","V21","V22","V23","V24","V25","V26","V27","V28","V29","V30","V31","V32","V33","V34","V35","V36","V37","V38","V39","V40","V41","V42","V43","V44","V45","V46","V47","V48","V49","V50","V51","V52","V53","V54","V55","V56","V57","V58","V59","V60","V61","V62","V63","V64","V65","V66","V67","V68","V69","V70","V71","V72","V73","V74","V75","V76","V77","V78","V79","V80","V81","V82","V83","V84","V85","V86","V87","V88","V89","V90","V91","V92","V93","V94","V95","V96","V97","V98","V99","V100"
"1",7.55653262395377,7.21254584369461,7.56162680273415,7.33703286920107,7.32819933767757,7.09213342163082,7.68178835793634,7.10115427240869,7.64693235872429,7.24590850131911,7.26083758711159,7.70814381261953,8.14185873029995,7.49180053742839,7.9711246271326,7.78512795897653,7.86519248143297,7.22857566684549,7.72650365701935,7.64005470438648,7.91262669566885,7.03739718157076,7.29679694034989,7.16310115072984,6.93358547557557,7.0539963713598,7.96251258526664,7.87839912061199,7.36985483975935,7.07072321685803,7.33184985936241,7.5361980468562,7.18338961234252,7.83646614576419,7.55498313602003,6.98433741128727,7.12699321757276,7.49410863893999,7.55910257607243,7.6025686098306,7.79235826715859,6.88188054100369,7.21952831279631,7.377893789395,7.17885538096994,7.83307599050441,7.58868032120791,7.53763254827604,7.71605963497298,7.1965474392852,7.54268380225839,7.30631720794577,7.2494238048891,7.36777990234048,7.59965176700778,7.38881298636343,7.4410004397372,7.25983646464452,6.88078903065009,7.33374392314369,7.69597057416877,7.22013171045473,8.63922622065635,7.17637870610078,7.27104581200079,8.2898377241633,7.34086703426539,7.5039321195785,6.37698117268827,7.60039313752426,7.45306599245633,7.63547651757209,7.70070559504347,7.26799194177033,6.81498273039312,7.4073134283854,7.33654385208869,8.03357935407906,7.24493731951031,8.28926145819803,8.3588400072043,6.74619785880224,7.75114229703757,7.77638486061347,7.13247940020493,7.89499520743391,6.77837677240097,7.90864860189357,7.11726293903994,7.41283987017125,7.6245107885776,7.72891095422793,7.94817273063165,7.69561171141652,7.55250559561625,6.6935522067735,6.95216664519007,8.55466879245934,7.51378884010014,8.27914671030211
"2",7.61276504058518,7.57767820141924,7.49522377236329,7.08729173461262,7.36227252342216,6.72094530880336,7.75819208103877,7.08266186560824,7.44983215646116,6.68357619782213,7.44641518136958,8.05552566356462,8.14880767163916,7.25295297158404,8.15020284092136,7.86394472236606,7.75119038458263,7.19664635237537,7.35406352792859,7.78637911269047,7.32375247737463,6.64329571048052,7.24362907017004,7.19264656411038,6.81186758297139,7.10744445155057,7.82004403577892,7.8746110227333,7.85262624918779,7.34445059077736,6.93402377624666,7.17072439325129,7.77563111084313,7.29753631715866,7.50883796299563,7.00886568973337,7.30467203920419,7.65930557101642,7.22840609328259,7.41916765769714,7.59919510093887,6.55726353783864,6.63706446668773,7.32539933386375,6.92069525932426,7.9691716085896,7.80882475456977,7.56326672107059,7.10817504058278,7.17623649676321,7.61717642171634,7.23277777582933,7.06544459403507,7.08338202671734,7.32793496657441,6.75555017379058,7.02876693316497,7.2759877858928,7.20205600475684,7.40802436508059,7.91998164459228,6.88899216015319,8.84493206470198,7.15814669041086,6.56327665486745,8.70465993003098,7.31567646595492,7.09587243477804,5.88401621334065,7.76925190569611,7.52850567355803,7.5942706588887,7.34342144272664,7.14050263124341,6.85506770301651,6.91833153878672,6.96515618776055,8.26944759797988,7.01436095051318,8.38422341679287,8.33929231844933,5.96641895565195,7.55717708499714,8.48259451697398,5.97488618302061,7.58613717077361,6.71890237908617,7.24766775562975,7.09003456118018,6.95650684063608,7.26823121446128,7.78383652391336,7.66180562865609,7.45860183977064,7.71591530596801,6.45686307079244,6.61398573806239,8.47747298432951,7.52745750243548,7.94886161986391
"3",7.62058581360007,7.43967905213399,7.53139234510875,6.81108333562,6.94993529721994,6.25166416978695,7.76171273308513,7.04826250637216,7.46984818642188,6.03579412119642,7.6717039857614,8.32202536277276,7.98522289127688,7.06556848129714,8.35734663195018,7.85626759377619,7.64855368566155,7.00194088191497,6.98658136751976,8.01013094597448,6.74693658974424,6.121888185036,7.17631577740849,7.3772278202883,6.7071017843808,6.77825064210772,7.81873758781961,8.00747578107852,7.90526688450999,7.83272012078638,6.57706851403945,7.08496592384448,7.88522901008283,6.74525004343227,7.43020512339281,7.22142906856981,7.26184428492618,7.76796219395117,6.90769940415832,6.97640097065341,7.58085700955113,6.13229403001938,5.96243464026758,6.97270462159948,7.09878527561254,8.27427030897396,7.8731106972908,7.46562628120146,6.88543727744259,7.24484122264732,7.85589000205473,7.14056974429249,7.31579008270843,7.0581955255162,7.43111933486843,6.36286874981313,6.97117421660972,7.40156067512121,7.23892507009592,7.40505623020404,8.3104347678742,6.51019664737345,9.03266645361727,7.19805935994674,5.93702921844329,9.01453187535909,7.10019142587161,6.70039464322302,5.22545999445162,8.03326218708289,7.43184464365705,7.90239989762658,7.27500815102138,7.14835387343971,6.9040452266822,6.48421575806011,6.56775899402694,8.46828080987384,6.83924786955891,8.19449112318016,8.51878784276933,5.32227558183255,7.69492364586495,8.8489149490871,5.34043800549339,7.37430479268142,6.79311390632942,6.53796616990001,7.11006040856322,6.32349056477563,7.13680886450377,7.896837254445,7.66556290643787,7.26453692541545,7.8351524512747,6.14074668448547,6.43605096845402,8.18050440147467,7.45089925320418,7.73964685189032
"4",7.46366837313768,7.77198990893532,7.24867546107444,6.48461974277319,7.01477635323378,6.04739208435505,7.90696814640854,7.04347537637975,7.10777769259196,5.54546112731302,7.56819472038671,8.51374129600873,7.56338698055315,6.9746842608002,8.60245454933247,7.45565244890276,7.21057900770898,6.86267921869107,6.91575164933969,8.02109444181758,6.12513107604799,6.06575280506694,7.37667041843135,7.68997353334582,6.53570700061632,7.00164808815163,7.62855327917363,8.21962341038558,8.30378282745991,8.1483555106841,6.65647661585974,6.82932244885425,8.01879046805433,6.24463457133128,7.67690872680516,7.37653302035115,7.09850100410964,7.78572612312081,6.46473273091458,6.633962876576,7.37617705036991,5.89906942256253,4.86156706820227,6.66475191249316,6.9445656916343,8.49653515616222,7.82812266279011,7.37480844298012,6.53995205145308,7.22584352614624,7.8700311414469,7.03252589299931,7.62285815058747,6.8922295600514,7.15265570669021,6.13426807808915,6.82697575182646,7.77502092833048,7.3391675483677,7.45382618173688,8.375856279948,6.16329195989595,9.25198344128618,7.4070502840233,5.41223655756827,9.62656658485989,7.02350671296959,6.33708544628813,4.82823169024581,8.36431299807489,7.49271224565419,7.8125972732023,6.99745822034891,7.09077388754028,6.79293257907607,6.32488117595634,5.81871197635308,8.6041657424233,6.51301388760766,8.50910851983008,8.96290216908289,4.52437542991247,7.66873954477519,9.30086348764453,4.81163761827325,7.00828492193836,6.52267634206975,6.00571031041828,6.91648867005555,5.9677666633108,7.11570277113264,8.03182861834027,7.37977123808919,7.06479019880487,7.99444625632747,6.10626766548336,6.33055575771909,8.02020740562993,7.53780187153879,7.86718728839224
"5",7.80124395443201,7.8771211214617,6.93242963384988,6.15067446280456,7.08584474557737,5.7631735532021,8.17953137466763,7.04225130891042,7.04712736230057,5.04472824529716,7.5275676406498,8.75419308399296,7.43800255505726,6.96112002931157,8.72686641380768,7.18919975103972,6.95900221102698,7.02653669207497,6.50392534454308,8.07026477644127,5.91978639383978,5.78785272059447,7.39155128743057,7.63911425805379,6.67521554697611,7.05379048416378,7.28272675179465,8.41104591361538,8.62350756178108,8.59927360533368,6.30712537572311,6.66385218331981,8.28533144774108,5.83022698270584,7.52421280839818,7.7430118451497,7.22964676060586,7.78259755246227,6.23313263686286,6.43261707334434,7.5568898443358,5.47770205926489,4.08593572883444,6.5307841466924,6.89625709883153,8.82981464814263,7.6288408750397,7.06113812685323,5.90881377277317,7.32685758160138,7.814402135219,7.17720453695283,7.44909477192733,6.70551691311159,7.32035033124128,5.78525796940662,6.65837476943065,7.91756128714842,7.45860910824788,7.64716726812066,8.70844213765767,5.73735961848526,9.40271115503105,7.71280683733658,4.84041616578261,9.78889204569993,6.88824285827584,6.13585461831741,4.24908884801281,8.44242847616803,7.54255102980996,8.14719253191481,7.20164284589586,6.99526204857158,7.0797007124345,6.22283143832857,5.11777606246221,8.70113804132536,6.49764964321325,8.70153942986907,8.83911902444878,3.76896669358373,7.74300749529693,9.63284105057354,4.33812977621931,6.72939949853105,6.34579661015374,5.32689571807053,6.72962373383074,5.26375952878396,7.00010357043762,7.81532527464292,7.1987687675768,6.79889673963406,8.16912911843381,6.01046813646736,5.69334555856817,8.10527809447855,7.53347097159054,7.87279455655114
"6",7.55184484728624,7.82454335662356,6.23331442256978,5.67605759479971,6.99751375739723,5.49104508498068,8.31663408590659,6.55266552881964,6.49714812187549,4.62595330125123,7.50836200990131,8.70109332293429,7.08302068469071,6.58046813499533,8.70911295450815,7.08033897757368,6.62189973930538,6.79665701712644,5.93486850823721,7.77232549747352,5.27892369135231,5.53793460964604,7.25224612076987,7.64962155899037,6.51537962372941,6.60901419685863,6.78497164229929,8.17869557749881,8.45546079055267,8.66145479270991,5.78198459233222,5.9830432471247,8.29422952180283,5.18465313259693,7.02175024995236,7.56820972735053,7.1164254404318,7.81779601618536,5.8297481269805,5.96540220991992,7.30079922032195,4.86884052999597,3.17569660052646,6.16131358057062,6.52740311403816,8.60979938844961,7.52513169131087,6.69737057731997,4.97306646612434,7.16801390317508,7.61282330114764,6.9150476685635,7.05880927781509,6.34456138477333,6.93982725850834,5.04167914175754,6.74414507824358,7.92599774135489,7.29165463822367,7.68879085093269,8.82455263100609,5.33337109799954,9.55364091112279,7.40042932423093,4.36007383680573,9.78172222439602,6.28319408405004,5.71509919800336,3.61961491266754,8.36295559102422,7.21753457679275,7.89086683460034,6.71470484253333,6.63260062484254,7.04425314138836,5.73106551634957,4.39260839576909,8.34216683095481,5.9607317401608,8.65086784715696,8.77937774057779,2.68097128728229,7.15285828670303,9.7082853075113,3.6195293255639,6.10213702060843,6.00313822595606,4.46139576704958,6.27547605858975,4.69226371553359,6.44751818812645,7.49568550263023,6.75489428267165,5.97175940621894,7.94164524479844,5.34363509011964,5.28299400089948,7.67225491649476,7.06976914217366,7.2264544960743
"7",7.24251225695515,7.69289586508385,6.23061844656053,5.55561512357026,6.72921559926548,5.49262639908784,8.19421477827506,6.22461188100758,6.33501782612682,4.33373443548891,7.36074348130486,8.66247376032494,6.80506728070256,6.41467171781389,8.65344982975684,6.83490409492991,6.45789003314651,6.71022891402206,5.5332114755975,7.57689277485065,5.2514655555623,5.26035211556599,7.07568817104375,7.48511571277594,6.33186775928055,6.4273945805703,6.57625706320588,8.17306645443361,8.26968810745917,8.43337475813391,5.66905302253539,5.81109892851542,8.2260417421972,4.90160633565507,6.83298497321328,7.37651526126563,6.94923343242512,7.48093076356532,5.75231509524216,5.77473970235897,6.93892736820278,4.6591977296413,2.91598916247666,6.00070060018529,6.42242630616047,8.45193623246284,7.4128595193805,6.63380547705623,4.8026204251667,7.10436896784355,7.34462979291022,6.80072663054428,6.88754691642409,6.07757759102225,6.90741579512227,4.91807058608714,6.56992674982399,7.72280690698453,7.25370834180031,7.48252821325381,8.7523884540837,5.05533462967986,9.35801435140307,7.19337714684687,4.0447326485519,9.49709583846651,6.11692479869661,5.26771632753461,3.39726325689208,8.25986157609325,7.12794023788648,7.68187389064515,6.62992778735822,6.55446126876959,6.99207566276226,5.56801237411975,4.28859592880159,8.34846811817552,5.59220586210478,8.39469506382588,8.55245909263546,2.28492184511499,7.08672296949987,9.69829227027235,3.34438840481887,5.93544695664813,5.98930804672205,4.16797042517118,6.26332928232156,4.57318679803656,6.07385484408386,7.18106396311331,6.73693355543949,5.76234794599562,7.64658695441495,5.11331960652649,5.05331362338686,7.56945597935633,6.8879556151236,7.04516239481703
"8",7.15723566293345,7.55839817824018,6.00777388960068,5.4411146861775,6.58436914868476,5.26266991846793,8.09144474730588,6.03876155866186,6.14758795472967,4.28081275085243,7.15947317222395,8.56646596712276,6.64300540027273,6.43904056715929,8.78530965270142,6.59695325971823,6.00605680123051,6.72325476152808,5.33272760053341,7.59770461842811,4.97037225384282,5.06586628905351,6.99535112354255,7.48312765804602,6.08910961750768,6.42680854920909,6.253019345005,7.98420644351135,8.11012551810817,8.32328908058101,5.28037478983326,5.61169020048959,8.33559875090333,4.79449901584415,6.66346925822499,7.37070692996314,6.82418783261323,7.45151247524043,5.57643915521219,5.61832587636002,6.68146110655113,4.59124291478752,2.57248398047878,5.71187504889229,6.18792380395461,8.31102257180126,7.16011038368861,6.33983680431056,4.66345536407201,6.89348783174673,7.10622285217594,6.70706522034761,6.83113936696777,5.86183349725928,6.6391260286823,4.6490584162628,6.4402806580524,7.66055905212801,7.01622245871345,7.27105635597714,8.59093047505789,4.76277407859129,9.29608509550716,7.26005859453315,3.75777900640366,9.38378048230931,5.83134996819264,5.03213937185665,3.22581518410487,8.21370109271028,7.06437462876782,7.71132911046889,6.4937013482884,6.40241081110842,6.8856804685738,5.23939826986884,3.92616386417176,8.25462593501688,5.22242644632638,8.20930727110682,8.29438911482093,2.10676929782144,6.96987281459326,9.55839838111261,3.08498043246452,5.73060778382502,5.86786791370022,3.96659422857631,6.29195865240737,4.22281352088639,5.6140956638256,6.9654764324067,6.53260024917324,5.65814370656464,7.54294061543461,4.91795736936201,4.74405599554394,7.50720346692818,6.64375802272984,7.05562975446791
"9",7.10197678327438,7.2811685762954,5.76014378480722,5.22415822409186,6.44165165645066,5.16495481445859,8.13007333232321,5.73580574199474,5.97521777137401,3.99585093374546,7.24043627271366,8.41778295492754,6.62543352507154,6.11121020881021,8.80654749144141,6.5789786764837,5.90805005591185,6.64284677189077,5.19519747712539,7.46078406428088,4.73850112076439,4.9280489111636,7.07091040195871,7.25123188980118,5.80403469964297,6.34979714536609,5.88092513265147,7.90227291082752,8.05936264152863,8.20371228557668,5.12385605839509,5.32915200043829,8.35942371223533,4.58851186126611,6.49999717239654,7.20688768273443,6.56250616294549,7.30852453740992,5.32340605390853,5.44658952980209,6.50051705993383,4.37508677183111,2.44859083995135,5.43842543998817,6.09441344314651,8.05101581597577,6.85232211380178,6.17411276787334,4.27570256183071,6.91933429623441,7.06723311895386,6.535918710636,6.6777662702757,5.61816124325033,6.56485482886636,4.44655364034285,6.24253227475212,7.53948853704521,6.64856639507535,7.17545438543978,8.61671476620598,4.58753432212304,9.19291634113253,7.0285482913921,3.72128429766126,9.17771590311184,5.57977093271916,4.83217835082361,2.91067490342424,8.18784916980105,6.90028204208265,7.67595473932405,6.41838217904537,6.32588308602003,6.57035859182857,4.93867661353034,3.66195746780075,8.09375274191108,4.88163822694806,8.19200111349486,8.07018283706396,1.77917169954345,6.83941895809391,9.65776041097667,2.95489789124273,5.59162965042161,5.59123228746853,3.54344310304209,6.09818809610311,3.90935088042248,5.38610796437666,6.69389741464775,6.47961149497013,5.44160546947675,7.38341912591398,4.72606869130443,4.5201436267623,7.2240264583156,6.45677313626413,6.71477048012491
"10",6.91358477584119,7.15625412609694,5.34317420264943,5.11884762393815,6.27094496266678,5.10495048302226,7.88177007561964,5.58962748129067,5.70240342407556,3.78518327767465,7.3233543367381,8.42302387775973,6.51147785762472,5.828405365398,8.61106828279295,6.58383072859207,5.83903739007325,6.43540766831062,4.83048671629884,7.31415100122353,4.47597939660554,4.65346524042867,7.05589802487022,7.23016476094722,5.691166383939,6.31349207350259,5.67660678055107,7.89783419821857,7.84594347107831,8.07621136071987,4.96187923007596,5.23199687068225,8.31793728531561,4.38744849945586,6.39720096968363,6.9417363082702,6.62242005285183,7.15512610735,5.09662234032889,5.46118713222621,6.37118734202223,4.28496179513747,2.16294419681603,5.29810833423689,5.96582380036734,7.93164831816283,6.56644153531189,6.15338012148094,3.91052686149998,6.89658779935328,6.93701559185808,6.36876337725192,6.57014088114012,5.33178391200503,6.55355864670847,4.15969240405955,6.08798968587094,7.34043160608718,6.45483093445535,6.9352333505304,8.64909299847482,4.13385319385544,9.00694884440297,6.73650101347604,3.39645556620252,8.83605784663267,5.39634307378494,4.79890353231755,2.56413325883766,8.00708372258078,6.76271300948568,7.64340926763791,6.10732778612864,6.21502874573363,6.691319829357,4.81016693104237,3.43817363158195,7.90504603731539,4.75615004628568,8.02347164308246,7.86737482438951,1.33864158469589,6.68447212198216,9.62644089651976,2.6330273110263,5.36511299340107,5.31001430203961,3.10866558768435,5.75114711297738,3.603990007561,5.24165889299406,6.45952092699932,6.19229582952645,5.35898026993742,6.99414076291941,4.3609789061999,4.29635074653302,7.1609679163002,6.28345032642992,6.43821557773051
"11",6.80408192122919,7.03308452966553,5.30080569834891,5.08158862990637,5.90681563297459,4.99843942817645,7.68698517428625,5.22583206367877,5.46894106574412,3.66152836956019,7.11139417586887,8.42676958804853,6.04908487449506,5.65436142043633,8.47307704813652,6.35441228095954,5.52254706942974,6.31880435165369,4.67664778524364,7.18061973837446,4.28523238866463,4.40224554614478,6.98186306307659,6.98557517924934,5.60177009428407,6.24283217651147,5.17714505377111,7.76969740665966,7.56408000086753,7.76758883746644,4.73546123030083,4.97758017598191,8.22643800008895,4.01118057590055,6.16842746433807,6.60973251467699,6.3819197252044,7.03109790537621,4.82646274167722,5.30893955174784,6.11825423586971,4.01246579308863,1.99792072126625,5.02647640219584,5.82875609908278,7.77633897590987,6.48106628902785,5.93324452482651,3.64839051758293,6.62149384980056,6.64079607535067,6.19958837235179,6.48478921899443,5.10835919847876,6.41179658620041,4.02221577795657,5.92708068950208,7.30959818289742,6.27442945094813,6.69158692213676,8.56434058194867,3.65430604175524,8.89510442276112,6.71969836220278,3.06879463442397,8.61445633311712,5.34071250303838,4.37103311345003,2.27368149496954,7.86298816781002,6.72488680180607,7.43628712972803,5.83475274381189,6.01078326884537,6.55708021354863,4.5719852910157,3.1087367146294,7.82276898255759,4.47269087011039,7.76830482555978,7.69990407619756,1.01830840386757,6.63170947699266,9.58340066123687,2.30679464329585,5.04737669671241,5.05936866252652,2.85871823072325,5.5630140984875,3.39488987096555,4.98249042751241,6.14668090884876,5.9599795046447,5.005528495203,6.86871227089075,4.19008811630855,4.0848461854853,7.10138993877247,6.14029471987708,6.33807868270244
"12",4.5328547679423,4.54489460297511,4.45148098709935,4.44453655095352,4.49325938481991,4.43167740434114,4.56715060254202,4.45492684449863,4.45589901524331,4.37859062071715,4.54424419522556,4.60970095452419,4.49361246500536,4.47242696291963,4.60285379091401,4.50503128117549,4.46553821608392,4.50427788510191,4.42592581441045,4.54831680016805,4.40117503181877,4.41370592298862,4.54599334432824,4.53397879203029,4.4646046931412,4.49940367244512,4.44768277079028,4.57987774897357,4.55257358562047,4.57353756159053,4.41915800155358,4.44052089768163,4.60201987754654,4.39118256164043,4.48930426574384,4.52239589051992,4.50948718566152,4.54336086157632,4.43650217798634,4.45470525008656,4.48718244751315,4.38681260708355,4.29276421865715,4.43204554881597,4.47703237439786,4.56972749729522,4.5021507882641,4.48447658424106,4.37644893125411,4.51777590161314,4.52356629372544,4.48991908685413,4.51562255989313,4.43352014167683,4.51653512581628,4.39551533476472,4.48566272927448,4.54479582920303,4.49669426535387,4.51594729609098,4.62359204796371,4.37857504940176,4.6302017391474,4.51984312029509,4.33715151579478,4.61406409271561,4.45560763522462,4.40688353609451,4.31448839483954,4.59326111509685,4.53085024617311,4.55775861594725,4.48306141126274,4.48276125863298,4.51144466578577,4.41599248987933,4.34907349104874,4.58519262083448,4.42443251786619,4.57239232240212,4.57087278247718,4.24494988717891,4.51926479045041,4.66850184063885,4.29785364835941,4.44693727461299,4.44492073150154,4.32635423672562,4.47038741451763,4.36217016961088,4.43348005180207,4.49252086042963,4.49675977619054,4.43686395172874,4.53265912931128,4.40625441138259,4.39442382839844,4.54172698721066,4.50487276260836,4.50354277869697
"13",4.32700581730451,4.4233432327924,3.85534356292112,3.97951413680203,3.82620652121585,3.81862261044007,3.93920324328291,3.91639766103246,3.74062275817818,3.9994347052001,4.50919765140099,4.13748575168261,3.86106374852644,4.1242239778801,4.06779809186281,4.14563503333104,3.99099221704065,4.04366760540602,3.79812155457201,4.21179982574603,3.96209062123092,3.97740483366144,4.20734498989143,4.37302335557766,4.11952255504303,4.20407215255449,3.87113098330533,3.9222380747968,4.19795251753398,4.35558079779134,3.96820522379211,3.88863779692936,4.44759003738337,3.79761029957123,4.06160371778256,4.0841920412211,4.17563185963723,4.05119958792465,3.84825270356207,4.03635721430716,4.01553349508712,4.01647635605536,3.84052821913596,3.92323818586539,3.9102296886501,4.00658187664431,4.21466772410196,4.04115580503147,3.77296241067383,3.92400823189105,3.97302979393416,3.97765245319549,4.20148453234005,3.87476224272599,3.98585377218515,3.95359466289866,3.95138672961342,3.94998577226272,4.09531429758173,4.13243847577187,4.13109966833666,3.92730691682709,3.98662360721849,3.89523854254406,3.79844549539029,4.4313494427832,3.85325816426569,3.9635366175491,3.86826743118781,3.96588613237893,4.09320128502091,3.9678968668393,3.92576574080873,3.93857735324622,3.93673983432298,3.9479628194452,3.74789766754697,3.72492326119357,4.16532130277052,4.09338159929451,3.88139959777996,3.92141980210206,3.98907320294975,4.24970421657997,4.0242400216431,3.73179519421124,3.9936927716612,3.71021375124534,4.02167893211454,3.87557042546136,4.21432247493218,3.81988777763103,3.7429705381679,3.72781852334419,4.31221331159293,3.88651939969411,3.96394958218256,3.80242946219034,4.23095122954575,3.76321133780272
"14",4.32754767528974,4.45118866978485,3.64337046253671,3.81725618519538,3.42966168946078,3.33844855734264,3.7196649779746,3.84604359274491,3.51654613183309,4.09302125159975,4.35339334049286,3.82329203273196,3.52791704452919,3.59296081292721,3.95307025940414,4.04151888863971,3.65323800520792,3.74147674720132,3.50669934062568,3.89488679493731,3.70944310264083,3.78885771778048,3.55990427934689,4.09626702443634,4.13413196479329,3.88648770998179,3.46810734725342,3.70068776394969,4.3185610711851,4.70300980799412,3.77358131166719,3.79826310942756,4.37371185279305,3.54272416609221,4.00328069826314,3.85412866037892,4.07665460395947,3.73918015055027,3.74928452461141,4.11784389254095,4.25132519630841,3.87702233729943,3.73912969140546,3.82164708831737,3.56105050598923,3.75825879710241,4.32198559702054,3.89163373766962,3.42263497250584,3.98540958835723,3.90230582357017,3.77068262846718,4.15354843063875,3.69101062866335,3.92928186267874,3.58930019001839,3.921359826946,3.87261090358969,4.13390654584211,4.24995779167077,3.95786612977192,3.73736559380164,3.73437459061173,3.88364235052159,3.69974461474427,4.30642326923478,3.68221950390692,3.65013574588472,3.89715804121195,3.92642688627529,3.92138364738449,3.69621982883266,3.51356741954514,3.40112786931537,3.86373992381437,3.83662596124353,3.404055127663,3.21956867818986,3.86155294607127,3.73096392117614,3.56350525498775,3.50931744966715,4.15561446058403,3.97732078131319,3.93196516640855,3.25091554865427,3.87316221781192,3.00470053867964,4.05491545365857,3.85508367290993,4.34628064503458,3.63575472246924,3.3936568267084,3.46148277554095,4.30429369461616,3.6855837733992,3.54882859539853,3.35127685034241,4.26648907776811,3.72721303671923
"15",4.92101823349807,5.0669849177821,4.48257160217245,4.66887461784833,4.44241537588467,4.41549748282343,4.60168209958669,4.81339593716716,4.52993415592514,4.82914640851468,4.93950291486069,4.6504241156814,4.51654517535683,4.60125600745984,4.69265044891591,4.62967810070097,4.70287261518925,4.71657271699976,4.52937655907354,4.6733136056081,4.52263507076094,4.61886249971202,4.40073823314757,4.91952175312001,4.895206957399,4.74056637970645,4.53813892033452,4.62631455719339,4.93107584647458,5.2059725543526,4.64350096409252,4.55808729398844,5.01856182406797,4.44360052278213,4.82480935874579,4.81717993389994,4.83152622555468,4.64997367789573,4.73251533526914,4.79381744376782,4.94178565274522,4.7798474268898,4.80847312583058,4.65990358419163,4.59936636375383,4.74983883466618,4.99208006390994,4.77219125955851,4.45818680110546,4.86612496343421,4.73357065202156,4.72995597958582,4.64852720132506,4.65035306431616,4.73302985728385,4.56015527419995,4.76266671019628,4.75143663611467,4.64626427735615,4.75583354466821,4.66258301107705,4.77380874437074,4.66822605744112,4.75598182163931,4.61181962453988,5.029546726005,4.6291054567598,4.64526167334932,4.87883962232181,4.73908429703113,4.70812757243822,4.63197534092629,4.46857962554275,4.45198028882846,4.585655324241,4.79593968696265,4.33091875668664,4.39566022023293,4.71465774421521,4.52091269704646,4.47642995773002,4.59044966458998,4.7153593332046,4.94812760083178,4.72611095804348,4.32497100798011,4.66263896361004,4.15265031357589,4.81988783673364,4.87200413534395,4.94112145469912,4.75905608203364,4.39214099948508,4.53255942085041,4.88197055277875,4.64521209455681,4.62766743312711,4.20880320566931,4.90996476364446,4.49343705128435
"16",4.77407963443952,5.21875525275063,4.44233815327241,4.68370643634052,4.518359896638,4.28643257968905,4.57013428622407,4.84211774119553,4.68075237252394,4.44158958910152,4.88028442708841,4.59310768080027,4.33855444237361,4.14998344361645,5.02251179283462,4.31626659759664,4.88563356948771,4.59238862892242,4.42316310399414,4.48504107758486,4.32322655211928,4.4798327080822,4.08715474529003,4.96846290609569,4.66843091250743,4.82109642450852,4.72490387234254,4.6077689311215,5.15373980572668,5.07848664510708,4.38656923003535,4.55965238311359,4.95103921030272,4.37959390130548,4.75964476804991,4.56373410693798,4.91558487246659,4.90220008266791,4.51091243763778,4.48574867484915,4.96584589297742,4.46910448930267,4.75289803874368,4.6053685290096,4.59140910328217,4.64510801671268,4.91832392318828,4.57155987327409,4.2160477474116,4.64600840600097,4.80924142151608,4.58782000655488,4.64399881490392,4.70556957437993,4.85186851845067,4.40406719636949,4.68906181385612,4.57947494515333,4.77383760721488,4.8387140324181,4.63159588026623,4.52241553878377,4.67260071756009,4.87618080347356,4.61130227060001,5.35006502253192,4.43275481584745,4.69842411602826,4.87637649821187,4.780982648263,4.85504565616028,4.52079390615076,4.27866829488659,4.38965422883501,4.76559380578234,4.66805289814754,4.40950000510356,4.24103041285968,4.91422992612166,4.64251911208582,4.0387831421894,4.47841152414378,4.70476219308951,4.9075819226569,4.56458950579418,4.24481719361066,4.70483531989776,4.01402077958881,4.76547618712545,4.56787630965365,4.87905698442915,4.87593205892701,4.18459489635684,4.29928788538894,4.73176279214873,4.57371468962419,4.57579600035702,3.65286677546605,4.73784369950801,4.25774998795689
"17",4.69017546502276,5.30433952489571,4.58412385929451,4.56292941588319,4.57584432394266,4.00788220227204,4.32027092906466,4.61522705819646,4.76469440337929,4.44351582479224,4.6896913430425,4.64457652763412,4.39367671467349,3.94913392837915,5.02109182537573,4.33812443139898,4.68505558293932,4.53288884870563,4.68626345484459,4.33613682911111,4.16123459823397,4.43711400702619,4.02773009411421,4.98660578876576,4.9457346047873,4.3294595442298,4.72789833324269,4.43111208044711,5.32651500968045,5.2414753013886,4.50129007030327,4.22917624507535,4.63236972409519,4.08377658101046,4.8066363351594,4.68446582547217,4.88207067527125,5.11461095649365,4.1842605617576,4.24504328320547,5.00149854127943,4.30807350071933,4.63407534055099,4.53782930054502,4.66125369702415,4.45928015269798,4.92204020721518,4.4917585181613,4.0159147649492,4.68318034143907,4.96087909036619,4.63799280566238,4.70012826107779,4.63135712044789,4.89556958295798,4.22752236562116,4.74216333089818,4.44621702207238,4.629611476882,4.55696729010342,4.42143778697621,4.88107176409477,4.54313889692482,4.70421700076567,4.74747926646746,5.29576244423219,4.48137665248726,4.68117692503184,4.83465597237272,4.78516329655555,4.6299749077701,4.38038553750286,4.46243202100726,4.27297800842288,5.18774779754098,4.6319761750476,4.70003348866752,3.95836737502564,4.98715784789177,4.55895170072945,3.83170583038067,4.52647416231347,4.38639635863637,4.99909002125318,4.44229572089093,4.2231439632795,4.80868410638852,4.02453920219346,4.76627709043392,4.46854079797143,4.99243833496848,4.97082111610891,4.01201617104078,4.05498627720288,4.82451567383734,4.59228455252412,4.89305006141947,3.74874832574961,4.73774118523477,4.32470650020576
"18",4.4307658982383,5.12886273850237,4.80094269671573,4.52777132895447,4.76440964477072,3.90432828621464,4.06848885584031,4.72843021863391,4.80837187463164,4.31200818845433,4.79421907168876,4.59026770723436,4.47719369362226,3.81368057709063,5.04217593893235,4.30942123521803,4.45816811249118,4.33562957926817,4.81776201422856,4.40291209413868,4.24444226530734,4.19778715969856,4.16966142381953,4.78030760019838,4.96253207544144,3.97221722366984,4.85080717985874,4.21969146588442,5.46999138840814,5.51444426100834,4.63490349147909,3.80372948777036,4.48707028181858,3.74809510868562,4.76458910515885,4.53059148646918,4.95766994092553,5.06314901477295,4.16370368877741,3.92414215803244,5.20867094176988,4.23756609468718,4.25249973463927,4.68646491535321,4.38227805769294,4.43853852530452,4.93147281802528,4.69228685415094,3.91084481263293,4.86503741024705,5.01974774177029,4.67973692399688,4.51785828544993,4.66667064734132,4.78718391733804,4.17517840076055,4.3885039094188,4.39309022602171,4.54600068550511,4.45639295114585,4.42875630732091,4.86716851651191,4.61851792981887,4.76351261564498,4.62119836380827,5.54643143294245,4.69608909575409,4.81041956011569,5.10237103414341,4.6961185880227,4.89103549076148,4.40589074907171,4.47721403342396,4.22424966734425,5.2113192096867,4.63808732981851,4.86183327738423,4.01571645650483,5.26562413446537,4.40578592794339,3.5934235735661,4.40887952858752,4.31255804365263,4.94284917287288,4.20940833061752,3.8915525642677,4.61152237202768,3.87387269757841,4.56291910422281,4.70740688904733,4.91235756918858,4.7549483735719,3.95934243505018,3.87373567503788,4.77772048101283,4.74934278903257,4.75403870788824,3.34957208442473,4.56554575276615,4.27932137071989
"19",4.98587145878191,5.35692099379938,5.07417284120043,4.99790897640233,5.15920418301161,4.90816773298744,5.00324388972156,5.23607330264823,5.15342466109728,4.93665044651854,5.18599959714032,5.0811976632342,5.0539665591746,4.72727782147482,5.27986098410376,4.98899361549515,5.00723148343526,4.94427795773735,5.26095206421317,5.0940638546928,5.03622773786494,4.86034619700716,4.90195712497831,5.22258005685533,5.19351337663359,4.94152701944493,5.17955380725703,4.84506445670374,5.47295549031378,5.53551663382577,5.13166326569233,4.82875221071434,5.14010890710516,4.73971253716391,5.1606269614783,5.13904065760078,5.13499452482624,5.32430513526773,5.00687521230961,4.74748503978613,5.392725574104,4.85761211702917,4.96165689419606,5.23750093827044,4.98745812109578,5.07143020133219,5.29428220990699,5.18448334714828,4.87366989822661,5.31637094800565,5.22933939142518,5.16581403842851,5.01792499947827,5.12431929591474,5.21675977345091,4.9650683120896,5.01161075108746,5.11875505546726,5.12595208985543,5.14650883341441,5.00796401232765,5.15484396245215,5.0804888604119,5.1689493871798,5.15880668325619,5.5406166721671,5.14528235313203,5.19883031998858,5.2930538672945,5.18239044098513,5.22677032131757,5.03211084547505,5.1658069862047,4.97349765498571,5.33056186078199,5.15437729113897,5.30697920827332,4.78761600105132,5.37212681023352,5.02515869132524,4.73152683339586,5.11715482439734,5.01616654781586,5.2278151965958,4.94188115619088,4.78629583871876,5.07355441173789,4.81324859091313,4.96967686048178,5.14045899806709,5.23651081206198,5.08974312281119,4.83424569507529,4.81129120635407,5.16505865044096,5.19704357611607,5.19875639355114,4.63419488747011,5.04059333103265,4.90513336156094
"20",4.88935742874001,5.42347239908939,4.89561300045868,5.22973872681005,5.3088363331523,4.74677275173204,4.91333288763018,5.09140338576319,5.01089156462611,4.83754657242004,4.94982403083203,5.0971465213684,5.10900576461644,4.82365474930267,5.09067340143805,5.23572010106314,4.92780612772249,5.09589244929117,5.46694974746112,5.29651786588007,5.07075403010732,4.79568751063378,4.80625859087583,5.31045220396565,5.42341915356893,4.71370923869557,5.1624486668957,5.03347363976512,5.24230522406052,5.66819776468574,5.68993395408301,4.95866955998178,5.30419449853296,4.68048529310937,5.23807368058406,4.9419540280265,5.24778117445808,5.11196754043719,4.96568989373426,4.68477938081993,5.84391013653591,4.99443249980287,5.40989905475384,5.62476893432151,4.90258547415393,5.10404532021201,5.29464571367617,5.26968006099698,4.79241227020076,5.36707202007513,5.26165428987024,5.35466553754044,4.91865255659586,5.2582457767986,5.1346662259352,4.93090810974759,5.34343495620307,4.80278187606993,4.90544982122615,5.29793478389865,5.16565165963703,5.17136283106851,4.90619993476405,4.92105999552826,5.26081356710921,5.72887861590778,4.90031364195988,5.12580094505878,5.06575936556209,5.18195810623221,5.30421047548913,5.29557468927312,5.16489664728009,4.61386859280976,5.03164011553527,5.13730795632022,5.70214099018934,4.69254753355302,5.30596928573431,4.88884352430809,5.0402975883029,5.22727170586542,4.92340371107675,5.34158790997669,4.85768484207958,4.75522086020719,5.12547225788029,4.97668628410265,4.92303163408454,5.14946304337188,5.10339483459174,4.97715858285392,4.67580902333683,4.99008933484477,5.40160496746354,5.3584408610992,5.04408474120485,4.42008620178436,5.18533898995891,4.63937800517274
"21",4.85831375302932,5.40484222769099,5.06683433256605,5.366230278699,5.2926436864652,4.7333227641813,4.72945739037141,5.06539611501562,4.8881231783675,4.58652876144363,5.03435221108545,5.04642318974861,5.06672979385236,5.03305642157217,5.11182369549003,4.98561602990517,4.64908889652599,5.14098142443188,5.45940391855438,5.25288624712536,4.77570602369005,5.07842724731399,4.76711779591236,5.28200418904504,5.62920783922488,4.59328275567313,5.05531322953243,5.0867789929274,5.17571514877206,6.02827836478214,5.62284449736047,4.85831141250172,5.23626098001096,4.84755615427968,5.41581142427168,4.97655625453424,5.29752916482501,4.98019612750026,4.95662029719402,4.57462776934642,5.76941388907824,4.98137202133416,5.32644534708877,5.79115321801636,4.78830995529659,5.28956030076626,5.05984253160685,5.10515345376042,4.83558623541802,5.40834288095582,5.37697170310435,5.23708732681844,4.87365222302923,5.32226804043101,4.86110264858002,4.80721728488632,5.59543984300547,4.61098627538053,4.73204857580804,5.48249822020806,5.13594324550047,5.25633201182163,5.02636452768118,5.01673645208593,5.25987437623723,5.67782841418435,4.7873243004753,5.23244549731724,5.10244041760009,5.07882775807962,5.36961730250569,5.41555541869037,4.94608738911151,4.76562378377165,5.17097726138976,5.15954888957105,6.07647404141889,4.45981578389711,5.44744080179503,4.42440697013092,5.33623960987337,5.41732128388481,4.93580821698447,5.60319732718526,4.80468862591817,4.85301118137625,5.2660421373345,5.03296586128557,4.90595517142975,4.82943859394301,5.22882565822029,4.90628304901813,4.71475672168164,4.67702006090092,5.65940859970559,4.98816565506605,5.07332636277312,4.18328683563803,5.1259303825635,4.64185925071268
"22",5.1079477371859,5.48896597304362,5.06651770173069,5.20976870313096,5.40095160921865,4.5731863274236,4.64507524930086,4.97312067710244,4.80275148605042,4.69406598541477,5.13112549779358,4.94889581328285,5.11948764480999,5.03494569575417,5.12788566984414,4.81136661145631,4.71993510592879,5.19553704235437,5.53571256757164,5.22072829162649,4.75062365512798,5.0809639846244,4.76328815699055,5.38885989340487,5.56593604521576,4.52147166468771,4.97210736535049,5.03290171930134,5.18793986835993,6.13737655084299,5.64447141803347,4.85978050153785,5.23363812016006,4.75610724931443,5.17469488085605,5.06082171963045,5.31951275302453,4.96044771066401,4.94456995818879,4.45200412410869,5.71158738117065,4.75413605804663,5.2867453096364,5.94791566519914,4.87686122327875,5.3219831992428,4.90934141275657,5.03232096008914,4.96122396642458,5.12704916506559,5.35799838432385,5.378120162385,4.60895537454453,5.46287470605452,4.75547069888734,4.8129222684284,5.64100012693427,4.75917303154796,4.82933963268356,5.4903561867432,5.22879249445945,5.44989854102071,4.96134939061027,4.76392307742129,5.12524822722795,5.77748713625298,4.88244528206662,4.83014705775891,5.08547222260639,4.95680694727109,5.25329461300575,5.26524387205887,4.88189559763129,4.7149791134834,5.20135828889316,5.27176534197955,5.86331602738025,4.33557731773728,5.50902303951838,4.5066356141199,5.2488690617655,5.44964094257684,4.97998480509099,5.8084013778887,4.70370247114788,4.63125111841184,5.16459672670672,4.91047425745861,4.70193601233178,4.66524848456416,5.42003908670458,4.75719788520025,4.27106318230399,4.54980728870545,5.75560452039113,5.03441681883677,5.06050727960009,4.17139635752153,5.32209766968238,4.32105973154567
"23",4.91790005815097,5.60721272339814,5.22485966340914,5.14995138077109,5.37869258337802,4.72278932002564,4.55727143426653,5.07223737503724,4.7409307629816,4.77842867356279,5.09644907241755,4.95788264202378,5.24661027619534,4.70489525589653,5.06058196708234,4.5380680772605,4.90872334669091,5.21766999213094,5.50119798363523,5.30361841754869,4.55784937405593,4.98910060906704,4.76701411504082,5.40633246430578,5.48785591467256,4.52862982820701,5.2367353192494,5.24886569664558,5.40370522053899,6.39442662336802,5.70173353451007,4.80520934763778,5.3697696981907,4.84412548962636,5.27727211908287,5.09351101026797,5.4337774979882,5.12239007703445,4.83588599588941,4.54881701446709,5.64926178522814,4.71917694069811,5.23631001153903,6.00862913739966,4.7010027164884,5.32013260022764,4.52371135592441,4.92088635589624,5.07102200122385,5.05249525316673,5.3568369514133,5.51075880082694,4.90849574578103,5.74629238847983,4.56630567704662,4.78331458038407,5.81759184432936,4.77988806827114,4.91252185834885,5.26404727496366,5.15903989112685,5.6345266740988,5.01193732921537,4.69664908391343,5.3406053717241,5.67374673429612,4.88715661375376,4.96416135482436,5.16545051807225,5.0668408723437,5.47970740610838,5.57287081787165,5.07029396746406,4.92667601754319,5.20643317015014,5.35019365081727,5.86213513288412,4.25344628769624,5.68876772154567,4.48809598506551,5.49650154523425,5.39271404500481,4.93942198422284,5.856815723398,4.54232611965613,4.66383325690182,5.32101236587929,4.77967520313442,4.47282331302452,4.65316861450067,5.4114287794175,4.89935920810209,4.29744738135332,4.52532588879206,6.1296228368199,4.94500582295485,5.32803781297642,4.0437155978841,5.43433152402217,3.96741280232425
"24",4.97329613077244,5.51426424419251,5.26016595957972,4.79763318913604,5.57921854442793,4.66012419526295,4.30518065223006,5.14419538352631,4.45400759053682,4.95483314553599,5.29656414165118,4.85715553093307,5.41255372207635,4.80672638370346,4.98365470620039,4.32280134447652,4.94612569541345,5.26435559326307,5.89643195474516,5.08255109502203,4.61216298248132,4.96436604554717,4.54633072516831,5.36689765392248,5.42376979539839,4.70813507896831,5.25587707333029,5.21999837008665,5.51988100444557,6.28752584297739,5.64543426360272,4.89428803946916,5.37697641242423,4.90517251630731,5.56925311124074,4.70788473304421,5.43760708151578,5.09313534683174,4.86732507345862,4.56973502940705,5.36106019192061,4.69257463228699,5.22607933553806,5.89282030479245,4.80082566080339,5.13035236865757,4.4862291913083,4.78034529070402,5.04883345547073,5.13781942959021,5.07587099661488,5.79965830892922,4.89916444145069,5.7074129313222,4.43302198192505,5.12956738383507,6.01354563006053,4.96508421194162,4.57158657371738,5.11023047146484,5.01125535070525,5.53194914435802,5.06320322924083,4.58774417919286,5.4887122812657,5.4046137718324,4.91013009142348,4.87663983025011,5.37198010412414,4.82279648558447,5.5220817001211,5.58234693861887,5.26526666800491,4.90230346736184,5.37664297608141,5.640546919759,5.52649607824475,4.05790005252977,5.60096406095611,4.62533985578111,5.31944384286615,5.57008559228574,4.87191143112607,5.76635114951889,4.54610055514479,4.63833546332804,5.39071816729393,4.99837253637155,4.41344298830204,4.77259222914888,5.41841975425699,4.98990192749545,4.20215730132729,4.45655657843865,5.90766994450463,4.99577606793611,5.54139379344825,3.73792228579622,5.15843732471158,3.81556636337024
"25",4.87692662022318,5.53461082738502,5.32446253694356,4.98651570257257,5.48417530166971,4.43315821073017,4.39349999335741,4.93818086615197,4.39551193027795,4.96122135790233,5.41106918831926,4.9933575859969,5.32090402872972,4.81646587195271,5.00487057655677,4.117867592464,4.66474609179096,5.27786993008938,5.91106851878757,5.14329324154842,4.57506420836519,4.99326451255882,4.434131926143,5.39341943117547,5.53995113107846,4.55569228075215,5.34858417048119,5.32695250446171,5.58142370206008,6.38163647834615,5.80344647447252,4.57610329141634,5.32661691133473,4.92819832111205,5.65665014917803,4.56282621442286,5.45605301956179,5.15424567667394,4.81696646317149,4.65213142506915,5.27791738477744,4.50594126331161,5.10606003173021,5.8215510934875,4.9202412720148,5.32589626838879,4.39944049648555,4.47494617519035,5.02189983788421,5.25183315474552,4.97325721398413,5.68917102916513,4.97734917624517,5.615431080998,4.30927329541231,5.05520377053425,5.90022372605691,5.13136488880356,4.41370686379619,5.00816887247296,5.01694685255115,5.70621091677682,5.04471738417059,4.56301656955259,5.75140030547733,5.82013452924576,4.88783410624203,5.14301040272736,5.38578268790515,4.64014689224908,5.1908238952329,5.58368347995319,5.1405742966987,4.55248933527309,5.42003675148325,6.05239707247337,5.20764467324144,4.36411561917881,5.75614604008708,4.56830130706788,5.5398240097492,5.75256781013588,4.66548272145151,5.749057420137,4.56061890465153,4.68281085259475,5.4692770905592,5.04584228261418,3.98664023034213,4.43217378385695,5.40494947246788,5.18871833403793,4.52728340204475,4.55628453890705,6.0237349880452,4.76650794942584,5.49102960682365,3.64180375862138,5.05432986163451,3.64294776991618
"26",5.01175556856089,5.21393846745187,5.18701430752988,4.95704526104245,5.13706433397121,4.86798675341895,4.85788284190843,4.93107321750588,4.78594028403099,4.9397906017585,5.11290716341178,4.92169425705873,5.0572137240665,4.97795859771536,4.87990585988977,4.75454270255412,4.90818101167523,5.06594353835615,5.16811066135661,5.0167947072128,4.86057299455764,4.97734310331566,4.82271535160427,5.14857418826097,5.13792834751178,4.8705738846432,5.207910098345,5.12102212325406,5.18082786332794,5.46592196679028,5.2079856993524,4.92863597746277,5.14419958686177,4.96710475212624,5.25948170796356,4.83034886343316,5.15125454867939,5.06843810350236,5.028476697094,4.88291716493451,5.07019078957713,4.78558448740868,5.06594551132278,5.33518911717499,4.9718436104158,5.15366330026033,4.73072715069643,4.87538765473846,4.99888197117272,5.07517690769276,4.99543777772588,5.20534608996009,4.9608612516755,5.30982893192164,4.81792842550137,5.00521630478156,5.25751936707505,5.06364805781751,4.85516984517328,4.97028571481218,5.00984184283996,5.26722581604415,4.98419616871127,4.92551572055949,5.34217193491315,5.29272196161136,4.9668484414434,5.08655924112628,5.13775734281219,4.91935073987812,5.03344053412517,5.10148331438228,5.05369265568253,4.86748767644095,5.17447630857112,5.29814237259655,5.03665647319606,4.78556216835142,5.23313212719342,4.82491853931374,5.19201280938527,5.25993895193429,4.93293857432232,5.23309206648093,4.93259839567771,4.8758977064239,5.06066788303913,5.06948704531064,4.69293097316358,4.8809879080868,5.09639244367008,5.10539773570189,4.804625953567,4.84725453259296,5.36335445625691,4.94904720361224,5.17521877828074,4.58286411920386,4.97728319822323,4.62780716915887
"27",4.932304528221,4.99030585583862,4.9760940135452,5.07505594335864,5.27053565737325,5.02269493973311,4.97082881633261,4.85559005765448,4.71316903555455,4.97003939510014,4.92147294501339,4.80756384973841,5.05135747616973,4.79079512499604,4.92738190268675,4.71866009206824,5.00559400622287,5.01020799216143,5.25497545618662,4.94071380962721,5.03467736156203,5.02142904982833,4.92872002945567,5.13230720648876,5.27994060127262,5.07266141820609,5.04058183409453,4.86980865834406,5.19824327567066,5.34292990971131,5.0578332615136,4.66422077053026,4.93655162527729,5.07083754772416,5.18515885757406,4.96505430162147,5.12850815479064,5.0731886824006,4.76083078820964,4.865437447608,5.02623185118605,4.98528640681371,4.97982842448803,5.3175990964215,5.05059413293567,5.19443793901971,4.8060146765146,4.78916863540252,5.20799173473629,5.01297781341775,4.99702787953252,5.2487065055304,4.98823229846676,5.20086382351263,4.88440627941743,4.97128718097109,5.19380523079107,5.15077559133273,4.96246306372251,5.09272928533897,4.91821007622033,5.17254032291015,4.98262286177478,4.93818910971833,5.28974813422388,5.20329077921194,4.73518855872883,5.03430656630494,5.24340132726732,4.90354468715153,4.94531304258787,5.28747066361942,4.96976581869734,4.82899803470892,5.12704678732189,4.88204054369195,4.93100713443337,4.83398089014514,5.01983746617759,4.99642462950782,5.21629450428863,5.14099360588018,5.07642932116437,5.28332007718674,5.03795617671352,5.06229360067835,5.11448133958546,5.11670498878733,4.49885342791176,4.92782461259103,5.07199017902701,5.02272759225718,5.03622671570714,4.74074984683049,5.13528989873361,5.10831130828837,5.36226999046903,4.51041329617181,5.08812272739578,4.83304475798188
"28",5.3072248456083,5.42308569417039,5.62656438153183,5.42248592076048,5.60034693321626,5.45028949864126,5.21177245705512,5.2840840503366,5.21083750909725,5.21949378108207,5.14697448398492,5.13497917885298,5.1869333357198,5.15740008749602,5.06606903028835,4.81873970818257,4.96239411789667,5.39867303080264,5.29959829204328,5.1156264903921,5.16705625076064,5.37410379737938,5.21650470986391,5.42507759477437,5.67190311968158,5.46039600623028,5.51789195544776,5.03233807537928,5.65707892079689,5.90348428699632,5.69268348897932,5.35076870791974,5.3353324112962,5.17041395317909,5.46467597443125,5.14268966204278,5.93452990603918,5.19324577088549,5.29704314543673,4.86288103981135,5.53764657219373,5.09956224828848,5.5094095820271,5.35943272685188,5.54971192723415,5.25048947093954,5.23538858908134,5.01429244562714,5.12902497522144,5.37685284965478,5.16493991100912,5.35716060982245,4.86292016448624,5.98800704101684,5.08679338365436,5.19808563535769,5.20352347559422,5.44348994564678,5.26739704419801,5.15694581345424,4.98220856504344,5.64040634685298,5.20383410634114,5.26827701250942,5.23180330122344,5.42302907844794,4.99162472147903,5.48761940583222,6.07666118848504,5.07325441388734,5.10970218020147,6.05889282894864,5.19144051454918,5.59241031780607,5.38684590639027,5.05646056489887,5.08649878903466,4.95185535077683,5.36642846422732,5.11607094637064,5.44723925562532,5.23036727673781,5.38635755644004,5.60785093588474,5.07665745135339,5.21079092303372,5.23250892686235,5.45288254631295,4.49158445837461,5.14377527751203,5.39494216581031,5.13120044143671,5.36997475576198,5.15634362134699,5.41067869016756,5.74642842093206,5.35412014944421,4.70476724170996,5.40182786706194,5.35350581334862
"29",5.61110760938328,5.88723266132717,5.81815707598544,5.58572579852086,5.66090758769411,5.13625523480698,5.38207482677396,5.65151956005894,5.25126661241357,5.68856173713049,5.51733324045395,5.24193646808916,5.4114972203559,5.22452843726967,5.07415951186546,5.53123381142215,5.40182573672424,5.63883415109318,5.51425813578852,5.64119388396282,5.57449757152627,5.69229685091605,5.70728179538695,5.737604714772,6.15453092441403,5.78606515431773,5.95787609357568,5.08590641735038,6.01107636382594,6.18952616705394,6.05522182439565,5.45494683876961,5.45070785749574,5.37463688951935,5.91170705442495,5.32569377216826,6.01338602169308,5.76168639771436,5.599149809392,5.35597903179985,5.51480966164801,5.2807203066789,5.72465790949251,5.87831371646548,6.03774880195657,5.03920980808017,5.22511412886732,5.04998860809601,5.5885877807014,5.56852629799404,5.80367372674598,5.88504649274428,5.25138757362348,6.41102602906292,5.361882872636,5.41751579496527,5.4783340671568,6.1427975934901,5.35875598429696,5.30207024110469,4.97862956275893,5.48442279067645,5.35560491939706,5.62124285638901,5.868134110863,5.61910962153184,5.3090300743377,5.62786569691566,6.12513246624276,5.26193154549775,5.11255093613469,6.2457558816495,5.44514036311237,5.99552797031196,5.65385304057687,5.08895894249732,5.17833343812288,5.40588336496716,5.77191724243455,5.36617611270262,5.53463173520752,5.72274931890589,5.89971590462541,6.0789920729755,5.43345271592753,5.69505746835286,5.58873300551056,5.82373160747815,4.49102798740679,5.15993798934062,5.07066168110533,5.4616340770626,5.78822130458557,5.36041006014517,6.04882783488098,5.93644586800551,5.62303034616085,4.9902745447557,5.51181173753629,5.35907382345052
"30",5.97414811601046,6.34018345255157,5.90133911447055,6.0443268038041,5.77153635273368,5.56164977281169,5.87344868883632,6.33484028868405,5.52816548092724,5.59070157718082,5.64174502256716,5.3968612372127,5.79199698174495,5.55756768500009,4.78678552521105,5.93273072591362,6.02112946093465,6.05581806385411,5.79664285647184,6.33763482461334,5.54763182973136,5.84512086493253,6.23931271743155,5.69273185378244,6.36945527724293,5.89855712873156,6.40198117512543,5.30116777785435,6.38063448303125,6.94842681589957,6.32749658970942,5.894619694752,6.12291248533302,5.63347974669382,6.24871897074182,5.48785062730309,6.33802425808074,5.9237963133984,5.67158871019055,5.75897281163924,6.09164702392619,5.44713318792121,6.10195800870263,6.04817562642039,6.11082237900485,5.29938215277396,5.35925644418121,5.49752245695017,5.64253443317715,5.75003960987968,5.76791791746196,6.24296672007936,5.42267447083758,6.61300509498079,5.64046199917041,5.55163669109777,6.03154445354745,6.21609474744918,5.68745176526673,5.27029739357266,5.1380950797515,5.75812854205371,5.73415429786775,5.76137236380988,6.09710159599867,5.74205766850528,5.91158129867409,5.70174568525637,6.2359220977705,5.77789800471125,5.31627068426301,6.40353195396445,5.65114011104499,6.66916048562546,5.52138073661193,5.30250504779503,5.60747031346838,5.52297080928187,6.2260968534436,5.62723291773661,5.85183109362199,6.19280458457107,6.46892201550531,6.67839151311437,5.82529218929341,5.97040526416035,6.16252809435259,5.98423788188008,4.91113420145273,5.59399542862994,4.97696297899922,5.76223749861021,5.89330776717545,5.63603354493734,6.57415745214566,6.0594205705573,5.8361236248246,5.25748638748124,5.97790690332199,5.53435173449787
"31",6.5837379413183,6.63759079439789,6.06701598358478,6.4170484748563,6.07496062514992,5.79532758269187,6.20931175421306,6.82190730694151,6.03531003262509,5.87386704388194,5.91917808543021,5.64528839163596,6.28130198057222,5.82299722875868,5.06571964670786,6.2553254609717,6.28967336410677,6.4539212846903,6.18843809865495,6.74724832067231,5.61171706283561,6.15061186669846,6.76682506836213,6.17913173548151,6.69294349140485,5.94942580920414,6.81214055780527,5.46978896496382,6.42561769549499,7.27510879940561,6.76610033591739,6.02798801342045,6.25388085365277,6.05266487741435,6.30200386033263,5.55229746640841,6.82921738794338,6.28801013450512,5.88549605807712,6.06902347326514,6.41586545621771,6.00232787009342,6.27480736926015,6.36017162643937,6.3495457746385,5.21804093462574,5.53470087047106,5.71788253135321,6.20192938085062,6.05575161967484,5.98973381429851,6.59772962260131,5.77120068820195,6.93141094592553,6.3530476380293,5.64886448904778,6.11404760035139,6.92467952979816,5.84877827579555,5.46874950295371,5.42125369301496,6.03208961378802,5.79476869280595,6.3177837357114,6.18876089928635,5.96317115002671,6.44097517853953,6.25712936809668,6.30237028243544,6.37207790722115,5.66019994482073,6.56596730554169,6.0596327712858,6.82324093520959,5.77401616810667,5.78973738732557,5.73245148341116,5.77709368325219,6.76492738895409,6.06018769784038,6.09797673891973,6.49771179303389,6.90365986547746,6.8597543923491,6.34348780892202,6.34407407067405,6.14401617230194,6.62187523902768,5.13401434601688,5.85868473729804,5.15556079697196,6.07421473342016,6.24106661081761,5.71295144239562,6.79234424558121,6.02206002789818,6.41519040330464,5.57156738504563,6.30486325562927,5.4488529733512
"32",6.69243304808023,6.95509494861768,6.18003434611612,6.84032528264346,6.25052087732661,5.89037786032751,6.53253906789558,7.41548037616062,5.9358134619354,6.00322180370642,5.78967797529513,6.17546011759354,6.49241031504923,6.23021131433098,5.26161677191924,6.65648569708616,6.48322165307476,6.30546584707424,6.60413518060753,6.92797746736546,5.66969447848808,6.73846087181304,6.65515765626657,6.45094329515923,7.11980419307279,6.25452772374828,6.957492950702,5.74682952932838,6.5680020466175,7.91591161583857,6.84835204311417,6.71551179861076,6.42159505897428,6.34652390720506,6.10902567702261,5.94065540567781,7.01665840619582,6.68447845187038,5.92221170958327,6.43814940936108,6.63862099941271,6.25112085954685,6.66693864576313,6.7782428205658,6.43726379320197,5.68875002569393,5.80258969624146,6.0754195122704,6.85783478117268,6.25218755197717,6.24897738398379,7.02311634498957,5.76552938744844,7.12092327565441,6.37202362375054,6.03523361744443,6.40556451266747,7.10968065114035,6.01478426149423,5.19222490333595,5.89443927430191,6.37450449524517,6.22436314670686,6.4152720354489,6.36623227273615,6.30965549204285,6.48084249459844,6.77549167036127,6.55423750691382,6.98867459172966,5.8386020713506,6.83504520101325,6.48994102563332,7.14939991032997,6.61042518547291,6.14329299130262,6.11241661824572,5.90574973869927,7.07296516580908,6.35609370523149,6.60512211520863,6.49456373171567,7.13386137106271,7.06302707846849,6.23745651795161,6.53473297684998,6.37898265867339,6.88342829944177,5.29869872690485,5.89462614058834,5.45771758289195,6.09269515837573,6.37648335170249,5.82361247695519,7.281923086129,6.47694763352855,6.91038663080132,5.66907362144653,6.32212644753779,6.12715139136621
"33",6.89803342178958,7.32660696721867,6.23326642386213,7.17896039867631,6.60273541036497,5.83085551930468,6.78901161949383,7.95679648260393,6.18195737566507,5.97857156545255,6.1466933282621,6.54530438060412,6.87412152967863,6.33974236172736,5.87637071184565,6.86396980379105,6.7797346692303,6.79374254707943,6.81655699526574,7.46333931530446,5.88736080472404,7.15262513724793,6.6670109994761,6.6980346850681,7.25463676526003,6.06577368997743,7.2170348263603,5.9617923284141,7.08378340882444,8.31270039371563,6.96342592681794,7.08844066764905,6.00045129322431,6.63052104850176,6.69586858619048,6.27901246969593,6.99157402527289,6.79069780997414,6.40511220582759,6.83852350622578,6.8411450079342,6.86823800765033,7.05517332113746,6.72310139250379,6.93035971922896,5.86478026911088,5.90159405243958,6.37772688072222,7.32095210895053,6.85266364775009,6.79093590727671,7.35858246149665,6.07499517056339,7.43399685138223,6.35759063796908,6.47900658510463,6.57387408661648,7.27866114146711,6.35435775052443,5.61312384477343,6.00305914947662,6.42455267981424,6.10053794668198,6.44319462642025,6.64281464954663,6.77222156820203,6.70995096538262,7.11840659976821,6.6564388528932,7.0845001769792,6.0635420250019,6.86076839722492,6.5262452722056,7.15319142373917,6.78316583351399,5.92515087407914,6.41055965893996,6.18888904270681,7.35782061562567,6.17616516520189,6.85530328748902,6.99924984347951,7.21367137886477,7.69796546200684,6.00429892698989,6.59566373075757,6.99107146317749,6.9243841272592,5.67657068182927,5.92643607577882,5.71970414862917,6.49517099208423,6.33085291512017,6.30015930123757,7.73684370851343,6.85242944743572,7.53189146305909,6.10406099452053,6.38599523522868,6.13283491748587
"34",7.36962402101114,7.35253664462116,6.43179206628052,7.41318432885404,7.14192146741653,6.23031606320255,6.96615590011029,8.14595841237353,6.29568673595088,5.83257081190381,6.46841656885421,6.90748044613657,6.73595821872957,6.5323845538537,6.05539928877586,7.07823614575567,6.69466887913126,6.78681243291296,6.9671033077344,7.23218845112355,6.09624495224325,7.44368129777931,6.86741369809775,7.12431597962749,7.52426306851733,6.23058037021666,7.4462194205257,5.9709953097524,7.0287487239087,8.66179946533864,7.46889753243924,7.28902952326534,5.98409854580054,7.08550335394248,6.60908285701743,6.37687277179145,6.89326433804885,7.08393646887533,6.6510353335225,7.25558941955793,6.89452383570462,6.9556711302444,7.2310642413205,6.94793885718174,7.1742694380452,6.10918786864572,6.38730522772145,6.6275588090696,7.59267855363802,7.14182595115791,6.92106056260757,7.49397052754536,6.58771828348965,7.74781478344124,6.4699967756574,6.28477425814075,6.62791500546783,7.47169373644462,6.56167882345793,5.9478114319288,6.40244646604884,6.38910958452125,6.36715650591187,6.11192418467817,6.48827567306505,6.75921478155937,6.99531023743925,7.26233615457128,6.59861223982812,7.30548250018609,6.01717850829294,6.6271291611084,6.58163498340984,7.60690035130362,7.1761837565855,6.00981410234936,7.08569564255511,6.47501141582984,7.43245462349212,6.45502464251257,7.23984752076457,7.41113446472856,7.32493599794339,7.86738034729047,6.52394290863696,6.56535592513635,6.90661417106836,6.97464658040006,5.75545606378127,6.13605099403392,5.80398277593588,6.99725596394016,6.45227169376656,6.78424990940962,7.82400452409863,7.37995767623308,7.69730663387409,6.52775556087103,6.60706100567912,6.56595825598311
"35",8.23548942326551,7.60316150274064,6.67460056775568,7.40551781089881,7.42631808050392,6.34033662485429,7.3399394850462,8.30253526285534,6.36516613558336,6.01105004057284,6.45242347113709,7.41877262527012,6.89151649414754,6.75330022199156,6.43213096280685,7.33810994088774,7.36954271894968,7.24158251066663,7.48109536685008,7.53905631057214,6.32762598017192,7.35033218939729,6.95685278948338,7.25160860544355,8.16608278801423,6.74938619486132,8.20366815169829,6.23957738364772,7.42109563395806,9.35912959482249,7.87634039766311,7.63034450268327,6.37685263902995,7.31312411984379,6.92814010990322,7.22845866886168,7.38986170180095,7.556670770931,6.83064671541169,7.49904881826037,6.78076804600891,7.27925291293635,7.14491763061678,7.50833342425074,7.3754753853185,6.29214928908028,6.82982312427533,7.19293377144234,8.08429902200188,7.43201384597697,7.28684480129332,7.94456258068286,6.87644122340697,7.61190154005603,6.85326149201042,6.80807169203428,6.91332996509193,7.74845294544047,6.74587875755203,6.43344340568785,6.66156755577701,6.8075515989315,6.56932281983778,6.64384332694285,7.00384494289703,7.22787107156652,7.53194207021474,7.54114786235815,7.00964136630884,7.57634277593256,6.82172776215395,7.09413896135675,6.9276761843961,7.81822008703582,7.74525129975431,6.17363131294387,7.53527831236429,6.80255349298735,7.43613326029044,6.83551607238257,7.58985391137441,8.00297181315941,7.55139283108388,8.11194584519864,6.90481272803822,7.02899304360916,7.1802843943928,7.39057371400162,6.67466264869265,6.24077141906007,6.29956489159703,7.38481348483433,6.91189001361053,7.38123922945402,8.15777213674133,7.84443544046064,8.02298360552218,7.24813217667361,7.3650727716976,6.8231819629364
"36",8.6309811431212,7.86923090916214,7.35990369514744,7.6250863459284,8.04351897840771,6.78568270955399,7.78243849174301,8.58137469595622,6.91522240097315,5.99704061105332,7.02350046593472,7.66659256982452,7.05846896903321,6.71392488277953,6.70360045675661,7.48040889847169,7.44457576355188,7.48517362571867,7.78683140425874,7.71987679005536,6.72226324017606,7.68235979374532,7.3241167484454,7.51187839896795,8.32545780395717,6.99288678943677,8.81596754585817,6.62406626202361,7.41852605845249,9.65528064569993,8.13573666695078,8.27806612475207,6.43798886752852,7.77510737818604,7.11297732202476,7.60351101972126,8.01552692529802,7.93185874588048,7.12804394867978,8.29904353734806,6.86797471088577,7.58981667628123,7.47240768689878,7.88150384462307,7.2865898752052,6.36372724951064,7.01738577437871,7.85794937185399,8.83985793672789,7.77747669976519,8.00786698981795,8.3894218760067,7.02042894091603,8.01729117137987,7.22537858553659,7.17181672981237,7.41110276277857,8.05061761030507,7.08866924576752,6.97046166864958,6.98234580604307,7.23606908539324,6.91176448945676,7.21028804854713,7.50723249399653,7.45795175386748,7.93481282946185,7.86420826344744,7.46419292210664,7.97683882029503,6.76693155415226,7.63535809217528,7.51111779032876,7.86332713160378,8.26672896490916,5.95758120565214,8.27008730174474,7.23058869481733,7.95925530541798,7.13483563030786,7.61188530838086,8.21659417109914,7.82870521552543,8.88874392267174,7.36395367808445,7.37372951040991,7.89054510950131,7.89148699434917,7.38502816473568,6.56176268754192,7.1717086019979,7.74770286853754,7.25475960535368,7.38651846076978,8.53304517305435,8.00195446629197,8.50197125065621,7.53117694843879,8.07854571179794,7.34870167968542
"37",8.33919817355431,8.01066660963668,7.5003260007906,7.94106096002352,8.23876039436422,6.64033144456634,7.85076171642874,9.0205911019739,7.08558624697681,6.23927421698376,7.59794085252149,8.01337009228622,7.71676556113924,7.1230871890727,6.67035593227741,7.85460199591659,7.93613026479295,7.66988259157811,7.96909376176227,7.85097480971642,6.58112879097968,8.05057774116196,7.48002323769989,7.57652836299514,8.61046910120154,7.26586025377748,9.30540882788553,7.02126055109895,8.04909595819563,9.96581709307167,8.4414186180053,8.42553806334267,6.77543415294329,7.95929016287777,7.58842926014353,7.6995594277168,8.19088316683101,7.94658499105303,7.1876478072529,8.60031161558151,7.02784750153607,8.08857403195536,7.93503840156669,8.16042879416487,7.81459806057028,6.96382852936994,7.1301902670966,8.3244515301381,9.16693680381858,7.77726829040605,8.18074156061251,8.87350243201447,7.59618066986138,8.51307002976819,7.62653769368675,7.78836911378941,7.81173614740295,9.15541765025508,7.76206395659163,7.00460449168022,7.6446486073597,7.71644763408981,7.48363877488104,7.52348766206456,7.93825706176778,7.78097213170732,8.69283847693455,8.25640181419235,7.49835066878983,8.40901624740434,6.63752689068989,8.06458948534695,7.7296432383493,8.28999656197175,8.5101749965355,6.01904765307729,8.59156050463431,7.30928396471495,8.1644682491421,7.09856181950317,7.7241848301427,8.9252086671716,8.1037726771931,8.7274491722089,7.30325363201555,7.77708079431471,8.60042103967368,8.13283773142398,7.74561213062881,6.54876267588149,7.25006855343636,7.9112944053217,7.74806441354057,8.07636086603262,8.94007930442562,8.56025816567006,8.83122819554563,7.88870049524432,8.30024042340292,7.48186455164909
"38",8.89211026027267,8.28134238004417,7.70450798502669,8.46737518248491,8.59748184074703,7.20688811417543,8.13019899933402,9.69179818727832,7.30256431373736,6.62946411983647,7.62424376842107,8.36147546282186,7.87354552459689,7.56558349501838,7.19012894535126,7.90349360659428,8.13938561666146,7.85059685828525,8.23532050094924,8.13109354311177,6.87886383637268,8.34091581877043,8.07956555750046,8.01208119939131,9.39389903574939,7.75987210511725,9.63637002012729,7.19566116911107,8.31777969153431,10.6825892873683,9.0460937033967,8.73886712845498,6.9170844936687,8.48362773841933,7.79657868709028,8.03502817053129,8.74894894456534,8.61147089071712,7.20651372593825,8.82772596349659,7.21446091780827,7.97502515092001,8.36860616667684,8.35479700015094,8.42108368163509,7.52838516287219,7.62968162353705,8.62049664438268,9.40890049786714,7.67000825715878,8.67843068407743,9.2682266824882,7.72395763665926,8.7438109867512,7.87303195526527,8.16420753781949,7.97440369711449,9.2970669160166,8.55117073556616,7.24172349610911,7.87617985691904,7.79563960673544,7.82703594886658,7.57995163312793,8.35514010675505,7.88658835968338,9.81075869323874,8.89871501983173,7.97721890176789,8.69984789269126,6.92000991586701,8.40368902400269,7.9178799137488,8.82555689803713,8.74529550504158,6.79015888113297,8.32419904379718,7.29969833993961,8.30232542590523,7.25465194584617,7.75516906795453,9.27573802318529,8.47398273015163,9.15549787994631,7.67729548802852,7.99082505379821,8.7157362041819,8.24968292695698,8.00162790502433,6.79654004698019,7.2294375721561,8.24936398818651,7.9127556654284,8.52582273169249,9.96113110485701,8.98589680137759,9.44180927161919,8.05481830245162,8.44477805119384,7.63378809304549
"39",8.87430034139362,8.58674160596904,7.74352696247811,8.53156881990147,8.89255206720977,7.77689974497787,8.09099727893071,10.0429431622865,7.92351147259771,7.3928419373592,8.38949951581328,8.63634948301963,8.11176525692276,7.69208204377791,7.57094898683578,8.28609286218058,8.40563554119634,8.09450057014598,8.57605052231225,8.51419837030309,7.45618324046333,8.48527603034441,8.59403392731107,8.04346433186793,9.49565848684891,7.87992103101908,10.117010106716,7.43188700269466,8.57399474985313,10.8038109221233,9.4949569957003,9.12526993333869,7.2886545658813,9.12156578397264,8.29200055556137,8.56790363992994,8.82200168834434,9.03976551988006,7.15821762240361,9.27016452250778,7.69982357891392,7.85668244948088,8.73735838841606,8.76551663163357,8.80168783415635,7.88673579564572,7.76425228003026,8.56836900925105,9.23046489604661,7.85527840901354,9.27522538013575,9.88529036167128,7.62674594619594,9.18465942067641,8.34381198732155,8.30431181448248,8.10690837711611,9.23400651353472,8.57326094360151,7.57402262252252,8.0135380167427,7.5404747347434,7.65318487240235,7.6336158946522,8.47719657216152,8.27383540629455,10.5688795173939,9.05043669472532,8.63696875142048,9.28720854061205,7.17676914261912,8.87740164129901,8.36630227454999,8.71434986739452,9.08397076309668,7.17898588445141,8.54051653276271,7.3230729907591,8.81280585088001,7.19759055735783,8.41842877897347,9.95496245929239,9.04040623118215,9.47237483544786,8.26589659887433,8.02286682896496,8.81303965207032,8.37285029345236,8.52736074937298,7.07511006086704,7.13183404617887,8.74927138544645,8.07584808690867,8.96640650774623,10.3383537969375,9.12693507320757,9.61237967297402,8.6099717530104,8.62159818020023,8.02680694507338
"40",8.99639944546605,9.27786835608354,8.49362118296852,8.80119575359362,9.33017292729668,8.17334666345905,8.04599428148912,10.4143205332936,8.20296258621638,7.51232580897192,8.89865292988299,9.15823883541041,8.52356670314384,7.83138802264121,8.11608652638904,8.235985680529,8.69318209417025,8.90195769948437,8.76774258001404,8.74568222941572,7.38934569623028,8.60483214817881,9.34214537376954,8.71325378745843,9.8107517618222,7.62931259681246,10.394399577426,7.59931186041875,8.85309998171138,11.2536116368981,10.255437934799,9.10752431657745,7.68587976831362,9.39928031995656,9.01853618598949,8.46290424093394,9.00932420055435,9.19217376400677,7.66392449180156,9.85159716283065,8.11366724610859,8.36221410273879,9.41984009856817,9.16210860453593,8.91483824655131,7.78643086223254,8.17508368607164,8.8377838045679,9.59666577388301,7.86623697358981,9.54613437798275,10.0237994361098,7.92668129527826,9.89117327363369,8.63335047616487,8.87768665298791,8.69277619276617,9.70910526723905,8.66381110849047,7.85781158825224,8.32430728951866,7.95790904648616,7.87747120538081,7.9653422870258,8.68522592660119,8.35619516326794,10.9711629518944,9.22691474369771,8.95893813684485,9.53577743729789,7.20233445957541,9.23306195849292,8.68233244279031,9.03539476392677,9.40839383570638,7.88437736533294,8.86264463236675,7.98932862342042,9.25284728299048,7.52675389441974,9.15568897807507,10.6339438772081,9.39214275634105,9.98700965819729,8.61554319011788,8.69825017523119,9.40583073700454,8.87530752463303,8.69669199462472,7.35190813508221,7.56938237311096,8.6403050799072,8.44046266313322,9.26871279670893,10.2972637121307,9.34986427892505,10.0348727733478,8.73536819713047,9.06473647427097,8.16497334071106
"41",8.85724126589027,9.6014616721506,8.96723548485259,8.96445598220518,9.66412499274636,8.57570974046817,7.96249468900184,10.6036632294268,8.50996074925339,7.47865369185857,9.27333467719956,9.35195513755109,8.79545457265424,8.40468492774708,8.60249547551604,8.46902216377138,9.20451446688277,9.70488850402614,9.20017760139344,9.25787015994097,7.32030501565964,8.98128392206127,9.36203996631081,9.10306791219618,10.0649469487037,8.25053276379949,11.2590201846011,7.63774518472223,9.03980609008415,11.7511743947841,10.3053798876788,9.33756522984708,7.66599103099647,9.46048147704655,9.30735882672817,8.97215738137301,9.35310068919128,9.3260938563669,7.8475955154092,10.3463165596833,7.9760512254661,8.181563069342,9.60638080455054,9.30057852905333,9.3775018454202,8.07983427320331,8.923955309234,8.96569533390964,9.46238564751669,8.31108952498304,10.1061016377028,9.84558962866833,8.30176431660162,10.0556968936513,8.35771111327143,9.29551349984718,8.86406105100512,9.84441636219479,8.84570905625186,8.44606201701247,8.94178851543498,8.69286460662143,8.14208648625893,7.95260924373264,8.91704822687067,8.87521706735952,10.9998267809006,9.71028650283992,9.41799499866681,10.0630489390103,7.38052209427915,9.48858565247654,8.8977012129568,9.07017343105337,10.5152782291759,8.34461608506119,9.07737608628264,8.09761596264381,9.33116310383952,8.0101696225701,9.81279897722113,10.8916773908621,9.12169366637217,10.601244591602,8.95304393741368,9.11316528362492,9.80547639356307,9.15293554851558,8.94053196181922,7.03456671948661,8.20896485484874,9.13323068358235,8.70852690287305,9.76762594044759,10.5279269447418,10.1929077806827,10.6038596761122,9.01841806586397,9.18342869943252,8.30635909560394
"42",9.3208327268928,9.75809162791869,9.3449161168582,9.01400931167304,10.1135693554258,9.25969021963302,8.16814836271126,11.1710501268107,9.11661072433434,7.55896414435254,9.81548212762913,9.81264387453684,9.26553334116731,8.79864777778943,8.9532348435491,8.79402802002865,9.75325243180137,9.7708564031394,9.37931333247266,9.19619671911449,7.50166047000077,9.68172157879411,9.54289219103697,9.37818996835482,10.5240604725502,8.5229674184236,11.2441407168742,8.12270786082848,9.52938491670037,12.5421605785641,10.2740189799662,9.89000936974601,7.75701000523704,9.65015057557128,9.67834288672812,8.75345635520187,9.69667017802652,9.80049413212912,7.94993174810163,10.8129362589021,8.28421150755816,8.74281409350038,9.96671924892483,9.40952955895981,9.4451661082213,8.07635569742782,8.85260051487981,9.16832023584327,9.99693346701117,8.94682053182935,10.7285524299883,10.0026516882782,8.54444087608223,10.2693947686713,8.71947471865863,9.5603741320792,8.93582507971129,10.0501130200897,9.11627309941249,8.57371643357457,8.77017366190465,8.5053760789483,8.17914572654608,8.33572854966133,9.65510366194219,8.98229978298832,11.3102969585405,10.0385306629449,9.62783524105307,10.5411400424647,7.54641992167401,9.80122304043988,9.196178893586,9.53835468312311,10.5255574365052,8.62422252408224,9.45891082648536,8.32877182056378,9.53460882848168,8.287673803448,9.96418511064777,11.1070728317487,9.30497971976653,10.754024285874,9.51608891191136,9.42991547806235,10.3807158618771,9.58910311367035,9.23248004231736,7.47330875617873,8.66684289938524,9.92303395448463,9.06569963470918,10.4714037693556,10.813097091245,10.3688248224154,11.0401785350403,9.69337773563987,9.65725870140815,8.37628585440699
"43",9.46807227589305,10.5164182812944,9.79430732035562,9.45075343628697,10.6222999908768,9.63282942511589,8.66842480285685,11.3769361936972,9.45192873405038,7.79857377105581,10.045548910357,9.79772122970316,9.81008499775225,9.27437565748373,8.7485870503889,8.99630482352128,9.91964030958343,10.3073513863339,9.68959956820746,9.47895660796352,7.94019658719075,10.0136637815891,9.97371216965143,9.80933883706958,10.8145293526719,8.43914461734434,11.6766411283911,8.41474825196948,9.75363228356704,13.0936870685921,10.5032314950031,10.1602611297519,7.8811290956967,10.0385834926128,10.3550070192292,9.08208150304954,10.4359690022796,9.91408405013073,7.49993974967082,10.9231868126037,8.40289926578648,9.21212443802357,10.2713675175681,9.34043453783404,9.97481805087974,8.45960461278224,9.09604120823625,9.45035195696327,10.3784793309952,9.69964044657257,10.9543294521848,10.2015829252787,9.04526124406525,10.7363400527043,9.30625565214893,9.90000644623161,8.6894434239986,10.457901056047,9.0430441045939,8.91961608176137,8.86801492528214,9.23964852057827,8.32643802060638,8.31398082012036,9.92990755933938,9.11796616409532,11.5597187150633,10.3126385785696,9.57278346317578,10.7503939313448,7.96075022382743,9.79490769609655,9.8148465376316,9.82923874038642,10.9173154300061,8.62017423848333,9.53109552072552,8.80993738989535,9.83384417075233,8.79307000721805,10.2193207620132,11.486784102268,9.29020809838877,11.3716557706731,9.83277639795364,10.1914878516366,10.5858771718366,9.79985044130859,9.39619265187282,7.65388685873977,8.81540402225829,10.1082045277878,9.11326973094829,10.9965121109046,11.189609964041,10.7138170500685,11.3698490090174,9.91434281375661,9.64570518527225,8.40307804358263
"44",9.838827338448,11.2243512200189,10.3245130447568,9.98381400086926,10.5364790485863,9.74763038368503,9.24778404540228,11.1587212487217,9.63768115659634,8.34138060566239,10.5091008743863,9.69595894579864,9.99284778503265,9.35642154924549,8.94217962367338,9.06612998808675,10.482611265466,10.7222957683386,10.3025692787902,9.72832657349461,8.4278377328024,10.8580360689566,9.77904778498809,9.97239974262741,10.9946201590301,8.89217049999003,11.963578079384,8.62978869687739,10.0290351243154,13.4433130076183,10.7925612054234,10.3233991877315,8.11064256128884,10.4859031931094,10.630029374918,9.31036299075506,11.1270163564548,10.4851004243364,7.34412407188248,10.6059767447686,8.58113719369938,9.43533548150381,10.682510299503,9.44624534208716,10.1253701884054,8.65386897652197,9.29908816548521,10.0454367216143,10.5542640649616,9.91405905510916,11.6272234393926,10.5624921729898,9.33624013315321,11.0021101851225,9.31156484327737,10.2768822921881,9.05719638353919,11.0572537799787,9.27502569283486,9.1989892023189,9.32940110383877,9.41509862906089,8.46081610278068,8.64915679016997,9.91738486606971,9.50584923100674,11.9864538689224,10.633352153738,9.73835447874943,11.2831602173901,7.74476122629516,10.1634256183698,10.5247047674444,9.81494820998249,11.3457995110707,9.06414649785255,9.64900172795888,8.96126049828357,10.238276696826,9.05078174341473,10.2050978931636,12.1885515193224,9.06332582338778,11.5120326676039,10.2483838810917,10.2821782664311,10.7415174550629,10.1329768438245,9.52824607686016,7.81776539150551,8.87594712837118,10.015197123118,9.36263251513712,11.5033223824646,11.4117071074943,11.2114041332504,11.7313992137688,10.2028327940008,9.68962388920286,8.73306062228747
"45",10.2847627535797,11.1713275833513,10.3200187496529,10.3461953568742,10.5903326538972,9.93054608548337,9.23364380483977,11.6255310302951,9.67037629693877,8.85699693949074,10.9064992136841,10.415167866074,10.4507127040575,9.30517474451664,9.0693118272964,9.45498131917834,10.4426778155106,10.7974350968286,10.6427063835655,10.2862727017154,8.67960199383871,11.4652230044729,10.4630985126943,9.77570964192692,11.0855283301017,9.29075090791713,12.0479746732277,8.64618236565711,10.5853349638037,13.7659169611276,11.1386870606909,10.3718037185809,8.45279878119364,10.5329851033314,11.2149983940484,9.38511634543655,11.1905278639425,10.9525601587105,7.73852175610612,11.0086803286706,8.72690284109526,9.59784314744793,10.9047723071351,9.18765389693881,10.5719349674938,8.72512592525709,9.28346152917007,10.4688655754166,11.1587791882915,10.1812229251709,11.8716368504314,10.878973655369,9.62254144178238,11.4092910995403,9.29906372566788,10.6634316292354,9.69568301412078,11.1450479299281,9.831778062176,9.75078469009651,9.37627184065688,10.0304400297707,8.96265354217571,8.980460576858,10.0241932800453,9.73483469178134,12.3112081577764,10.8798415151249,9.71738298259531,11.6050862295612,8.07605839837102,10.1346903769326,10.9543319317625,9.61849042103474,11.638468361876,9.42149853089762,10.0759766319444,9.31525022487315,10.7741319119566,9.2947153220208,10.1146499957265,12.3134019940495,9.68912250790408,11.9112614783704,10.331638560017,10.2832947713619,10.7010739607911,10.6615622220271,9.71570268993863,8.12323841014278,9.11214786799439,10.1470975247714,9.53164125305327,11.893226548653,11.5421274454859,11.4453111813451,11.9188169301766,10.3905059312184,9.9238281325407,9.0217233242543
"46",10.4778146694751,11.5517891752186,10.5777405861501,10.1966746709145,10.7938060996476,10.5154827714044,9.57672912819254,11.762029086814,10.1526139377724,9.17707640372226,11.6716142389405,10.2308933270843,10.5005852181835,9.49098795470516,9.12208709566861,9.84141599694258,10.7483652328258,10.6558201046031,11.1208832550543,10.2509976267538,8.70005767281853,11.7956772600118,10.7653975001882,9.90664151277038,11.1268354312421,9.88562205614788,13.0465664382754,8.91507064631629,10.9424027078208,14.2670667277073,11.5237390693872,10.8359974330979,8.7032386223955,10.7758034855575,11.4610885923042,9.63372312038861,11.8385618407,11.0059805258638,8.17664259997432,11.4512448163487,9.29604412739294,9.83589569915791,11.5496984301868,9.40886199093183,11.0986614514822,9.16984013502362,9.63704223782299,10.6896812774331,11.6974674478819,9.67847935292738,12.3824424476049,11.0897319182205,9.91613416108993,11.8557765202713,9.66489848147483,11.2601250883137,9.70777998798232,11.229991699843,9.8173626765269,9.93821272710299,9.98649921982844,10.4696639638493,9.26017773331681,9.67752417238748,10.0823710997151,10.3072963626602,12.5184894897822,11.25817041672,9.82473022557638,11.9724689811906,8.72120040608394,10.5971746502173,11.3726385635402,9.89703110411548,11.9311864174357,9.73680647027153,9.78516995580382,9.59019214501967,10.9821449902272,9.91187191633056,10.4008473208308,12.6921269468179,9.74439895374996,12.1740792460278,10.7234507599226,10.3959554539028,11.3439443064594,11.0293166890375,9.8784625306913,8.38720048204458,9.58229949268555,10.7554047575396,9.80596484944452,11.7783363169107,12.0164187157923,12.1673402671204,12.0702326147261,10.8666824067574,10.2213996331235,8.93364579340992
