"","V1","V2","V3","V4","V5","V6","V7","V8","V9","V10","V11","V12","V13","V14","V15","V16","V17","V18","V19","V20","V21","V22","V23","V24","V25","V26","V27","V28","V29","V30","V31","V32","V33","V34","V35","V36","V37","V38","V39","V40","V41","V42","V43","V44","V45","V46","V47","V48","V49","V50","V51","V52","V53","V54","V55","V56","V57","V58","V59","V60","V61","V62","V63","V64","V65","V66","V67","V68","V69","V70","V71","V72","V73","V74","V75","V76","V77","V78","V79","V80","V81","V82","V83","V84","V85","V86","V87","V88","V89","V90","V91","V92","V93","V94","V95","V96","V97","V98","V99","V100"
"1",6.97293743002488,7.96782120672517,7.82904196428544,6.55988706164536,7.28702123832442,7.80511611836671,8.01068277507255,7.33639937275243,6.61024469808196,7.07534715326743,7.14303833091177,7.91523379819524,6.84965791119797,7.04902804183159,7.59818971576475,8.34983750743692,7.1843534314425,6.49438275999442,8.39345609830261,8.22005794830463,7.26533939913761,7.10127545239409,7.34580596496934,7.30845672838928,6.98479850067484,8.40939179026786,7.00224736875594,7.2942941588922,7.03479771856221,8.29475340067758,7.55037879972088,7.48152293114364,7.11121357351303,7.15410480993263,7.32520288882916,7.06795789181522,8.10812996441454,7.11394370818409,7.28847236966335,7.88892408866737,8.65710343267967,7.00399324802382,8.43742717694292,6.72973252644589,7.17400402730758,7.05859350956013,7.71146932637809,8.28169272866294,7.71011881150257,8.11708262477711,7.32073943086992,6.256328098994,6.96025235862944,7.84951069626599,7.17810187547927,7.48720436771119,7.2173701968425,7.12806905006322,6.87350670922962,8.60398858823814,7.40220505969796,8.50338430364383,8.6544046469197,7.37372315019462,7.95892423922272,7.84542312501033,6.96573060313224,7.84897251330381,6.89989809171474,7.59093079084116,8.25292386851855,7.84168724912209,8.23194481157614,7.68914743353877,6.65568253777585,8.26867621837321,6.61056652067993,7.7463377706685,7.05787038523715,7.36493840530986,7.31552589033865,8.20865424951822,6.78264891256016,8.02037105974469,8.25664582206717,7.80239234195968,7.30795206687718,7.18780375854694,7.81942413556582,6.6061467086095,7.3475128098552,8.5724669894341,6.30893283348149,7.28114737857532,7.15723945760292,7.54369746014432,7.36552309967407,7.55579930757828,6.45300175423996,7.34350589793058
"2",7.16223301493875,7.76674304568029,7.99978062643191,6.55671123255719,7.46574985689315,7.79810235099409,7.96642631769143,7.21246607129769,6.56075615425785,6.67039390657089,7.28598129606398,8.03273331379977,7.0311241543998,6.97107852742682,7.62700981664153,8.08643072239137,7.05932634725464,6.38488699864602,8.46780648117252,8.30118370907402,7.24006840247244,6.78467343215799,7.25150703328592,7.1096626383088,6.94486050697571,8.42991876613917,6.86111956901423,7.19480363641852,7.22649645770891,8.47639277670539,7.53852596517861,7.58923596296697,7.22786598438681,7.09533136937567,7.3203112696642,7.20386535759006,8.09348328637302,6.90866536326792,7.27430637903864,7.74077968039283,8.77503121753656,6.65882046378281,8.52761819480405,6.60626954044789,7.49098129777169,6.94715592483215,7.39637344897243,8.20622972316835,7.66300808257128,7.97133601998056,7.70326776315587,6.18098546284062,7.05057337782826,7.41071296657288,7.21095657948269,7.16145728024927,7.30103679426312,7.1135874372052,6.6973466744898,8.36400790392068,7.51962037406646,8.60668335889171,8.34465133426145,7.02465865808168,8.0771051995875,7.73600428845895,7.18107712857885,7.53962884415179,7.14971875844799,7.75473919079371,8.0325979030089,7.70965246779723,8.641808179121,7.67328877961117,6.63636982734596,8.34148068038003,6.65825437135759,7.60282045124922,7.0662590422781,7.58816061738136,7.10584397395732,8.36238286535194,6.78794596439472,7.46328246370409,8.17018444953676,7.71497449841294,7.12779182894103,6.90175330375379,7.73671507638066,7.1544720861865,7.22487049737265,8.33389651861266,6.28449196493575,7.37060269431979,6.64073041086833,7.80850357145257,7.34060576748282,7.7796564987738,6.62485891536841,7.43163275995777
"3",7.29192979439615,7.60637205432654,7.75507462181461,6.57776267375244,7.50863558704182,7.48446224005986,7.98162684051031,7.18467935270104,6.93768629025205,6.37488065164933,7.0624247603937,7.75131741169341,7.09429767470757,7.08867824288074,7.65348558741948,7.92386389240944,7.07474745810681,6.46088451628094,8.45301273859759,8.46486116565878,7.12839854990368,6.75193490747147,7.2394874874715,6.72434126717445,6.86025228662613,8.65625591226178,6.7066193573715,7.55378438020928,7.26052858437381,8.19682948068964,7.39809116213611,7.79352398568936,7.21215952435171,7.09634531970693,7.08653381269299,7.3436602753303,7.99195015189111,6.84166646244699,7.08572873019976,7.51855765182522,9.00258805221803,6.70571671785588,8.56566777502083,6.77843310072042,7.52423605934272,6.88164302879055,7.14911742509092,8.5516744895552,7.71818023529309,7.9328544830843,7.99354781646715,6.45477768852266,6.73474510556875,7.02211456431468,7.01677945706008,7.06740861375365,7.2157280435385,7.08261337390255,6.4591025969564,8.32832172476406,7.79445583705448,8.3457519457914,8.34959227708229,6.79023861637486,7.90604299308754,7.55823331341913,7.30197827418406,7.33881497258058,6.97844333320648,8.10227978872951,7.92233265554941,7.66014505969303,8.74808627746967,7.48030042130738,6.8123112953492,8.49853656601317,6.61982665847376,7.88841683966226,6.9056665483686,7.17330506253285,6.86065550100036,8.23080705862347,6.79964853106572,7.34747675912213,8.2754887246366,7.55379140298629,7.24939271530081,6.46958664283365,7.76889012273724,7.17931427623306,7.14028115732084,8.13813901321433,6.28779581073088,7.3988045055192,6.16051715334355,8.00883349985874,7.16441615808455,7.8618650594023,6.54637111646588,7.67901164690163
"4",7.38015744890531,7.34188608444986,7.54601259248133,6.63817318275197,7.45791759078243,7.31133682778199,8.03535571878551,7.56367393111476,6.77737272779307,6.10753931140075,6.8770396925398,8.13404545111844,7.23868597193012,7.27749526824248,7.6639031979415,7.58000609567593,7.25408838708989,6.23351276122549,8.42325668673691,8.80928832189531,7.05269325318156,6.98419881042789,6.95600761687017,6.48486091059967,6.79371272733341,8.56763202781422,6.6685541390017,7.69384152319955,6.86551600471792,8.09895130142138,6.93586284505762,7.69814665521907,7.40290131034085,7.06233123679858,7.16504514988609,6.97120486517572,8.20277024754816,6.71122416007337,7.24058973823008,7.24966860017359,9.12489563994881,6.74478092119096,8.56370836744862,6.49193299051004,7.76088320904261,6.77479141661146,6.96660525115879,8.83367980897121,7.57561978176785,7.98105574979883,8.35249374114101,6.22979020983797,6.58063298600327,7.14578532805571,7.11649861827394,6.92692835337637,7.18361597656866,7.31066930053989,6.33574803578504,8.01225599975421,7.74577128935336,8.28715883669723,8.04927446035888,6.53389368527775,7.65266893918908,7.26271134280576,7.58849627008545,7.17793169712458,6.92095687454605,8.04210811447199,7.66843536433518,7.73995904376075,8.59474901352051,7.53724596841519,6.60719355221292,8.37084886414118,6.59682895394321,7.95717223368982,6.86186321570966,7.37875084052297,6.63255173609891,8.25272230367968,6.62454860427227,7.44152524287227,8.43530295431572,7.51184106564484,7.30914584144688,6.0635487757106,7.60976381651692,7.27023981413244,6.89313758836841,7.94936812977708,6.37007297663449,7.6380039870248,5.93397337939211,7.87929046642507,7.23643772539605,7.89581351187916,6.4417124310585,7.94001868147135
"5",7.65828075358399,7.36660031931475,7.67323405787743,6.30119879146585,7.35529732906219,7.3914620004242,8.02428520213437,7.47090383039223,6.89985425688038,5.76158773284861,6.85634911698664,8.43388993855684,7.32158155756353,7.31035280754171,7.55782698266986,7.65809155182908,7.36984034918619,6.05163063716783,8.46165355593381,8.66061172046663,7.08422032767983,7.05681213556655,6.88444691236458,6.34768401627101,7.04013087778845,8.65850048008875,6.70731774564715,7.76383725171155,6.57215346849724,8.1766035164437,6.52079611710337,7.6061543396667,7.54572406743494,6.57859396911598,7.18989265150284,6.85685396337524,8.49353640561,6.55931017741758,7.29540965247907,7.30250399199498,9.16226387858543,6.71446601022524,8.79198079457324,6.39673382622745,7.97363695662236,6.72911079948757,6.77469479738634,8.73647921288611,7.50791334723792,8.29789715823254,8.30593598476059,5.95044239098569,6.67207478159126,7.13901784427452,7.15758848335212,6.65211410258268,7.1437876956547,7.06388835470834,6.35308758543282,7.96250517523485,7.75729034401745,8.16948770447815,7.78057230286861,6.62373390508137,7.58398838195994,7.29918569932865,7.72783929310103,7.23048251823824,6.92867327944197,8.16570426298598,7.51020062544666,7.83716113392294,8.42156657506631,7.75313148369015,6.59247154215579,8.5263546959453,6.5894168997549,8.13295922572437,6.74957627250687,7.3448464643887,6.75702339516338,8.2010707760193,6.2855118930385,7.46437992355313,8.30283289892833,7.29114725375628,7.40158324602756,5.36676804312466,7.57597253451212,7.40814558188703,6.54972164003496,7.99697457839036,6.31716144301269,7.3782890476679,5.62631746083802,7.88977711694004,7.31784093065777,7.78441610438794,6.53624101331158,8.10576514822109
"6",7.31269221588171,6.81167400499495,7.1841761114315,5.82987733639447,6.73935526745876,7.21511580782948,8.10789382728531,7.47409401718234,6.67319763565368,5.39121520827666,6.3807722905653,8.16462564418928,7.29607790899747,7.22375027334091,7.50446263604178,7.33597132656612,6.95047249188042,5.53427951808633,8.3372785710936,8.33808566114683,6.75637412883561,6.54759777042501,6.36027291091639,5.82913825154763,7.10364492361067,8.51095425955555,6.57344768537166,7.66330253880862,6.30975848165126,7.96321799587079,6.09641652404544,7.17442654294603,7.19008014319746,6.1775766200146,7.34136776238527,6.67146389763941,8.25379153960046,6.24943221889076,7.27692360525924,6.598211585988,8.88014497819721,6.26744958626307,8.30924243273406,5.98124300438146,7.82097140135073,6.55104153551535,6.55297202462106,8.48440235197118,7.22841687516067,7.87423600768679,8.11313456284438,5.76653819194572,6.44412225219258,6.96875470164264,7.03376408894145,6.29861866600179,6.68764390404449,6.69860108466527,6.10697795142639,7.56082434828016,7.44343179731227,7.71987117980696,7.26391375353036,6.5547990562847,7.25605472212519,6.91532302970318,7.34152290560117,6.85396601778799,6.17727082144566,7.97057204822562,7.0939203822026,7.52206516199219,8.28832216634017,7.43555118627455,6.54325144599422,8.16293809150405,6.29795158323786,7.74750344985324,6.14294983099698,7.01556506239945,6.26971731044039,7.88632745035501,5.69659974281059,7.19435286257185,7.92283661356137,6.88994375615582,7.27759781689721,4.86866142192036,7.38019875745643,7.31334758967655,6.34182314789949,7.46040987973303,6.00101829202771,7.3049893331598,5.21341087082669,7.58844178165753,7.22902941270042,7.85302884954883,6.34196448759267,7.96091047233692
"7",7.25114044488217,6.54802387543126,7.04366701756391,5.54927758047571,6.61443987605903,7.07961674082135,7.82410299014019,7.3260920781639,6.4382034341088,5.09781496101324,6.217874564013,7.91474797770439,7.2921606035396,7.21147720806293,7.4112418393747,7.1037885994118,6.7806064139721,5.37749324585335,7.98300917855152,8.09259720816617,6.66306358083315,6.33535740282732,6.09704140309221,5.69069399378063,7.04058856108065,8.19968091180457,6.29718627927141,7.52926685370881,6.11602684521642,7.77963132943794,5.94692885551605,6.8214907958775,6.80826969931184,5.89835666466587,7.0129565473778,6.61533264468122,8.19253738220135,5.99961964270642,7.13498822724086,6.5040573848145,8.67593217697692,6.22297785520496,8.04398459690164,5.67099141791038,7.61098383167991,6.3689214647376,6.29025991817104,8.31425820268032,7.05040477465194,7.73616169574497,8.04621359672619,5.83610275862363,6.29738178065511,6.78159725279944,7.05042790846031,6.16519797445459,6.54100544343193,6.53408118804954,5.79380670175231,7.49955264639243,7.356468810617,7.50248600770725,7.08048997071107,6.06557533417811,7.02890144711208,6.77078439060513,7.30617018497933,6.74383171868444,6.08377520108306,7.74151302477219,6.76620334926634,7.42283774656263,8.24091688887788,7.30671849282684,6.38656329423771,7.74585334156843,6.12574769521925,7.51175408568684,6.02280586397143,6.81470482760137,6.10044456486968,7.7436847886896,5.43803098894665,7.11754225456838,7.77066021877479,6.8075730417795,7.08640762003587,4.75623460908324,7.31271423527885,7.27405493159973,6.1366625556181,7.28133579650317,5.89591104831314,7.17947940634833,4.92907149660272,7.42057616252938,7.11943643289919,7.65396063968199,6.22683676741776,7.78710925123726
"8",7.00755792291737,6.52002233035879,6.91926276072144,5.43849301873443,6.49714822906643,6.90316579266606,7.47253471279031,7.07184980272071,6.24567108885462,5.00479817307359,6.18134658632904,7.52484903335973,7.13434282625334,7.11411306114299,7.42631998280808,6.74965328361374,6.64354822492983,5.22329507604673,7.84950677393272,7.92318856865711,6.49261737747724,6.08163558196602,5.78872199591335,5.4894404129548,6.82658903009993,8.35460170988261,6.08046823181443,7.52400417975085,5.92318087715724,7.76589876797893,5.67605087556989,6.69266943382922,6.5663045985735,5.64372322089714,6.87412979965869,6.30529449108752,7.89446634026664,5.94294651664926,6.82019858825069,6.23888289611163,8.25186359142701,6.02287630343223,7.95334160628156,5.4202151042074,7.40014253002565,6.24195864577078,6.12449266909638,8.10217584183936,6.93178651888932,7.46057325480371,7.90181673158269,5.83542989474895,5.99907560462079,6.65537592922444,6.7308972236452,6.03796186962581,6.37779571143024,6.23212214149651,5.7091746670209,7.31367526620655,6.95410935573581,7.42684059280623,6.72812513242163,5.83562286817539,6.75480640390615,6.54889413237792,7.07918840734989,6.53489585734804,5.86106859310693,7.5747316596627,6.74072366316019,7.27587185718526,7.9560879542331,6.85368747760937,6.10251163828264,7.69290672005482,5.7703159741681,7.23069799766891,5.97972465053662,6.81361198449388,5.79249957625221,7.30348156365828,5.09730248139195,6.99606117589483,7.42862108036074,6.49911047950553,6.82320165936407,4.58646338628085,7.09473079281462,7.007911755518,5.76650267620535,6.97623233045177,5.53263200537254,6.93895971350762,4.57931575874948,7.20910107031767,6.94815114965213,7.59815247052108,5.91628850923863,7.58258752822849
"9",6.83263323094667,6.21268155008691,6.72180352804792,5.18358893509635,6.43423889306648,6.82583208066235,7.17994303015426,6.93211303130093,6.19039562079435,4.64125055519108,5.99417750440391,7.31834440251244,7.07552838945873,7.04504354907792,7.28946511495176,6.52326046049242,6.35592848747922,5.0734092425207,7.73428660415734,7.64556599171856,6.30780067917801,5.8626274122326,5.59702253398226,5.27603246894198,6.76517993148371,8.15098282553129,5.68222624339316,7.37878937678058,5.6953935451335,7.6656354002446,5.65714882345833,6.50068320916191,6.37955204429055,5.49252047462635,6.8279292479473,6.09497823726487,7.73476442994065,5.83292907402875,6.58715121452383,6.0084086441839,7.98900139785822,5.97440231616715,7.66612629858708,5.16108936490482,7.35219393400291,6.15989501550887,5.85413356859789,8.13847869468241,6.59260371558701,7.24767244980264,7.63177423851911,5.72736131620671,5.84271997858996,6.40338940922296,6.5059405438268,5.86392404065154,6.11024945989008,6.06649455136276,5.38725640913861,7.26160623154832,6.63197976015951,7.29994477620817,6.57360289106934,5.63639144598108,6.51014374522156,6.21229770545592,6.89664685576777,6.27048323773163,5.64037149000825,7.32900253410873,6.60560910230361,7.204452566952,7.68758653528858,6.71815442136837,6.11257104960796,7.49024552016282,5.5266144704568,6.85866367889424,5.52833411246321,6.32680416812387,5.65782109516535,7.06472590997815,4.73786715572192,6.7421372184997,7.10096437423404,6.20506742210625,6.64007540004338,4.27167037200396,6.89196895782395,6.74976002000924,5.5869933174298,6.80427801114223,5.24200710937648,6.69290087642045,4.50245625666197,7.02545579942936,6.76423451614977,7.45423796892859,5.54942334157293,7.40519599201406
"10",6.8121313018784,5.93603031196239,6.45890444955698,4.78153164559559,6.28125258898512,6.75173766676646,6.93028612709186,6.62050475669538,6.07640237836906,4.24802534968768,5.84558154343228,6.90618064678136,6.83014524462432,6.81872841466914,7.01604555925415,6.09379345540802,6.27852111316368,4.81852455888779,7.66812214788238,7.54171587070721,6.16122474603397,5.42514309823847,5.36281168331516,5.15615299241731,6.60651481324995,8.0577767775716,5.58391320760903,7.12507822622725,5.40911633092227,7.59227431285872,5.72249542930753,6.22685388285428,6.13674538861046,5.1352143109164,6.6595249120689,5.95513417650788,7.59708508740744,5.51394226089472,6.28283564066883,5.74607729134234,7.91284242770496,5.97847784626192,7.64571030163373,4.64134764447866,6.9866994833606,6.18178021178573,5.54184057436842,7.95159440571056,6.3772175758836,7.16836726305961,7.55582577726246,5.540938446622,5.58106533424879,6.34837558524823,6.24736942341813,5.67428297157593,5.84513720900961,5.94619769274374,5.13597067450757,7.10305799178077,6.56748670532688,6.88805725761451,6.34899525723133,5.51153486984052,6.31834866581303,6.18207247529899,6.77573547126673,5.95021082338077,5.27136286896379,6.88506743052604,6.21213469880261,7.20421134971287,7.63108736746958,6.55723541886914,5.9406225865674,7.19932911319565,5.20004923829862,6.54762753038825,5.21709766705642,6.07763714343029,5.4296374289884,7.03212233136956,4.56171420739919,6.50089829576808,6.93988872392078,5.93786433344566,6.43757586172098,4.05939189808942,6.60214923067176,6.63879550765802,5.52119974645091,6.69357421631234,5.07075822009417,6.59345335668224,4.37340010633848,6.7478386242146,6.59600386678119,7.41978926559247,5.50346319779757,7.27787752934368
"11",6.61385289851751,5.69709610943526,6.29312566015924,4.49537885872551,6.15183735016772,6.54743718640375,6.79528404073355,6.42821177585567,5.9483794832624,3.92177598782423,5.67794340906903,6.68509827726162,6.81288578787674,6.70214596753697,6.84477023243902,5.91883573021126,6.24604792397421,4.5786852524857,7.67215670213285,7.33517087360566,6.10937331052099,5.34073872070362,4.98618328623038,4.90713210434567,6.52744101114581,7.80253873921646,5.32168424785877,6.96266129922154,5.39890945503693,7.4519150162913,5.49151022240024,6.18410625538306,5.93936712572961,5.05533711689236,6.72641849478524,5.91230522495276,7.41887257298891,5.19524010634845,6.09667151968264,5.34955172147952,7.93935910938776,5.73628518945437,7.46440702246763,4.56652774586365,6.84766536020385,5.89330230163091,5.31908060246696,7.64800078332935,6.07208864302955,6.97353596833681,7.46808391242045,5.28575216967236,5.46304013306267,6.04559415653431,6.03825338119381,5.48666205020035,5.55201043912302,5.94086928919715,5.04692381971733,6.99457513416777,6.384482573221,6.7899924612652,6.20021079307972,5.11311341479368,6.08977100178946,5.77502111904428,6.60269970934315,5.68847455923434,4.93622075152442,6.62296215125301,6.02660512275692,6.98644468760809,7.48471910932944,6.22204321594993,5.76538265291241,6.83007595103747,4.95955495621788,6.32521391696061,5.09619914485442,5.9826239637726,5.3598798489697,6.8650138893187,4.20621854290386,6.18223542300562,6.62137184689279,5.77763149306649,6.22744036255612,3.79631901901631,6.57058067369984,6.53780255193217,5.19575656744914,6.65416571649872,4.70911605696965,6.29103832779458,4.2089655166532,6.66052997793988,6.16323415374969,7.26861591624895,5.32265395347015,7.13124192980839
"12",4.9423287556102,4.71214522937012,4.88626473145538,4.36777377700767,4.86451525424814,5.00282518988407,5.03485028507916,4.92613305649826,4.81337441490605,4.20885351060322,4.7144954416283,5.0714265445566,5.09166313568126,4.98263680312424,5.05536373573509,4.81765953173885,4.88572162968734,4.40281707889091,5.2920689988679,5.14357902984114,4.88607811512195,4.66294792606047,4.46799744100484,4.49419024498736,4.98187997689831,5.32309053694657,4.66422336278335,5.08360451875121,4.6598502386499,5.24675047930863,4.6027377754212,4.85224975675562,4.79308050668216,4.51242357449153,4.98819543015655,4.81084064508622,5.20742209552565,4.63871661575159,4.82339434309348,4.57049826797147,5.34584381315225,4.73375260482464,5.20155233292827,4.42120697058314,5.02375115643488,4.76868728044255,4.5892327688432,5.28622680703175,4.79742600653235,5.0790469080088,5.21908128774383,4.59730092325333,4.65265821843333,4.75835174730587,4.82613909488683,4.64500882368555,4.66906161266435,4.76699302680968,4.54237594483484,5.10940001685101,4.86159469245154,5.04979961481301,4.8697928699234,4.53923349260487,4.82811450995624,4.70344553554598,4.96717109296525,4.71874079065908,4.43545101353082,4.91882682256337,4.78888100618546,5.09081861120598,5.20133369917026,4.82990735032808,4.77880429920707,5.01430554119087,4.56871539946652,4.87234386113897,4.55326679018331,4.78526771980158,4.62530464640742,5.08300185423071,4.28931167887853,4.85730495036115,4.95125505700977,4.75253969103053,4.89773274913455,4.22523315235745,4.93302325299098,4.92168642688504,4.52245356052267,4.9370613159161,4.41546348023178,4.91090217688676,4.27575540790529,5.00184687836509,4.81861567649019,5.15046983901324,4.60021419717672,5.06008090910701
"13",4.5031327381265,4.21332952909792,4.41753657405672,3.93956412444418,4.27006593202592,4.47939839544535,4.64209649548474,4.6917764029551,4.25144745691155,3.6158141855558,4.28342380819702,4.70248148151993,4.62009130943931,4.83915913017426,4.93030153344059,4.09048843415372,4.46669499259373,3.98225560548558,4.93203138671616,4.6645844040003,4.52213392435421,4.23788587289742,4.17177148958916,4.28102717111899,4.47704164256675,4.79851971770346,4.17087539681645,4.8446711683984,4.26480714033433,4.86138836559085,3.986330164838,4.604775584712,4.38448615823506,3.95166227861257,4.59658664228773,4.39707544711156,4.82989950862741,4.22978871438163,4.71087546288163,4.38220171528689,4.79866375687576,4.28293060869769,4.88086529843244,4.10208607933928,5.00238979137149,4.40078672508422,3.91419348988183,4.82237918470732,4.61273755369635,4.76550304474116,4.90625637480451,4.28423128143347,4.47170253962739,4.49345551183825,4.39585059158943,4.10373182718648,4.32693173939663,4.35759671238871,4.16627408420241,4.67051566402995,4.43819172173775,4.72337279383178,4.49675996016158,4.10539379855327,4.57675202596693,3.97967317314633,4.68479593160207,4.36864926300125,4.11437792666317,4.57307507188022,4.76210579717336,4.73170892733538,4.81319326561687,4.31841051685227,4.31128187251656,4.72605281387086,4.14116586401922,4.58936182097805,3.91527244292725,4.65892693541301,4.26747010501329,4.75946954972391,3.98522694421073,4.52676760270466,4.44378013205951,4.2170802807948,4.55213907210899,3.9197857112911,4.57152814679212,4.71674827044513,4.13612109362368,4.47646538237317,4.02513925296886,4.65751835576613,3.72753335624853,4.67628457642891,4.61616078129586,4.93062563202349,4.23175885203816,4.74576888656369
"14",4.69416988217287,3.87325579115028,4.20163682811634,3.76764950006876,3.96946291186907,4.60772092051113,4.45289853161739,4.4700558601525,4.14524212384783,3.32667333151081,4.14351244646708,4.39477449407762,4.30783786770788,4.82424014896534,4.90880294304736,3.42167195930774,4.52068030482181,3.70595424335651,4.70224752042247,4.43181971913086,4.17676035413649,3.97834688131442,4.01599378259853,4.35783661249115,4.13146313724033,4.45235400586597,4.11814969164921,4.7642235242133,4.16911021961473,4.99281934003513,3.8273720274671,4.40012202093116,4.03653268117857,3.93068530550412,4.75195750325017,4.53103291720029,5.04727726466623,4.15883430123509,4.5073812259283,4.10390473813116,4.60897636106544,4.13739199759416,5.0977360850026,4.21694777669094,5.01140778912008,4.03022651850167,3.57632935586872,4.55692176957156,4.51675174329408,4.95770272566512,4.79912202471879,4.23647121455608,4.22840207289214,4.68331451695084,4.50725490239697,3.7625021895017,4.18520302800323,4.23808042804177,4.12083543198422,4.41126918602454,4.36014292846735,4.63820112419573,3.88661317804224,3.9590995534571,4.06164704786763,3.8522827712777,4.41811299519798,4.0943701117056,3.85265892843004,4.64755059008015,4.67903907124334,4.5554033872475,4.8307674856503,4.49935036766295,4.31147701248812,4.59309705851845,4.1751134633995,4.8720504402442,3.53316767389259,4.69931863699031,4.28955060814811,4.12074641966418,3.7194366369387,4.29922881133774,4.46598653241292,3.91751604589767,4.49051351432249,3.48737868138998,4.50101615113802,4.57693811935732,4.31259640907667,4.35845494311701,4.12419563951355,4.65379509697065,3.29619686011822,4.61064473499664,4.6413117263961,4.77268248306083,4.51506374256349,4.87336698403197
"15",5.27326779750405,4.52481854866178,4.60500679603491,4.42453257619792,4.3698679402798,4.93901485144531,4.67919728521269,4.76689281035739,4.60996849037637,4.2454066961643,4.71175284247817,4.78138743344556,4.82018044210044,5.11249411457836,5.1421217868637,4.16364151269101,5.02291471637076,4.48270889535712,4.97471371483256,5.07539724179583,4.77639801979909,4.69943762997256,4.51696308089518,4.80536129189906,4.86374537706496,4.81744689341323,4.65703917667395,5.01800739068867,4.73865107935269,5.15470819819629,4.28980549647245,4.8960936884278,4.5769139731199,4.4784516264812,5.23625861737124,4.96995767659875,5.14279846098259,4.57130784240069,4.93640272505056,4.47951003985537,4.98250924018175,4.72904915769442,5.20998192465971,4.78110285431982,5.05145246325694,4.6831481714379,4.43010462060623,4.92409386927802,4.96801320344347,5.2158825366241,5.12836682848125,4.85506274030147,4.78192199479948,4.85860115081099,4.82548149165489,4.35215623528855,4.43733919109543,4.57802999358884,4.61713928713822,4.6882279448886,4.93264852032006,4.91893464536795,4.36206230509725,4.40513312459091,4.62429995839134,4.40521709084152,5.09153172445805,4.47602155096379,4.42329604965595,4.99981853612526,4.93398195148741,4.75154836229568,5.0443195352695,4.82791140791587,4.74943795811634,5.04158197296969,4.82583940477665,5.17628471913325,4.17827753635024,4.96681762287093,4.67909785363841,4.53631046319772,4.40807148020546,4.80532680335722,4.75147272674106,4.39288392343459,4.90412305702209,4.21563130156498,5.04159931939759,4.86943033988508,4.64952118404994,4.59855414461815,4.71102770003182,5.10125278680762,3.95043171517896,5.07328085630972,5.04748644325598,5.06236553979548,4.86803930312801,5.16821776696261
"16",5.27550418257447,4.40748271283884,4.27823157039837,4.21132557096216,4.37470231688776,5.10822208734402,4.57697113787898,4.67745518862533,4.61950402996447,4.25309680655244,4.90773814048339,4.72289561626734,4.91059505429631,5.28809662830993,5.38151086551462,3.65494511634966,5.18685479201757,4.45183082805559,4.93309887116043,4.75110337480474,4.4078774750543,4.67716020835421,4.28921625884692,4.66775056030163,4.94826261022802,4.50287591526671,4.68409093965838,4.83848676399064,4.93684894313164,5.38027256804859,4.18565386515214,4.78022388341487,4.66609518129955,4.34204406740812,5.05928898280498,5.13810002482094,4.89565481051747,4.32992277267419,5.11926354143749,4.57490250057436,4.95083142452854,4.57398527955414,5.14888399273678,4.63039049344023,5.15642817913791,4.48062944009491,4.3083274570486,4.87356696022191,5.19645302432378,5.16514803736058,5.25960378721676,4.7968314833063,4.82752394903006,4.27164465657711,5.00345858487749,4.22483543169112,4.47544425635095,4.5572859655074,4.15306265550569,4.14835335508167,4.68039781865814,4.59503104444638,3.95605246494916,4.45803373672187,4.45623882500988,4.06114679166734,5.17630070053628,4.34949901998739,4.37473887969507,4.88796650236153,4.64321928767857,4.66323258074889,5.14423581713483,4.71517823316829,4.9789493854659,5.07913770782388,4.84987197123828,5.17740163460992,4.10129878121825,4.9238252930831,4.94974299349256,4.4160057082158,4.50124065875321,4.84726124873353,4.79722961021649,4.23161045110532,4.88179560806686,4.21335276103964,4.86261326277945,4.77505192978185,4.42403672046358,4.45246650052531,4.46248261607607,5.3229296589254,3.93986665912571,5.25557842726117,5.23382167173326,5.38448066891573,4.78520755263571,5.1623987918543
"17",5.49119947572468,4.00206970675086,4.09243213988806,4.11711880084841,4.29643782361049,5.07010244309819,4.87575280187828,4.69318434071004,4.58224469353306,4.17473345455408,4.77930502699988,4.49778928990568,4.74850776113226,5.08782853608096,5.30012417619295,3.34202322709278,4.92171591057891,4.28359694684433,4.89688279303935,4.74492386152123,4.01240462567021,4.6833029614014,4.39689954983535,4.84722773260675,4.94246350482525,4.39604303956261,4.93540947889867,4.72811789759979,4.87583962037614,5.3359161166943,4.20542261064769,4.76853649831899,4.54718593549225,4.32353520264667,5.27522445657076,5.06120254703757,4.76366852388022,4.25619526527623,5.30547322822699,4.53303674384904,4.59519072712074,4.36441468753521,5.31070357595408,4.95862726760912,5.36308014360975,4.43318252597722,4.23535669332458,4.73031444710361,5.35439121972464,4.87290705499994,5.13934369278048,4.70067771396274,4.9940403592084,3.78640081927964,4.98066337962159,4.13151810556946,4.19305863822799,4.36834585579752,3.99376798750449,3.99224284141627,4.60713809022505,4.1581411301859,3.71986183204262,4.6007716387808,4.42044026452304,3.75974935100327,5.30622017612715,4.08157439283016,4.39847588359302,4.87069649359207,4.6859039771676,4.59721774247942,5.35547725867854,4.63979003502495,4.97862894436708,4.93216974234167,4.897087887216,5.30894127463222,4.04189693719026,4.94297743578957,4.60076402151344,4.20202079966388,4.24018525318168,4.65080208069819,4.56408463860857,4.07903704291085,5.05240341753516,3.76542023263488,4.25912486332482,4.88446307018228,4.33334465114884,4.40751669786568,4.15636959237971,5.31379277071438,3.53452257918981,4.97934521089989,5.20103139173345,5.32538895855758,4.97229358988892,5.18810768007332
"18",4.96836016995409,4.02003946104861,3.96383712569175,4.10444186777463,4.42540264082627,4.79895909863589,4.8671155048705,5.07456316472131,4.07214512392928,4.24164648948608,4.59705260235772,4.05697738198972,4.61425197181629,4.87731132610879,5.13694161818015,2.93829714095976,4.9360424449332,4.33455890838791,4.74879767180106,4.45111577987132,3.87565412712667,4.8019464905124,4.32830019298444,4.8277072418648,4.78998705701152,4.57781509632917,4.90218934748468,4.81325895136507,4.95232163131448,5.43276726448672,4.22319318610972,4.67006444137494,4.42087412881746,4.14844069730764,5.16432868452671,5.16645657032355,4.77682608368675,4.35252635237202,5.48557490920661,4.18291801975042,4.27611139300213,3.75484190858103,5.29476696850274,4.7231740373131,5.47649112545083,4.00778381642756,3.90036712233371,4.68142108195692,5.54073438652222,4.73330158836769,5.20027608815613,4.53991926140898,5.11365646463618,3.41480194094776,4.9806795491021,4.1740852791242,4.21893003847828,4.37560929399921,3.96134318229354,3.70919499658555,4.65826424904201,3.90469984987374,3.63499012745711,4.40968639230716,4.19834348713637,3.90976711067565,5.48017539484246,4.25890612624098,4.41441046069802,4.60351962620212,4.89295093826612,4.60775717614394,5.22003885159303,4.89096892992425,4.85029337779804,4.35686191373784,4.92045081841409,5.16997585795639,4.15888272753571,4.7959853593309,4.40590089364991,4.16369376431397,4.29030355456958,4.64214434242397,4.66709077036713,3.69340588731527,5.25929335671606,3.97512794623928,4.06785705742392,4.79228564073382,4.28310471065102,4.37922741043538,4.25364340165655,5.52890065825538,3.2776529439179,4.97554730082383,5.12987453838039,5.06888464901206,4.9857292582454,5.46058422291089
"19",5.11980974503646,4.61630728962707,4.72450945141494,4.79654235892545,4.9408436724301,5.05507100935803,5.25596924808888,5.17407906479391,4.66911505117455,4.70789390815316,5.00996311048898,4.78578268787116,4.96036908345818,5.11314857052494,5.42638996901329,4.17540991319075,5.1722159493567,4.72461137887511,5.04895640595166,4.92340826263961,4.65737741219085,4.916292826791,4.94310223296833,5.10095402256615,4.89255971463543,5.15578476570613,5.1339722020631,5.04188353162302,5.23047015715049,5.39229476335933,4.70790312050629,5.01475138945072,4.96769756880149,4.68285248062189,5.22460825351834,5.36921870059454,5.16287335587536,4.85703090749246,5.37093866650516,4.82055900445079,4.86914289732172,4.51943360116399,5.24037899866268,5.03197869491322,5.48895320223777,4.72560947068259,4.76486118070281,4.89501775516657,5.41872525781779,5.10922877690421,5.32972728477213,4.97597577373713,5.34125907849505,4.41394202968324,5.1876753628105,4.68872082055957,4.95078561986639,4.84471370118172,4.68922203546555,4.61914834230798,4.91124849965191,4.58902036524518,4.51954173844098,4.98937268581412,4.73386905184174,4.74697197864538,5.43576627166381,4.81581913881018,4.92393033575192,5.19095606878193,5.1669278473866,4.96358173309954,5.16664076837399,5.25359710890772,5.1832581698543,4.83582680800239,5.29347340342941,5.39350537301528,4.73688581394289,5.03065605030621,4.97670645651778,4.88140971446298,4.73588332725495,5.08003458803355,4.88454027921626,4.36323029383588,5.44103105474779,4.67681292298296,4.79281986003616,5.06841963223744,4.8451775340299,4.84230486975785,4.8740956580084,5.63495880399057,4.27788876289802,5.18991360260413,5.3725519650306,5.38587404950635,5.18898656169253,5.39164117253116
"20",4.94854284586102,4.62625116856269,4.22785379013063,4.64488738380163,4.86863067663416,4.53751697935005,5.11956663776216,5.36051927780863,4.75359697941267,4.74182143676709,5.22651028546104,4.62863402908681,4.81174957676705,5.23722805229597,5.52271258880836,4.01802038568782,5.40124134595687,4.69991231477407,4.62704469022407,4.81153864417042,4.39166530137583,4.79606687825273,4.87335003031101,5.22289060110072,5.07795892953518,5.30303295934881,5.35515659315273,4.90751702254177,4.8868481172784,5.3227446834114,4.82583677737118,4.92544864866978,5.10200660591579,4.47030378612509,5.59284734276679,5.23113658675708,4.95614017164968,4.80749616275516,5.49395992282189,5.00362051862283,4.96991202931548,4.48473098608674,5.03974986320593,5.15971002562675,5.51925601347556,4.71177102963127,5.0489294545738,4.74590580024926,5.1875656833526,4.90956419541218,5.38230289898976,4.93536315040078,5.22570887782865,4.48192353409137,5.18149069506481,4.6608285664837,4.81193068483623,4.75053295559053,4.50710939408432,4.30491261446337,4.85819544882769,4.66892449519847,4.3484048162697,4.96937504904159,4.72436451141359,4.8538270678552,5.28318767073632,4.78722789563297,5.20663055152056,5.26809675305014,5.11742763328144,5.08379546016249,4.87138797586984,5.35094796556122,5.47015392373659,4.76163637775901,5.3076430002251,5.41457845983585,4.73677761084511,4.72555944679651,4.84544358276855,4.70424237864633,4.60601548598211,5.10352815276331,4.51453077620223,4.17494775564951,5.4159130751736,4.78678244139635,4.6873203051852,4.84623939770757,4.81051738404156,5.06514305366969,4.59785900582064,5.61800482576876,4.31504905164667,5.38031267245387,5.19129778625954,5.59228651593193,5.1633755994773,5.47275813831196
"21",5.30949409871418,4.92108243738555,3.96657279915533,4.92918035791824,4.5803633409148,4.44986349375372,5.00796694009405,5.30331343224722,4.82479256814191,4.54583444631821,5.3245435121732,4.3496567952788,4.9688804193988,5.12387868913806,5.4630266746125,3.86619057301007,5.5023727525939,4.65276058364065,4.24674468785011,4.69650581178411,4.20429150637054,4.69115575025678,4.93363258537101,5.20848816474132,4.95363604596985,5.34232391794707,5.24661757574928,4.79204974185551,4.72142417858561,5.36021039464148,4.91298113847979,4.80001570655178,5.12761571052304,4.58871394531324,5.78137796976996,5.32843899506453,4.87883569926034,4.76130191909875,5.44379501696824,5.37341353084128,4.8108019158418,4.50720757557469,4.86881538468506,5.25469913977421,5.54507811030237,4.67450873407587,5.14075342387024,4.85457424081972,5.32356526798367,4.65960870000522,5.44025019745928,4.89740180073232,5.07132847479311,4.37689553111511,5.05763026475574,4.7264363551324,4.75631397767956,4.97442940552552,4.45495053552894,3.97636101591357,4.67291709467152,4.57854438515053,4.0627072386515,4.73293383470859,4.87833185340663,4.76811560143759,4.94738195292313,4.70826513253432,5.20989831946988,5.26661455685162,4.74570382567183,5.23835727067107,4.86651713013629,5.32189405309097,5.49354286654692,4.60924381211322,5.31327661053722,5.13799538770087,4.68499569385833,4.38667986752747,4.83844103732629,4.65325303929444,4.58877603126563,4.9388532229972,4.24979533808607,3.9606271571079,5.36213691727884,4.74160673845694,4.6771606150746,4.86421118978372,4.69691687013054,4.71398940524096,4.75342609224979,5.8770844571636,4.02306250500939,5.31996841722291,5.09094606301647,5.66256360137648,4.99221712799448,5.68254489932845
"22",5.26711470392134,4.9551162787862,3.66909491661876,4.85968123915891,4.82732820426689,4.29558110351236,5.19254345785889,5.16482884096329,4.70859906429452,4.49290152372535,5.28067065909596,4.18101210810414,4.95636225716851,5.11676049145316,5.57338273758202,3.85666934624574,5.10586834844455,4.58967299577488,4.36933299005226,4.58871676990872,4.32105144444944,4.36748582193675,5.03674802021601,5.30606301263353,4.95792475196853,5.36032122710974,5.03523978872161,4.99774772214597,4.61413920105158,5.07042350999919,4.91571071261092,4.82029972929654,4.89034093321217,4.60638153283655,6.30902706297554,5.20194420146699,4.78027332221743,4.31220733191217,5.79267011092577,5.04902608874004,5.00009096651741,4.20200842554651,4.74455487773845,5.17416809052521,5.35928473042775,4.18784140042161,4.8918992820074,4.94615042142078,5.2707466334393,4.5518632853927,5.48683822685927,4.75539224728882,4.97009207485345,4.25254918743083,5.50304795300462,4.34838052154216,4.83509803254136,5.23171582431202,4.40253905095978,3.95128913225862,4.67016240765879,4.41345303102016,3.84656476380404,4.56373932474957,4.56332070452735,4.51986981562026,5.12659519088831,4.6352196445474,5.19455666818458,5.36398314629748,4.44035790726998,5.25175678199617,4.75939051659305,5.28906002299541,5.66393479507334,4.43847586044055,5.48376012579253,4.76664490133823,4.80536639483601,4.5285728772479,4.73834141509399,4.76990212994453,4.80678385672825,4.9240208537378,3.97552657971436,3.42408335476784,5.0518988391514,4.57573185112326,4.80284387500807,4.95596013357894,4.818529724913,4.58609247150542,4.89235381419185,5.81771727024877,3.97984439901085,5.30062077518303,5.29774026697032,5.34645932950397,4.83992281898783,5.5579922881789
"23",5.11812357785835,4.99488877838649,3.53817291424416,4.90554550139142,4.61240766104411,4.30770677064384,5.22456239763498,5.18143552578717,4.66082266620112,4.62764329283116,5.27172725067818,3.82452496725864,4.93894219456757,5.22965163308231,5.46885786780849,3.54473686139134,4.92061614006328,4.69124199211575,4.16832731427486,4.59309005119527,4.30227655303194,4.2226755748792,4.95465949260289,5.14009022313474,5.13883385528274,5.29099761605619,5.07635925522596,5.00178414360333,4.39525993780462,5.15991134428826,4.95851331224928,4.8348412417157,5.03710990730081,4.5782371716355,6.18274256177852,5.39316838911137,4.86805342147597,4.18057379226371,5.95840356045408,4.93973164138773,4.85435091974082,4.21330019665582,4.70555104938457,5.31543278038387,5.26470127557916,4.26565411101736,4.84025562400147,5.03390378230846,5.09456348533385,4.49886155033445,5.28677754327252,4.7978493476043,4.91842741523089,3.74263120519594,5.60627876756185,3.82130748979822,4.88154226839443,5.37482778519876,4.37731351777632,4.13137935520624,4.64514474360576,4.43862689480596,3.45673945458062,4.47321396326193,4.43700066323784,4.46629763114681,4.96955307113192,4.50164404399257,5.38313214644296,5.12191115384548,4.35044079786179,5.18651089268644,4.66333947846362,5.15877422692897,5.92687804419126,4.2061854199425,5.54546151543274,4.53449115149802,4.80811096683469,4.73339186353382,4.86778013427435,4.99573659368439,4.74433977090367,4.97131841890518,4.05458240998635,3.28769166788961,4.87168321054517,4.65304895296979,4.6981931455367,4.84563117744724,4.68578618140477,4.57164234885413,5.07560283974483,5.83124531280289,4.02845715607402,5.37952281312782,5.32107763576035,5.12427928600016,4.61580598881006,5.73583164632511
"24",5.20282451779531,5.06469304537208,3.25337971463046,5.04819870768579,4.7436125163276,4.41812409909381,5.17906093794291,4.98581166650055,4.32207603928251,4.47567832654355,5.0044487288832,3.53440860691417,5.12146273689904,5.41656535205263,5.39369616274506,3.21305873813035,4.94250502104537,4.40855943027708,4.04544463970869,4.88707774196959,3.78349766756784,4.31519303175364,4.69506288501934,5.15408744511545,5.25051506827339,4.97397065073452,5.31971989365536,4.69437080051994,4.44983758001615,5.04200751381555,4.87726460167037,4.74918294375215,4.97695079324937,4.53722308208425,6.23194511339302,5.79367269889086,4.70588079344013,3.95700693192573,6.02262819124523,4.69655946598272,5.03561642600726,4.17633097800348,4.6828861474957,5.34174210631486,5.27532827181816,4.20212970826745,4.67995516602013,5.18051382887806,5.21353498526478,4.56138050169664,5.33906206044206,4.78821317013563,4.61634750218341,3.37523342189029,5.4396887715959,3.45160906943812,4.76061064595683,5.21680829114248,4.44909850219428,3.89143480656236,4.39410423662655,4.27427970341638,3.29184914830533,4.30353511571459,4.22589558054808,4.45408143770099,4.93083925849216,4.46452450758904,5.44154229186017,4.70683870892141,4.25640504103227,4.97074948781482,4.55859308369477,5.01081959945871,6.10083429604931,4.220867176248,5.16623452648757,4.47258059285919,4.64705157148475,4.93961085478004,4.99757323755665,5.06852234762352,4.95849367341874,5.15047054038725,3.63297595329514,2.96002300508289,5.10216941993607,4.68546758165528,4.81641226536175,4.67464117873955,4.71415306545372,4.29738788180744,4.83900075635531,5.45578466354498,3.94143152887666,5.50753823710219,5.17118290089579,5.10807157354123,4.5929332248537,5.77119276488328
"25",5.16295152593826,4.96629873505694,3.05833244741866,5.04177008090117,4.33292885853054,4.41205724891554,5.17846603289773,4.94619371070228,4.30346349724102,4.61011406235195,5.18703151870185,3.39917198294169,4.85021122719037,5.26515455969557,5.10879197594889,2.78258321030662,5.00729025208916,4.22419910826715,3.85951607762124,4.81094480969803,3.77096990755288,4.34072533480428,4.49671424885255,5.13654738129138,5.4073423278618,5.06718549915765,5.21556803667456,4.36109037198154,4.30000792587424,4.94581963629671,5.04915359689684,4.5372636654342,4.93512578709948,4.5325295720883,6.51469313617324,6.0664745326068,4.4011977856922,3.70299679966725,5.97236413089786,4.52801505137922,5.24441176051897,3.88931138285244,4.3404168213031,5.1808227698822,5.28322806672534,4.28679400642203,4.62424747963682,5.0114379955027,4.97445667530976,4.51630200373182,5.49270426743292,4.70926142266815,4.55875115273659,3.53619676673968,5.36671405746118,3.27401329578473,4.66388590175852,5.35346900005434,4.31392430816783,3.54572456740457,4.22201274955553,3.98721423430503,3.01353389172518,4.3434807473637,4.20353144289298,4.2194827201993,4.94510348803931,4.39664209528019,5.32930608545231,4.5489525038857,3.86622191261957,4.96154110505342,4.29783209959834,5.08172590494078,5.98807948945267,4.1228607227724,5.07337248759756,4.48831001831787,4.88974379561694,4.69943524599972,4.84203218026877,5.07266745451196,4.99927852835241,4.81138047470715,3.76170025245333,2.60196714796263,5.1272860686343,4.69565406120941,4.75894018095491,4.72119681281826,4.79376105941593,4.15944033877524,4.67174589647288,5.56934578354919,3.44808708092074,5.20571953999526,5.03841801021055,5.03759700142061,4.75157317551659,5.82741568877455
"26",4.98797187234062,4.90392128249884,4.21624764047931,5.07514242959759,4.68884777263627,4.78651156584937,4.98800404982321,4.88129247795035,4.65583567571535,4.94595060829118,4.98507476439053,4.46338707325638,4.92320574516983,5.17370201663266,4.97381921488507,4.15660260542029,5.03156207103013,4.65690423751221,4.56113902649023,4.93151824060655,4.63033134530819,4.82234194128445,4.73699059256717,5.08728570089936,5.20472925840098,5.07760168019874,4.91498001746877,4.66220068779177,4.80320257991968,4.99429514696332,5.05894687306361,4.7319518976218,5.00271599231519,4.83881649811756,5.67344487199218,5.45336144812172,4.8134936032793,4.49449530741527,5.33406756820871,4.93646889335064,4.97495361433702,4.59137401675395,4.69131315585299,5.1425358538609,5.17245887146827,4.66863281950682,4.84007524909749,4.92872610695553,4.99209580213038,4.72287112134089,5.28708963833864,4.76091187876149,4.87577364875855,4.42036567349708,5.17702072345954,4.32779064402192,4.86070981509145,5.04152889165401,4.79823487040869,4.4074321425894,4.72302899182248,4.65776089208546,4.21732868171936,4.73051312005989,4.72186252288774,4.62573229895505,5.09276929026706,4.86431309597736,5.17772409056205,4.82663188722682,4.56090590952379,5.0200153423454,4.66996025160512,5.00027961864968,5.35071673463362,4.71895802702768,5.07687543678791,4.73011090618103,5.03990667787457,4.82941247805189,5.07284679678769,5.06237042925444,5.00069584828349,4.90842417335844,4.47266168718552,4.09690661626905,5.06340080749151,4.8265739587435,5.01190502554817,4.8564931551746,4.89430170293843,4.6444726033567,4.81242379994589,5.24186547266822,4.50342650262204,5.00003804273925,5.07881755744528,5.0364843970378,4.91783901363311,5.30325902988148
"27",5.01598695678276,4.77487528104239,4.34145484097526,5.05051209397959,4.64636504917323,4.83963440544631,4.88212519775754,4.68241873149234,4.92431674061082,4.70487624739309,4.98274545099907,4.37970383572589,5.13406709743984,5.12632849314711,5.15154073520906,4.36411940854143,4.68140274292036,4.81529627158184,4.7130032906182,5.12017489250124,4.7094989350887,4.97339693392586,4.72835746076882,5.04174108825396,5.23419823443121,4.9577426971249,4.96630566654765,4.70052004564728,4.61841599666248,4.9331939396031,4.99775077971417,4.62109125334324,5.10664653263807,4.82591998616279,5.545380687798,5.17623012442302,5.03173254046357,4.71635007659208,5.18511837951122,4.8567058777706,5.06939328407011,4.6661554000333,4.68549763206943,5.33933039873171,5.10106831050159,4.78955061441029,4.99995255832721,4.77982209486501,4.9262869810212,4.85105550261476,5.19456944607629,4.66281950383669,4.8311000031426,4.51618704154629,5.21462542318105,4.34595135658729,4.95560887574003,5.28658049090622,4.99689529981441,4.67723227628855,4.96971218663451,4.75241447539398,4.34078137265374,4.86297776117897,4.76173638064121,4.75046319395426,4.79763213092047,4.99564971168179,4.8146537101475,4.68466563181557,4.56467373937115,5.04536567427681,4.73278462686227,4.85452873543515,5.34008080746804,4.50882345263355,5.16467793154552,4.65846444495331,4.99004462317967,4.8224703530604,5.24880455854911,5.05423646039676,5.00887278074004,5.09579308784292,4.66554981186869,4.16799896999918,4.97567099587821,4.75557847022575,4.91150130688969,4.94574422527684,4.84142182306252,4.7286494427832,4.67699284816258,5.21506016036432,4.50955411435709,5.04079730546731,4.97490843244241,5.00303836951914,5.08713336982413,5.30837242370347
"28",5.11227762898479,4.94131423224473,4.52362451873388,5.50368515758309,5.27826981207287,4.89163722154272,5.03286451124991,5.30611716243418,5.00957721789871,4.86057751250708,5.48461485710318,4.53551838820587,5.59087780361832,5.29118882349452,5.67815189329661,4.49518622808027,4.86208250375815,5.17289533723782,4.85316474406491,5.69194230759575,4.82001751465205,5.15234830578161,5.12594215735095,5.49078253356252,5.69697615154251,5.21929964565922,5.56184418661647,5.04764768228007,5.25929973440528,5.51321705270246,5.36150294625531,5.07593061720812,5.53860435923408,5.20880951307866,5.92898030112402,5.6724656101259,5.3577025056043,5.07433886024255,5.7655868876154,4.77981355500884,5.20453651707782,4.81827530808159,4.91801079829515,5.81676104405742,5.23822849624364,5.0959817809235,5.34529990094001,5.27810659111256,5.14188849154799,4.95398616457878,5.35973349500727,5.19969965942778,5.30987386916282,4.96847157120169,5.70999181281899,4.84444320173621,5.09577175822623,5.44091508385263,5.50875448532284,5.06018404611772,5.04122607988379,4.90557151184705,4.56248964698977,5.19387743146532,5.07862463525355,5.07480515997957,5.19475132666476,5.02069871487349,4.75257646304,4.83004323054392,4.66815711646447,5.36585903544716,5.09590643586817,4.59944529129123,5.93262132045202,5.32511736832552,5.49339878834281,4.61516978787967,5.48643248603772,5.17429870115845,5.44596518819666,5.24052378212125,5.1505124435,5.70651734204065,5.02747985001279,4.2046116601988,5.46289957760461,5.00721126440364,5.02743224822046,5.16977119932951,5.42470680227809,4.93981631100385,5.24441492939563,5.7385765430656,4.97691874273699,5.16371072050071,5.78513371386018,5.26495185397312,5.57383141996973,5.18176187928985
"29",5.49836110018522,4.95026050815536,4.94576407858797,5.70815427452508,4.97219033788553,5.43197152184842,5.35681854120199,5.86962482924691,4.94148157768701,5.50794058953218,5.58557824940517,4.77997836296762,5.66278996077285,5.78586473041948,5.70728487210792,4.53179467516454,5.1213095751791,5.22434509538403,5.09835964265961,6.05803163765802,5.35476380757648,5.58205273790134,5.27070742501508,5.61601950091082,5.83398823584105,5.64255292403584,5.62841128595316,5.11894214699672,5.58070758236499,5.57253271527091,5.54409827669707,5.36477041500356,6.06348601609757,5.12659463912915,6.2241779238815,5.96828153014295,5.84414624059339,5.27884096121307,6.48910517454149,4.44133327893616,5.45221368578392,5.16653908501136,5.11760057566612,6.2676669276768,5.63736085721958,5.90947806925335,5.462182319903,5.41264390378559,5.60606628060373,5.13848620608993,5.38515283857705,5.33916370955924,5.7872326789962,5.42225622259619,5.92402012013277,5.1732818966324,5.65732495727383,6.23662457860561,5.76535656819247,5.34408804304449,5.03821276673564,5.40696388143614,5.00111954869578,5.39034168532223,5.22496009474615,5.56118338886541,5.2151384114886,5.24476825477188,4.79049207963525,5.15975209437034,4.90456150728466,5.48246308416391,5.60428657378989,4.92096273307914,6.54508661232003,5.88221453004036,6.01403329904983,4.90211631152569,5.89975194972558,5.48025453432148,5.96400390587061,5.46181153754028,5.51514553878545,6.31600038007583,5.20521814677232,4.3638985540092,5.77897856037204,5.42152628003798,5.39216429541134,5.42982685270223,5.73666885767849,5.40217905906391,5.87326908595996,5.99431679035965,5.07372102492982,5.67574184285892,5.86954043728826,5.21002250836559,5.83854362325309,5.46058048631635
"30",5.54075414091786,5.0273090816878,5.35616859494448,6.19940764136373,5.52015658276404,5.98328910212768,5.58698016705382,6.14676491379668,5.47723177448045,5.96233086652285,5.67611968743193,4.94529279863069,5.96636818220079,6.06555896545646,5.61098767319446,4.53958163123059,5.543818879152,5.11380320648648,5.22352308260663,6.68282226062081,5.93040927722494,5.45834773991374,5.47077138315475,6.24280327265347,6.12740276254468,6.09773214160774,5.82815886689538,5.52408832817856,6.04455155707652,5.79056208294752,5.52509748425026,5.26413902904805,6.62794702363429,5.50453160918437,6.68340215635265,6.25074623156274,5.8458420718888,5.70731940751801,6.77566705332857,4.7455092063778,5.91149093015515,5.00750241144073,4.94458772589373,6.84283290333373,5.66128874326827,6.6102866612295,5.61826276898974,5.82399443364373,5.86655115542391,5.21122817435052,5.39683654813625,5.65444129363293,5.84256602179904,5.60208735485507,6.06319302457821,5.64162620806614,5.91927321705487,6.22970856793796,6.32238001554811,5.57178722725883,5.29571423978328,5.44042795995704,5.18828724572082,5.35876565083075,5.31701378836221,5.77737431818034,5.49049808234125,5.07442079386793,4.95254285499214,5.27971674998188,5.05844279576879,5.43722600487276,5.79896803621408,5.11967620429827,6.60760567677424,6.35993905935125,6.42079472419348,4.89147142896343,6.59384782562446,5.66632919733068,6.33073505207666,5.91747740845538,5.63197069298906,6.66626536410335,5.16316347612042,4.78919298508552,6.31110655045961,5.42080314521855,5.55392849894305,5.42285970078244,6.06864705903551,5.68120921243217,6.21259601726719,6.44411595279419,5.55329052462957,5.91053313733631,6.34003362525264,5.66928225747063,6.11778958658399,5.91616116323574
"31",5.70727770441374,5.30198241693353,5.81032632445714,6.22466141418074,5.54184316256464,6.26855008148241,5.81377298579114,6.28481620937024,6.10913756225101,6.05584670510182,6.06771229891098,5.27358907604756,6.24529920355348,6.45439094309524,5.90890988706312,5.12955655446933,5.6516153106319,5.39056898488238,5.26325217932269,7.18974327931194,6.27293536163343,5.94934105771278,5.6935951283797,6.6863464695343,6.76604683637735,6.38163676037347,5.99613079132184,5.67409764916856,5.84653298385782,5.94175193179062,5.44142854042799,5.46824345282357,7.18128424917684,5.75032032720338,6.7678471671289,6.45102440205151,6.31284583461052,5.8065758521844,6.96033380905065,4.78366242077096,5.86892161514751,4.78072744182172,4.84830931108304,7.16976065263968,6.0416577381078,6.70279213052569,5.97704444457783,6.07680848094565,6.29716418187361,5.79791845849242,5.61764217287464,6.07004831223512,6.39828852189975,6.0670493843939,6.31332877320075,6.15921350798919,5.9237843255512,6.6650066795609,6.43442074547089,5.44027519510636,5.5999441633333,5.72690565174993,5.55014981148694,5.62916117231589,5.34541230493799,5.87796446331415,6.11672250676214,5.23403944443531,5.25460471338611,5.81519847440329,5.04738044251441,5.54739561502688,5.86652721897654,4.9508787583941,6.99629054107072,6.41990988564775,6.72077638827865,5.42960804281817,7.16338107903305,5.88142364680406,6.38880186382111,5.86209762352434,5.99917546920079,7.00149500343879,5.51238337808704,4.7479315204135,6.74073922303844,5.40607856276431,5.59243338874997,5.61253210676839,6.12192301943479,5.93850970623457,6.39960398498301,6.55095258857576,5.53378081246102,6.21811038228984,6.51351744272097,5.8317198275105,6.33615801080282,6.21628357314625
"32",5.90661475301343,6.02370680150362,5.95413644345068,6.59843752587849,5.73612752652601,6.52326340772814,6.45490710165247,6.85190755046474,6.3038036306989,6.37653180107039,6.24589942663323,5.5270754632927,6.80769262603482,6.75683048999142,6.2522258591372,5.18330717706735,5.85605589328253,5.5711409872687,5.54749035567756,7.05245829415834,6.11237917755096,6.24671535483418,5.6836022877726,6.75056358527342,6.8749384540346,6.41030256305938,6.34713005089878,5.58686152176537,6.23618093077047,5.98435798803823,5.83458361828736,5.7401210178555,7.82514313495578,5.81302204467618,6.84065578826884,6.49588209256692,6.53758960679836,5.96069368007147,7.01728343408266,4.80916801759402,6.0886373028426,4.87956485365371,4.78849295275579,7.75138436515429,6.46996731974862,6.98388106395909,6.43895973377795,6.52571026586423,6.51415966654615,5.6277150254833,5.88237072049241,6.05626759053106,6.74738003450708,6.63075273715005,6.60917187816893,6.35723022712206,5.72145501761568,7.50353538144717,6.62922239992634,5.7874588959428,5.86289966904354,5.63182874964539,5.89996355085025,5.68324646463912,5.97143892100094,6.46121108811445,6.41079110624622,5.35019144776858,5.72628615267538,6.19120129018793,5.56789616143103,5.87683369776145,6.20340630920214,5.18657371805401,7.1890715350895,6.78904485776914,7.3543522681951,5.39512161049189,7.59934047768931,6.373309430352,6.94551150728378,5.90554499796681,6.24031906704835,7.2629379855028,5.09265076301157,4.9243423894192,6.99056931707496,5.75375572760816,5.53052362830724,5.80834695392472,6.56346210147118,5.81539162648307,6.69938001875974,6.67825854688445,5.69954866171121,6.40043870373753,6.6640232384791,6.0160467238438,6.56866355148096,6.93165122605999
"33",7.02467754097237,6.82856278173397,6.87479329710474,7.29832790908204,6.85470796288617,7.16973502221497,7.28685611614615,7.39688547243705,7.12406090617956,7.10359812505902,7.22906629305386,6.55331069823727,7.23011229383652,7.23771198443792,7.11549788704415,6.60988692230843,6.86610578692067,6.86693492894303,6.68459727313645,7.39723533192304,6.84542945300921,7.03614402928084,6.92719284991396,7.08612898039308,7.20496728237758,7.01700812236665,7.06421516290641,6.75793851401867,7.14292266556605,7.01033423185338,7.06386861485094,6.80164616897818,7.62621181669038,6.80527653007834,7.44791087992632,7.1840254156252,7.19002845652024,6.84909377457754,7.20087084647054,6.54169933767356,7.01253955813265,6.46364815398804,6.44536602703858,7.69389603766822,7.17158386170138,7.48839721268283,7.08714469734451,7.08755719452323,7.210705835635,6.7570806859943,6.80033944023282,7.01734551932927,7.26262605781849,7.27643041843412,7.22576692670201,7.24351833553987,6.75147457745465,7.59346101328729,7.18631069191438,6.86002896909805,6.85656829764194,6.89040337147473,7.09899751786944,6.82375403120436,6.90528594813217,7.21856944778101,7.25462922997551,6.65936023449048,6.84087590033961,6.96873569620281,6.73636323325278,6.96153050624576,7.05847848655643,6.60360674589534,7.52300565757393,7.3538447912978,7.54315162324696,6.71895129768761,7.72344668290813,7.19387183426827,7.33455470725238,6.94154854984539,7.11214949022456,7.43204694883458,6.75031034493358,6.51033293676097,7.42116389483003,6.80155095765522,6.84858040746324,6.90908044290616,7.24138614643893,6.79206574539881,7.22924038912601,7.32591419435475,6.98142726997468,7.18527495871146,7.28668726110908,6.88710421336178,7.32964657445952,7.37662707548143
"34",7.12990858371529,6.89048043714032,6.58714588332664,7.84478579934304,7.17585701830641,7.47885399993158,7.46286382698875,7.6565243010151,8.01784944862343,7.35675562086488,7.34247010813829,7.0944700052283,7.19991361609416,7.2809310325379,7.70681666702471,6.7719131540215,6.91438069578875,7.11223114138151,6.32690258493142,7.56345804022119,7.1826261258683,6.98370412917117,6.90570475978546,7.24936981911142,7.64006721354873,7.42581947259058,7.30153414584666,6.55711186087353,7.4340291461616,7.45770338076025,7.74442627654609,7.15094412454845,8.03408915113413,7.0014408568464,7.73213942513061,7.29420670560078,7.13977081381388,7.07771272604249,7.12233636515011,7.08072394260261,7.26598158431081,6.62141078608323,6.65242902883703,7.75518143518782,7.34810901450578,7.82039732165272,6.94618169196736,7.3161119344211,7.765772076783,7.1729829756564,6.65085895356106,7.38686190791536,7.66944730856306,7.32548317660422,7.53787581561353,7.20308680923826,7.10297555743623,8.05677209947446,7.39160421099259,6.75807072040121,6.60720199440165,6.74787226958437,7.40009359657865,7.0326932285954,7.77382091723684,7.13061614295349,7.40685087256139,7.0994545929633,6.52245411221172,6.84296907828497,7.00802934984765,6.94377886144102,7.32577150942005,7.5368166314677,8.09550468926397,7.49473334492287,7.38313465205287,6.73459425239747,8.21002704238487,7.73026030246233,7.7946085540592,7.56414168391787,7.43458972142851,7.39475498280168,6.8302856583387,6.66718191044039,7.5871459067912,6.76532065702881,7.23314319959725,6.81570808866558,7.08330271526263,6.96124618862189,7.32570676470442,7.66189499077037,7.64260662166253,7.5660139811135,7.51334163562326,6.85378375586601,7.56366869382053,7.54246412998094
"35",7.45685543569326,7.07350512725342,6.8908170471691,7.91050232714947,7.38903123402602,7.55342921318224,7.59118988296758,7.99607360711958,7.75813080790391,7.66336321086787,7.3825173683331,7.03791258540134,7.41849912016964,6.97327588144265,7.60850046133762,6.79255033432361,7.28547793106823,7.44918683821752,6.9068720777892,8.3753704650275,7.68574530806134,7.30958141961651,7.08998147577492,7.63268654237172,8.35256607720566,7.89265859934557,7.63310547961866,6.48498399399179,7.59507106342066,7.8033011122195,8.09051159687358,7.75686401474356,8.84270114993274,7.66768697016732,7.77201647798464,7.49552974267221,7.71350730450437,7.81281481596832,7.39194101188674,7.65478744756705,7.49069646513438,7.31270955547998,6.88642338551367,7.93709879692253,7.77758441617012,8.16594066845939,6.92380477477861,7.87573815512347,8.40670654847306,7.42700923252434,6.785501876233,7.6236154364428,7.79271141324775,7.33133975213649,7.76536947383176,7.48331417624311,7.54975489009959,8.46137886719169,7.9563645366829,6.88756863181862,6.98068345710127,7.46607291868375,7.38401255394075,7.05653504304428,7.69791434542921,7.2548187189034,7.25183374789535,7.3076195275494,6.77753236967765,6.90608847623593,7.01691496674447,7.29522609051706,7.76642897928472,8.06722883916457,7.93379648309085,8.03057576397129,7.92668065851501,7.0921644978175,8.38170160571077,8.09255763455466,8.59555148711733,7.74986910260378,7.96938640127031,8.18158023017503,7.45969517154168,6.78789473701147,7.98412688835027,7.31046115735538,6.98302862426654,6.93098502374802,7.14520348643681,7.07175720458451,7.48874108999359,7.63617725448034,8.09705528126485,8.20975138228316,7.89553591783251,7.18141590882745,8.0478814310259,8.04514002415051
"36",8.09898431954347,7.67875399830927,7.65494150182196,8.18879294069764,7.68726013691704,7.72533087570668,8.0491346564508,7.9686964930623,7.93064644606184,7.7276013353525,7.93082537284891,7.6898538949414,7.6902589274266,7.65469289014928,7.70719026611904,7.31199531870707,7.91535075063558,7.94955038011917,7.53761946059381,8.41862624236324,8.01610796972881,7.88875663423924,7.64411016852499,7.57520440770643,8.17404468642711,8.05158208065522,7.85144166477167,7.18739347838607,8.13195248609174,7.92470927917975,8.10163760003928,7.91075367648139,8.66241404184927,8.00411268012878,8.12214500956803,7.77296402744741,7.85582489919873,7.69591985200058,7.9007408053681,7.83137402408707,7.74668370820196,7.7341902248424,7.6425295308996,8.26433495609523,7.8816558268636,8.18649715060874,7.69164052298105,8.11773566050737,8.29432148196056,7.52405031918964,7.54947610407966,8.02827428741224,8.18422792010328,7.71545307692745,7.9673482481244,7.83355943770834,7.95219427809748,8.32597702963618,8.43275870873026,7.64998130670513,7.51239970697343,7.97174376054844,7.80009840371223,7.42126478409024,8.02508817402699,7.67119522536118,7.85616397087929,7.53282832620366,7.37410566595059,7.50807331109892,7.69505757022619,7.6058673086594,7.96536381390089,8.05081570764578,7.99918264087874,8.370216603474,8.05326385357318,7.47167941664439,8.2902353609126,7.91470665471813,8.33267866622669,7.95018375141835,8.17316202400667,8.2902810595003,7.80628455287781,7.33721907096517,8.0866128422807,7.72666388015406,7.57498437567456,7.52408634714142,7.56543221899757,7.85454090431136,7.93200023191056,7.96445819257198,8.27919485552177,8.17456557490334,8.22137112710587,7.77898888665333,8.449955608907,8.17371605943832
"37",8.26327313023389,7.65213375772399,8.16843516896392,8.87323538479457,7.61371039737115,8.0294886843984,7.95901455327881,8.36276174537248,8.61765999864386,7.95199854905137,8.21631571755575,8.22651853568091,8.02928581553127,7.69125060959507,8.61089044432829,7.223933231423,7.90747935328886,8.36180009044757,7.98662026334623,8.74293396699407,7.92883018082233,8.23377898694671,7.7771839421763,7.95397331390458,8.55580512118115,8.93193961450938,8.33153642838508,7.33046093698405,8.38560024492561,8.37855698132682,8.74548770632269,8.00965147501352,9.12486414416169,8.43007093542892,8.4127456351682,8.27327038674867,8.0377955686225,7.92245141395495,8.51337028897457,7.83236175907826,8.00629924670671,8.47046402481605,7.70738907326223,8.84365099498807,8.21115865218068,8.78435846915739,8.33093067558229,8.2566363670857,8.84640403870807,7.91747992149678,7.91950851782971,8.09253923507354,8.90178757601496,7.78353138058173,8.18503374071484,7.88671922390181,8.08244597180608,8.46822708582989,8.79642305941573,8.2834451150438,7.59723127971068,8.5887499011549,7.63004336251091,7.62227743801371,8.38360755563021,8.29997975355662,8.0387348293249,7.81072787677894,7.23390186582365,7.73451432726552,8.02232091902512,7.38682007198166,8.20768810699096,8.52398994604889,8.41556321074345,9.11928815652551,8.56298953612082,7.93827612969455,8.11392335914253,8.12844850198794,8.24385545151402,8.57165365744387,8.64239127648122,8.381218660212,8.32563084551881,7.70597781627594,8.03603498134821,8.03997934310824,7.62615244017347,8.12372127758286,7.83268067624098,7.77069858606872,8.62701529805671,8.18511301992734,8.35431136524051,8.40257002168675,8.84759519119728,7.80003802996971,9.26466310318903,8.31881800231592
"38",8.1966400773507,7.85782332583683,8.1829008531085,9.31896290107889,7.46219846699508,8.00962317087975,8.41761773127455,8.48529843842539,9.0279320936269,8.44894435056719,8.30899195101985,8.72215390149542,8.06372400219054,7.60946608153284,9.28288357810272,7.10742224651576,8.60129466945761,8.83699523219579,8.28473870161164,8.68370920272743,8.49314304964709,8.55757549224585,8.95306695977249,8.29148505623126,8.77485227215978,9.46419720935175,8.4870240651272,7.40873475068127,8.96009423633573,8.95808385823343,9.055199899133,8.34693845094184,9.082334356273,8.87973084561001,8.49740679446568,8.81841220394937,8.27600637303212,8.63892446174159,8.78996560233902,7.9985404668617,8.41311833945779,8.47616683906476,7.73759217283474,9.42140490633546,8.26916465262754,9.12943910036878,8.80497254001506,8.82115358069096,8.956535347524,8.31178591726874,7.92010767138025,8.60855646392907,9.35990779194743,7.70115792952982,8.96430613407899,8.16477263363053,8.29315637064022,8.50037971965619,9.16857151985692,8.54485637183072,7.90464150179537,9.17729308708259,8.28525643302615,7.76661023296352,8.43099082918874,8.6380782895545,8.2657091249806,8.00185072054378,7.45360126491998,7.80604025922428,8.2177783829744,7.21807763015355,8.33305682112271,8.43569112449195,8.61561188560656,9.61979434148081,8.59722572551531,8.17409259923905,8.39776319918293,8.10411200618279,8.47587501254834,8.45096204701171,9.14227758528314,8.62273378224695,8.77891171102742,8.24257059538226,8.60834898770413,8.30216752632798,7.94682539496117,9.21291496776084,8.03191663137156,7.78057891239936,8.69773642359888,8.75256066312635,8.51422415567871,8.37729269174509,9.20617242926582,8.17951442458674,9.25383320913803,8.30892832286102
"39",8.59747660441916,8.50733601303731,8.44168001137992,9.56442686747639,8.05742675693854,8.5751379269331,8.84609592118261,8.87233158600628,9.40093885512203,8.77265998271378,8.76214902691732,8.70474439678626,8.25900387121955,7.87725530310938,9.51696441152894,7.03425803342666,8.86500941003963,8.78669325279338,8.35947314208506,8.80356687434535,8.8667548924936,8.58173559937848,9.38318696965881,8.91693287035935,9.08804249418689,9.4055614462538,8.30101895597069,7.6221254109809,9.23214116855132,8.80352599104242,9.84820604536683,8.28469085165775,9.49082644837423,9.02305860173218,9.00503470010105,9.72807281994235,8.67262193872199,8.91960989068655,8.9487222233567,7.87300773110173,8.63324059479945,8.81624325355562,7.79220745218005,9.34532596135178,8.3625519730294,9.26432812461366,9.07527164844357,9.06447625630416,8.75769691169544,7.99340703607486,8.11590613827214,9.01526046108027,10.0110845076271,8.05845216487815,9.18895463051217,8.19924518150401,8.90359648997407,8.92661535974994,9.40716908414577,8.67040184508257,7.86323137244965,9.46741803163412,8.37926245333327,8.19917093368204,8.48267343301069,9.4370119175949,8.78742374134632,8.25587798508476,7.78996857725666,8.39545876421749,8.46299046456305,7.94054852889738,8.50689918653075,8.86890606189903,8.52136611365429,9.83018674514708,8.6570512144319,8.26026786327771,8.74802626021822,8.45016497434204,8.26702342656233,8.8356729842575,9.2302829869187,9.08910281682278,8.74096647793191,8.65183161786274,8.71773423287377,8.56952033267945,8.01041456459834,9.61963278248928,8.3057826891627,8.1858948421356,8.77581576288262,8.86510210460988,8.61764145919105,8.50374112212048,9.51344259901465,8.53743032203428,9.47656887331186,8.23728708930148
"40",8.90335248096361,8.65499377193055,8.91557721468754,9.20722925853947,8.43019798535602,8.86500370510809,8.94711597455606,8.90813493624498,9.26202592444822,9.08782186034148,9.01526532588348,8.98170010603351,8.71713829121326,8.66204230961078,9.29215166068563,8.14144768920702,8.73234097147862,8.80163687538708,8.69637035167392,9.03896155869297,9.02985322749863,8.64059776363659,9.3268919534209,9.08083506957167,8.76049506171436,9.29991997776297,8.88331782221886,8.46534741215979,9.26836553994122,8.99496710848073,9.51948047648693,8.66819932747214,9.49083570697664,9.07608057422548,9.09723366811476,9.60883288099064,9.08995880669507,9.05183897282362,9.10255304707036,8.29633752737161,8.94963493372737,8.98718785862777,8.46169904211654,9.31595369624104,8.68151595734343,9.22651699194014,9.07198351989841,9.03997934232692,9.02124209583286,8.68276332001669,8.49831978619047,9.0901495954356,9.51165227141364,8.39662936190028,9.20446043492586,8.43577814085005,8.9439036786922,9.17205059867178,9.21079904072785,8.8761425403074,8.71935260498722,9.17255935957367,8.84990736086388,8.86711740205748,8.91975692793191,9.31427339591666,8.76732634125346,8.82724483407118,8.68293008320162,8.87670046174853,8.78973320649524,8.40324262220584,9.0078933458878,9.24678178743415,8.96727923000905,9.4120200603016,9.07113259154687,8.67003864767581,8.81628478659196,8.69168425998997,8.77530672845745,9.04547185388483,9.25219393130061,9.21249095290679,8.97612170163693,8.84773416501162,8.84990433957896,8.89123411346423,8.62630153173972,9.51651384860305,8.76129618753266,8.91284127616087,9.02493337846389,9.02677980401529,9.24580942771711,8.76139700800787,9.25154390130671,8.87137494839928,9.15588439057965,8.900099097419
"41",9.46929473921781,8.7911033697258,8.69889789591424,9.53910960559526,8.66280134626244,9.52842380806491,9.15996437808807,9.28017625454643,9.86102310076401,8.84610732613987,9.11014585717203,8.63964099595916,9.23381301221505,8.81140475609907,9.1657654656197,8.3627199263335,9.24486302429228,9.26230113460282,9.10261619734202,9.22933972561065,9.45095589039674,9.17754836085184,9.45009900903357,9.33714079312555,8.83333623260274,9.69789105452191,9.3077806805062,9.23972616203002,9.35728950797206,8.82509650583215,9.33535803212077,8.75921742654535,10.0756211892174,9.48635307345994,9.86228280937605,9.5582520213254,9.30367251416051,9.00878618098677,9.08456264918972,8.15266115833172,9.32381809055011,8.76219947341358,8.65895159723123,9.80229423522653,8.57409418148216,9.60856775340501,9.14002923873305,9.02868400644841,9.22220236977303,8.57124735148651,8.56862574646964,9.6048918260362,9.61005744561166,8.63078973423873,9.44938589666925,8.99483070067206,9.44551507885381,9.62905108047748,9.42063535817009,8.96400675203186,9.11410102671079,8.89803171867427,8.54932916174422,9.24722248245269,9.87726310599762,9.78452508225389,9.18342052547157,8.8391274679607,9.22366321276821,9.25574430438628,8.50902395553858,8.61006514590096,9.13340165182018,9.61234708064647,9.0644167000463,9.44576664716732,9.01776067598312,8.88598151532494,8.95949131712751,8.94908520284053,8.97903652996289,8.98820612785912,9.43271375424889,9.72417826609054,9.30821519986521,8.80022578751676,8.97475422446393,8.86266297223914,9.09320291494331,10.3914028407008,9.41329787312951,8.9375177400423,9.3823336102481,9.44260372158659,9.68057094150289,9.39958183021365,9.30557987373696,9.27565138080307,9.39203252568658,9.16113654352034
"42",9.85389314117683,8.91310057926475,8.85346281119415,9.66124094018496,8.75743969059916,10.112740667898,9.24603185357051,9.89159453261504,10.0551507544305,8.84089732215017,9.71789513194176,9.01277528689616,9.69362717926222,9.34672939298179,9.5650213350403,8.58319854381136,9.27570506261853,9.56301392681902,9.37622913174749,9.27116404755544,9.79221030693847,9.36484095244294,9.956240455528,9.76780112134071,9.21630586322403,10.1968383238299,9.68730743172962,9.25485980731783,9.25923223700176,8.58635108861164,9.61058187052725,9.16194517482214,10.5121497276174,9.63396527038219,9.84137152053868,9.78326781146979,9.98012271948583,9.43981442014019,9.40435260806429,8.32741374452166,9.86186020856364,9.10636855939206,8.86677628894327,9.9479679372482,8.89417126707676,9.95781864618077,9.07522853972565,9.1753908739633,9.50127646546414,8.604715068406,8.64749395923858,9.98763167858889,9.90182632273021,9.2993194320566,9.88874990385844,9.1505857978214,9.33788907062751,9.82777434407389,10.0385202536299,9.07632863427876,8.95844290094649,8.96310247442604,8.48695744019549,9.43649028463704,9.9296917196625,9.9883164320165,9.69323191360118,9.75280816081634,9.83819980174026,9.69473105377571,8.99177050386209,8.66320667351303,9.56446618405898,9.85617793772554,9.28792260638529,9.32551517864133,9.88579520686602,9.46910644076554,8.91072140963451,9.23770963377341,9.19276767401143,9.3380727758235,10.0769418381054,9.65037988761061,9.3588056963544,9.16411351312723,9.16940296824279,8.91340924190864,9.78156927284765,10.9099083431751,9.75145449167353,9.15115482378522,9.82890840208145,9.55696728298716,9.7939530075181,9.84044150121067,9.69748622340566,9.61349599845614,9.81733695459744,9.45101347976316
"43",9.85812748216202,9.28492792077076,9.41183471349189,9.54952986363116,9.13082436507359,9.93620355210215,9.27235436870289,9.64949227199634,9.82200963086986,9.13311571722273,9.61634087614934,9.36997836195928,9.58578513355699,9.55128524712836,9.73358576163441,9.15477486185136,9.48650600268464,10.0084001983178,9.49466851333138,9.48792900583336,9.52780325471289,9.39567823307191,9.67860056020946,9.86703708142455,9.26387928365858,9.84179172376762,9.75646135130724,9.16475395169234,9.51210008698478,9.35075204149629,9.758694360767,9.33426253553886,9.97801544342637,9.64086144830695,9.71196249670621,10.0866569227144,9.67652049132406,9.61412986251483,9.574325181794,8.98044572481514,9.85557430399397,9.35321339482129,8.96270053820466,9.70021837414892,9.2961664632553,9.72747984578989,9.34779701706036,9.21524058454698,9.89419802519665,8.92633162023948,9.05420125083383,9.96865301992414,9.78337411450229,9.44124576169602,9.74643319407609,9.62083176194882,9.33112882969378,9.54950795700569,9.97893642545261,9.25005451984593,9.11102452332772,9.45487956653533,8.77784117965413,9.36951454435334,9.95071741756788,9.72305465997804,9.71099626120198,9.61583327290522,9.71010884477949,9.58409295534424,9.25674724146008,9.16088780383568,9.75863189927919,9.8135303005764,9.48773202075579,9.3291232093165,9.7626512393943,9.50625833327904,9.47912849073113,9.31679997089682,9.41086599950795,9.48562497168459,9.88189837079405,9.66952484276467,9.5441132766206,9.40018431310178,9.33731722516035,9.39929063758787,9.83743704284563,10.4093211744265,9.9312258322653,9.56260606403881,9.70971761880361,9.74886193665149,9.68855486527601,9.95729706144138,9.39972614843905,9.61093480087834,9.75183047035738,9.59045114279093
"44",10.3467292101348,10.2137990665096,9.61121887109906,9.99605004406085,9.68025455196746,10.2299009487948,9.69591773508648,10.2910781805969,9.96996965279375,9.29594320796982,9.50312801382071,9.27133834713192,9.84578477233782,9.74732223017821,10.2204794923716,9.25363624272783,9.80601219871929,9.75333756243663,9.59006482887015,9.98012220531333,9.58333086657301,9.70108595403832,9.84912137313607,10.0068763471467,9.25034738369055,10.161108641394,10.0860188300729,9.32767924486293,9.87674959830565,9.57192995554595,9.75119414613262,9.05445400600541,10.1599097271092,9.78121922064053,10.0748298430742,10.4398027215945,10.0044384096065,10.1531937083601,9.95906594985774,8.78765820820973,9.91452532679875,9.22022054278275,9.16090630094686,10.0970844334685,10.0232161046339,10.4796614337841,9.61548965414119,9.75388807518621,9.34896011620976,9.33579673630301,9.55869982273054,10.3692292033637,9.87885287501843,9.41537376528619,10.3915262750978,9.63632280205711,9.85012019816412,9.46365527529631,10.1794962983185,9.47116033804755,9.27975383071862,9.78226723390823,9.51433465787451,9.37512161112832,10.1738988681295,10.1070546617852,9.98917229127961,9.80490291514344,10.2450825456532,10.2568749085778,9.71266992414804,9.36142159669807,10.1322825311318,9.74121814276204,9.59274570178387,9.57580026794834,10.2621173859351,9.41711541054134,9.72928675025848,9.59786226921737,9.58329012832073,9.41216137071763,10.567315564863,10.2097691330386,9.73943713929006,9.70555986902036,9.65466111468818,10.0426371973539,10.2716948836529,10.8381675782697,10.4849737437153,9.46450201890399,9.90370541861961,9.6218217540867,10.0095416972585,9.96505731318317,9.45541549327635,9.65242350221999,10.5773694627134,9.71970291594132
"45",10.1941687471638,10.1381486387295,10.2215782028611,10.2948235299725,9.82660268979503,10.1368376658336,10.1117869585528,10.7517878633634,10.3615962047775,9.45902619159956,9.78107900240161,9.68513093611005,9.58823607394068,9.61859490552502,10.4833580505033,9.42382361158044,10.3810123432404,10.1623995470162,9.59407152681316,10.1691709462041,9.91713813161684,9.61817601130168,10.521691108537,10.3059670722308,9.51066627262046,10.1899196581568,9.95032759432786,9.39348348609004,10.0735566598226,9.55857690480394,10.3342053996423,9.2937737653038,10.3843925826203,9.86873955172424,9.98040271418026,10.3991798585841,10.1217821576198,10.2969727455722,10.2884241449714,9.15868557894893,10.1717562958471,9.43547544921378,9.46933644422895,10.6991147095653,10.4773167913724,11.0007240247999,10.3394629201262,10.0108527869514,9.38864637890738,9.35623436875589,9.98739560651625,10.6165775268088,9.9472843693376,9.84739956853524,11.0869846358333,9.59073851961707,10.5362669570501,9.44742095311441,10.0532331166572,9.24685528511636,9.06562329087452,9.95153609418979,9.54598204127064,9.55434047645282,9.90046018686687,10.1021834546267,9.74703142014053,10.3252515733552,10.3631838488869,10.6027303193617,10.2657603272176,9.51989037479142,10.338228098716,9.39305220152801,9.71016444745373,10.1569683033848,10.4294470908043,9.29690436699825,10.0863532296026,9.58368664603055,10.2985527237719,9.55000031216092,10.9532751291178,10.2656797302393,10.1485380680612,10.3028080984532,10.1586531257272,9.91212337919186,10.5806522305107,11.3326490359947,10.7893323833968,9.77770668221477,10.3879742082795,9.57946092358511,10.1877280716583,10.0920501523808,9.44779977424327,9.77388351044352,10.756283758404,10.2784071836247
"46",10.6690368735878,10.5564928908108,10.3121327067679,10.4398855127027,9.96071993372344,10.813509621822,10.267356970265,10.7264944208269,10.5523111672236,9.52964376270844,10.4467511128081,10.0497732996524,9.87131586464744,10.0271945470414,10.884498906382,9.66181168954251,10.715910090014,10.37421927245,10.0263945954774,10.2848628421703,10.1712151083253,9.86446885129383,11.2576745814817,10.5994975767328,9.82176849432964,10.3687864499906,10.1622885808586,9.49149262032369,10.553399989472,9.72059607375515,10.5595149607825,9.07703263579741,11.1562041008006,10.5986718993415,10.1682806611258,10.7127038149076,9.78228273885913,10.6742491836621,10.4992490605975,9.38782239198704,10.6879270363326,9.70214669663332,9.12816024397073,11.0124725525424,10.3857811964981,11.1456128422343,10.4035854297833,10.3658136429278,9.77344187028792,9.27694277919161,10.3375407308588,10.771689965939,10.4355748611481,10.1057384068545,11.2693030350883,9.87179337763637,10.6701869280128,9.03810798494486,10.4542975577142,8.86455449178677,8.86316318124456,10.1150094119917,9.34545765995975,9.98737794228909,10.4451286156413,10.8481462725497,9.49726043441603,10.7838357012313,11.0211275974338,10.1221713482151,10.2559965035778,9.30286900702999,10.6925209971644,9.38060466175697,10.2698497434484,10.3138807959737,10.7272905210266,8.91243853464314,9.91133738333024,9.54201591270134,10.5108706919881,9.77275331114073,11.1944180848499,10.2994108311418,10.2090226250856,10.8691434462703,9.90556293987162,9.84172224298498,10.4815372993353,11.6802595463755,11.1971228101514,9.98717487469187,10.8778526153875,9.55448598013056,10.3015580638416,10.4070264374405,9.32478876394095,9.72374243853295,10.6351307479539,11.1192978682925
"47",10.4375576322248,10.2206895107339,10.3184730435824,10.1309285533997,10.0034472501889,10.4035604347046,10.1365893268828,10.3277583927104,10.480881363299,9.98490637621822,10.2421074374305,10.0664902899255,9.8760671252423,10.1795724254931,10.294003711256,9.87944827777016,10.3933563660948,10.2775159927261,10.0333405139658,10.1493587632089,10.0439752422984,10.1568888109646,10.4894746926339,10.4345214332732,9.93003126319409,10.2867912826493,10.0945127491423,9.95537453074086,10.1935312210222,9.95158685570266,10.2013273756997,9.61463813174896,10.5216913300165,10.2641072598538,10.0933303656663,10.3202356305217,10.0561038022133,10.1320915894335,10.0403015841302,9.83649417823232,10.374790541345,9.90305731171351,9.62921369647574,10.4462112366395,10.1773821952627,10.5920137482066,10.1612246832784,10.2573140445739,9.97259204560603,9.52480274613636,10.0586797518267,10.4001173170993,10.4198109666219,9.95372541517916,10.512021776862,10.0105950665703,10.3039942377953,9.65187977449339,10.0321072953888,9.47445418385203,9.77537567477044,9.92211919113523,9.73103303219371,10.0116956788318,10.081465362699,10.4688014158477,9.88453504759494,10.5514105443676,10.5599144401698,10.0368961135519,10.0830403471736,9.70243085297501,10.7034280442926,9.88396940451985,10.1236376767746,10.3296881420144,10.2487768232576,9.34693767320372,9.81420590348171,9.94484073154837,10.216043659567,10.0594999565851,10.7011238282607,10.0865374356729,10.2440988411858,10.3000664362917,9.95324384308331,9.91190480314775,10.2861656761821,10.7301839489321,10.6731447927934,9.92331055193277,10.5953505883559,9.73165765736482,10.1955470291305,10.1312198159279,9.64803711522612,9.97098136958163,10.2250445732828,10.4600945073104
"48",10.944093506114,10.150902515974,10.1996998873284,10.5181342452424,10.0157470229256,10.6847678611488,10.336209956435,10.5568035887241,10.7450264790134,10.3961918522488,10.8404195868365,10.3444041879127,9.42398348166368,10.0190326497658,10.2818859070166,10.2793739205229,10.5486709770969,10.809990733696,10.3019550245734,10.4405921440105,10.6199517961875,10.6085072091991,10.3631450649571,11.1059458924727,9.72822888300241,10.3180400718508,10.2124003142184,10.4769806107916,10.430529803094,10.2302462053534,10.535963240955,9.78598237455093,10.8629364757648,10.5861361723175,10.4902560937771,10.5188492022497,10.1584925389663,10.483583400638,10.1338021472309,10.1401746107177,10.5652516327537,10.1267295890181,10.1172511341619,10.8954339454626,10.6644486463507,10.9086778841933,10.4842772258582,10.4710542399309,10.3117184295155,9.66775744871717,9.92393959859796,11.4962002949345,10.8999969486536,10.1221382121347,10.7239729152752,10.8439697181162,10.336905269133,9.88236173719444,10.462290575103,9.3788764791343,9.83650946274424,10.2479959040119,10.016516897544,10.5241869363259,10.3516933252742,11.013777184558,10.3887270569191,11.1074269100432,10.6680873557182,10.0115327088253,10.6097970029557,9.47822628725158,11.0111067972207,10.4037826729645,10.0586649581718,10.3665044687407,10.602216943686,9.72742319956635,9.99038662850258,10.2231499339813,10.2087482989191,10.1693798620427,11.2753469344707,9.81104355076797,10.7794189257942,10.6821597032234,10.2320037485681,9.67576968100145,10.9637418807444,11.2584092150542,11.3749647078516,9.62708957296606,10.729595401695,10.0327663347083,10.2667612162707,10.3649574832775,10.1042598232602,10.0885613078832,10.6095092764647,10.952625404886
"49",10.664624139271,10.6221879499144,10.3170242187729,10.8185650081197,10.5936254085327,10.8851655375706,9.99588354463909,10.5850333784722,11.3323300564627,10.4133332228675,10.9525855494663,10.8690891238346,9.68032793248495,10.5577490908021,10.4928805406461,10.2610032231586,10.8591386774034,10.9547241442218,10.6057292626027,10.3340930559161,10.523687390007,11.0594230746333,10.5539257984508,11.3879008743806,9.94996993785642,10.5778333175204,10.8363419188559,10.7709442595486,10.5847055396235,10.7145386526396,11.1235958879932,9.75239042557578,11.339230762315,10.8165783468745,10.7791115026808,10.6110405491332,10.3024412001714,10.738259663488,10.6854178316211,10.426646716849,10.8368552582086,10.2587512730636,10.0778436192321,11.2895515513334,10.6809155700533,11.6116502842316,10.6874512921022,10.50562596347,11.0045961748258,9.84610610055861,10.3997623805203,11.6304420328464,10.881093857596,10.4326173778932,10.5748983047555,10.7273853112866,10.2478641612142,10.2353293886109,11.1539299097975,9.74582398511724,10.2487172925427,10.1011321575256,10.2430649845645,10.5608798372377,10.4621109013752,10.9604120304793,10.2829811267733,11.3761942725674,11.0398950066352,10.1520604052765,11.1029183461557,10.0395460201224,11.0894419374277,10.5829467539885,10.2349521736001,10.821711878673,10.9930597050866,9.85363896711076,10.4825816493263,9.93169021836215,10.9402729652448,10.4058881671726,11.8263844898545,9.82441115884738,11.184811190125,11.0236663051483,10.6595159243259,10.0389162162019,10.9150866246334,11.5834905380928,11.717056760296,9.42494453209414,10.5496329521855,10.3866634141833,10.5672943213402,10.77031994758,10.3467859647962,10.150375927475,11.0572022276117,11.3686982168628
"50",10.7354991440892,10.7886320774514,10.5330893265966,10.8578295559699,10.4110280640826,10.4962392381741,10.1550395246732,10.5376030106924,11.2074010695402,10.4323830708818,10.7890578747384,10.4917204301064,10.1681798815192,10.4620792983321,10.487256552111,10.6037497061998,10.8092404981785,10.8607861317183,10.5571777961969,10.4978770394074,10.4822994796699,11.04402106867,10.779602034277,11.0725321685563,10.3668632351948,10.3263960943308,10.9595069247318,10.5740690161083,10.6217776637933,10.4012559926433,11.0337817198681,10.2090669269488,10.9947296891915,10.8091297162078,10.8213067474949,10.6425509224592,10.4777532694808,10.6816522132296,10.7241593441725,10.5671218910922,10.7250651395624,10.2096614504741,10.2171078163033,11.0514595415892,10.5726222641832,11.1043207405324,10.6143228163327,10.528729671781,10.8377421481126,10.2819221506338,10.5734898392904,11.100407808374,10.6508746801234,10.5634138454399,10.3487459074787,10.7893351780377,10.4491844294843,10.3568011152717,10.9332688150434,10.0379919890739,10.4120326414657,10.2332898195853,10.4924825588065,10.7056903416156,10.6252472461988,10.6919389155859,10.3087837051724,11.0541665779277,10.9844424166991,10.2737708550527,10.7906227686286,10.0919254341184,10.8262480772749,10.7410564843523,10.5076216705821,10.571267799849,10.7520229153954,10.3026965860252,10.547504139657,10.2013495047078,10.6959246099688,10.6505018823987,11.092665673052,10.1274696505056,11.1454331850606,11.0317482158166,10.6586039029918,10.3021357777532,10.8237093447039,11.2316059479353,11.1530380359395,9.96759533656303,10.5837562202304,10.461781432357,10.6744918648067,10.556505426409,10.6486129483132,10.442510084176,10.6686509167297,10.9563000057469
"51",11.0995672391627,11.3082605125329,10.2347711210665,10.9992503770009,10.1115091257874,10.9110433064162,9.91187340437857,10.661126551519,11.457676860448,10.7945351908718,10.9589664796716,10.842103048145,10.1251989396611,10.2344606167097,10.6237609819816,10.9398852981551,11.1352253612516,10.7448180329719,10.8536107073089,10.3424815690116,10.3842400436868,10.7285559563484,10.8279350987054,11.1385221154394,10.9319223204629,10.6373956199551,11.3839345563661,10.7814174466319,10.748439984096,10.5816278367701,11.1246858622736,10.8070257147887,11.3740838633435,10.7144618071501,10.652282515429,10.550573191625,10.5096919316637,10.8528655635022,11.0114883719725,10.6427611540534,10.9120798134878,10.2823854965474,9.97298863879074,11.6882982580489,10.739201263479,11.284278831816,10.8648495530093,10.8775846393715,10.7829615090297,10.8801343432339,10.7041173906388,11.4669155265312,10.5320390102762,10.7606098171427,10.2995769658991,11.0386285780215,10.5667433043993,10.523318560197,10.7365677146319,10.0940053958749,10.4363140101869,9.83501244613567,10.6619864250161,10.6359192207592,10.7837917637527,10.7904971108,10.0693028048237,10.8988461738485,10.9512072779294,10.3703962068429,10.9350397542252,10.1697126681263,10.9224579594468,10.9451502134533,10.7363076415612,10.5881123969993,11.0141590340997,10.2153395439762,10.6926342054793,10.1107332497134,10.6449005520252,10.7016870994415,11.4214386783455,10.4043641493302,11.1632302189463,10.9432230642106,10.9127368872808,10.892430295751,10.8375633608076,11.3399054817945,11.1293675505468,10.0741992483206,10.7944141920522,11.1846017155765,11.1406378324184,10.6813536967447,10.8162604634334,10.6486826767868,10.5605402122884,11.3682702130873
"52",11.3444897656995,11.3455787920292,10.3452719043042,10.9650335151904,10.0972099896061,11.108448643958,9.82495437869654,10.4694652749718,11.6153987323905,10.8956534500003,11.0311760999065,10.9263883156112,9.86261389653522,10.1140246229931,11.2063532684744,11.1462095940709,11.2991484184238,10.903077753995,10.2381116967479,10.4320671827268,10.5301735784233,10.9880435378794,10.8800705288794,10.934466924523,11.185732726114,10.1267374957586,11.4877944062122,11.1223332382638,11.0221259968949,10.7811105320013,10.9440503003722,10.7904894592062,11.3869039639565,10.7211346884505,10.5814648022915,10.5313072182394,10.6631026036133,11.1700396574631,11.5763705011714,11.0481758475556,10.8025321887988,10.2119145915227,10.1167511101397,11.6713059425984,10.744241308996,11.740022176795,11.170214517834,10.8119543270703,10.9056770309078,10.6651102472363,10.4339401375444,11.5344464379965,10.4888751320347,10.8907751259482,10.3376869190989,11.425721713453,10.6598860430671,10.4323759017028,10.7066534179131,9.98497564589375,10.4699722490488,10.3583775183366,10.7825850288813,10.8272718695785,10.9912768647511,10.7551758170664,10.1512475825385,10.9110975475772,11.0723686554788,10.6224427540982,10.8587907707425,10.0830020888051,11.1832732060218,11.2452921472861,10.9488521099094,10.6032414057663,11.2060394308205,10.5670133657939,10.8730299806927,10.4722474413275,10.9469810212725,10.4690020311335,11.7017361014973,10.5384868105444,11.5720222387106,10.8538531369185,10.8230980709029,11.3207856866968,11.1086548746899,11.200520649212,10.9474572982716,10.1302520854876,10.9199760969952,11.47242557309,11.0455925696316,10.8442369722316,11.2961779734942,10.7954712319992,10.3605772393518,11.6779919075306
"53",11.3860084041834,11.6605533634063,10.1832406767085,10.9617586178153,9.79297228221216,10.3435253159744,9.73125865916818,10.489821977566,11.728250091079,10.7646491825434,11.5809176411003,10.57726618109,10.0042913808575,10.27493866939,11.6676886622506,11.1427202441197,11.1865841486341,10.9799680533697,10.4846636801371,10.6232253447713,10.4918169124035,11.0631698253612,10.5309978054003,10.8079281230339,11.3105987369756,10.3941741020763,11.6936265382269,10.9821212074507,11.2924932794462,11.067325755793,11.1047228330367,11.1111591799408,11.7236002330378,11.3101771056923,10.8489990361573,10.3630817712661,10.7925130006577,11.5202883149328,12.084847393623,11.4020449656768,11.0938370868444,10.2635200839873,9.89286910511676,11.8147353809206,10.8537438365435,11.5895694787017,11.4953605312635,11.0565722240171,11.2346978543693,10.7146204398951,10.6303586084309,11.4267791506829,10.691771579594,11.378073398512,10.0985576336168,12.0262395835804,10.8130552663995,10.6694004471623,11.1479426685989,9.98802011187644,10.6970383656862,10.2055150204166,10.7753024514492,10.9763723087531,10.9301795458468,10.7890439359293,9.99710162538489,10.8545663072763,11.1340432276933,11.0422268936707,10.6818208837999,10.4058072143039,11.3559283036476,11.1435624400135,11.4198445653935,10.6597793151372,11.0164710301765,11.0149146540078,11.0490698084018,10.9412424545932,10.8583419565498,10.6165875654149,11.6579184383584,10.5849909593268,11.851088826241,10.9793038838141,10.9102580792038,11.3500596529256,10.4459958253624,11.4800332781577,11.3110079252091,9.79976749030607,10.7973188159228,11.8290737185663,11.2283105159102,10.9705256179294,11.7716840357236,11.1149029295816,10.4048452308625,11.5435095810353
"54",10.8723182777284,11.0829585401791,10.3336544233562,10.7467088797904,10.1805815370401,10.4569146189847,10.2494491588237,10.3239717894893,11.0668443330226,10.8854439565015,10.9322882768388,10.5424852098917,10.3104036010021,10.5740194062592,11.1825893219825,10.757257543716,10.686003493659,10.8473939399748,10.4488838064677,10.7051273137771,10.666230528534,10.5288182479968,10.3129878823585,10.7402303659775,10.8340441474776,10.3568298236764,11.0817554837788,10.7914257714231,10.7340252042721,10.7435793796755,10.6590883217748,10.7289706349996,11.2073739491164,10.9994661063344,10.6073258072856,10.3511098836368,10.7016716196076,11.0470754487337,11.3424515073013,10.8483902036237,10.8845919845064,10.5087312813604,10.0766054092988,11.055646796072,10.6630473881642,11.116723870175,10.9447283955758,10.9091216379178,10.9646309141609,10.4015476844955,10.5977487906537,11.1146139495177,10.5718355281278,11.2633639938639,10.2659324273234,11.2032655216074,10.7742523890053,10.8553971002662,10.8968685976546,10.2372471883755,10.5358143852479,10.2025630731598,10.7851585220655,10.8616240330377,10.5550899924286,10.6002927402143,10.3221896322146,10.9895031700595,10.9281918972501,10.8478622777937,10.390276116682,10.5245042114274,10.9519208134795,10.7500512613749,11.1203525664197,10.619226167185,10.6692510006185,10.9064552827527,10.7995332245101,10.8416871081205,10.7226707091048,10.5002704913419,11.2335866517638,10.2567536984998,11.1749818326414,10.762670149354,10.7581605919196,10.8263793609725,10.6243387609794,10.806234871633,10.8229806063151,10.0843281819846,10.5707541619897,11.0175760437152,10.8357953252425,10.8236350100775,10.9635990255585,11.0088944506774,10.4582761185277,10.8979250488997
"55",11.1674594361,11.1064669028897,10.2992825761904,10.7622065163796,10.3154458599683,10.5576667827862,10.3352030708163,10.5944171862917,11.2395480069136,10.9935355210821,11.0597923240036,10.4821301271465,10.6384865986943,10.365489907798,10.9571329860921,11.0205336840036,10.7702285939368,10.5210426665476,10.3347415490296,10.6573432389847,10.870178731569,10.7563098849397,10.4388086287206,10.7587191502787,11.1863707341065,10.1918675369162,11.3975121959495,11.2511990887512,10.8162859609687,10.757822610083,10.2328872047119,10.7068467252275,11.5482624246893,11.0469119807387,10.1392891537258,9.86218015889082,10.6342805597474,11.1376443903481,11.3878773934692,11.0555136435796,11.0025911063812,10.2369490237309,10.1972527874291,11.3134072521707,10.640761778748,11.2751367054472,11.4313588626122,11.1243261616066,10.9331035926297,10.516402046524,10.6695502569992,11.0620001842899,10.3845547748639,11.1146486433885,10.2327084188303,10.9814852024337,11.2091194001057,10.6990970431873,10.8950846958846,10.2821492542388,10.8202889615664,10.7595011666766,10.6959450546601,10.4280823948387,10.6141498698006,10.1238648587641,10.410959814809,11.1030448149407,10.6393787448343,11.2618118065922,10.3508824913367,10.5121109615874,11.0867266377872,10.521631948994,11.4188152153551,10.8614289600917,10.9587584760034,10.7559782076176,10.8346555814007,11.0431157732814,10.7651531241884,10.6001944122116,11.2150829313825,10.3730954429128,11.5193903748321,10.7692503222851,10.9076985199108,10.8251672761747,10.551265105484,11.1961593980133,10.5342706161205,9.76314463789068,10.595707689555,10.9506798962628,11.1373528718114,10.989153058298,11.1969344565369,11.3080563831947,10.6271672289543,10.4689151938022
"56",11.0492696108559,10.8717551709643,10.6824788479948,11.0852653722787,10.6420248270929,10.4553924960045,10.6092894717064,10.8733553810646,11.5147867868282,10.9386935517477,10.7481356266258,10.3636081654722,10.5478125184555,10.6114051260077,11.4306806076301,11.0264417492099,10.559461976094,10.6338892402868,9.9646109117084,10.890333162451,10.8194369970882,10.7729407251613,10.4632406011149,11.1225079456472,11.3635149053506,10.0187834056035,11.2476065040323,11.6436110257879,10.6052631725643,10.4616746613804,9.88538962290413,10.8219043119224,11.3993071818487,11.1150342153293,9.95982752006771,9.96998657177959,10.6081259402392,11.1605741802116,11.6802727291396,10.8877804885067,11.1535559877515,9.97835705480946,10.3022720042218,11.4107212003512,10.6796025180353,11.2860824696435,11.326977463864,11.0499029931597,11.4616856360651,10.3254676256521,10.90840694663,11.3226990268961,10.4875572658156,11.0549197734526,9.95595815355722,10.9456583631585,11.461539233075,10.616106807747,11.0185071651455,10.1543172021399,10.9043084201105,11.0022755888727,11.1008079418766,10.3755923514753,10.4078993536604,9.88872675343715,10.6992266922363,10.9437661908403,10.3065658639203,11.4748502611442,10.0136296701311,10.4154012466608,11.076714931682,10.686193809338,11.3047536296662,10.7957097622884,11.1495304857458,11.1093786110141,10.7199623259928,10.8421063609705,10.8915270474473,10.7851661147188,11.3781970632466,10.1856516365663,11.4260371161413,10.7819731752093,11.195884722533,10.7665250022743,10.0607146331692,11.4657565264473,10.7057734020353,9.60093592193033,10.5923139962001,11.0839491603623,11.1101721639397,11.1286876387826,11.4531136538688,11.5979962182472,10.4127626719785,10.6405842187707
"57",10.6823022926277,10.4769020419749,10.6910212866202,11.1847197598612,10.5808477485562,10.4445199296244,10.72530308321,10.9815728996707,11.3934485941795,11.5787528968217,10.9907160237614,10.3221671178538,10.5551402878393,10.6785669214788,11.5309933749487,11.0956456290771,10.1524618629649,10.8807488603082,10.1395048727584,10.9821794787473,11.0400169687476,10.7593982753412,10.4745268636564,10.8994915727014,11.3273912442211,9.45008488147601,11.6094919530184,12.0289821586842,10.7288673566386,10.5396672421411,9.85676534776981,10.9090841589904,11.8637756909742,11.7601790782574,9.76179042859499,9.87849072623466,10.8095999680415,11.0219390342721,11.5775916541655,10.8150222208633,11.2145463647726,10.3994859753109,10.3544551689896,11.7271945114367,10.7298817309428,11.126394439034,11.1719118720009,11.1010676356557,11.6229981190305,10.3901549441436,10.5646943704799,11.7054966835909,10.595487062958,11.2216787012191,10.3267642788311,11.1826436504713,11.382293690961,10.8055513009732,11.0820655444252,9.88058782806455,11.2348078853334,10.4604160615624,11.2925298968404,10.3951229246937,10.0697477824423,9.77052415111849,11.0793133195858,10.8043518704891,10.4161590079979,11.7947066928624,10.1334826148168,10.6473793948497,11.0333382705286,10.8308861648525,11.5712811956677,10.9989050338912,11.1589318800671,11.2675128137996,10.9501540074328,11.4955888610589,10.9616180169366,10.9316651352991,11.3425409779419,10.5586674911424,11.6834519093057,11.1321815454549,11.2945708170128,10.4496314446037,10.0639391920562,11.7092153077107,10.5710747754838,9.69016625726226,10.382574880735,11.1192557472649,10.8480373429051,11.0569303226522,11.5639240618826,11.9542394668407,10.4971684126613,10.6581703991822
"58",10.9101503176169,10.5427275288261,10.5301529368494,11.0397151677024,10.5739858391068,10.5036854418721,10.964780658563,10.9368592250175,11.6999930126599,11.7859240571348,10.8468994789808,9.6905168796208,10.6853285567318,10.7976814821618,11.6277315751094,11.1932565360062,10.2254890035318,11.0263518589821,10.0804110795047,10.803281958144,10.5535834563979,10.8827674217659,10.2393531170942,11.1466820936677,11.428189130026,9.18030960758093,11.7397551604872,12.1614583594599,10.8357391265738,10.8205631865128,9.84232431112267,11.1379978240209,12.3275853009903,11.6403801701633,9.8621274802623,9.9114482189156,10.8290756932349,11.2303727888557,11.5229337615621,11.058403627691,11.5747579563643,10.5168925696143,10.3464734176409,11.6903509660781,10.2096963292705,10.8565936326761,10.8961948919955,11.4114534608318,11.8142044039239,10.8964786929063,11.0216020081882,12.0941771090974,10.6790282209411,11.1276568786142,10.6220409237237,11.044227662922,11.5002596876319,10.8427338403445,10.862318122898,9.84705025907593,11.0686361141966,10.979565128184,11.231608420497,10.7942059389239,10.2838277040127,9.9844245307521,10.9474475711396,10.8570007578789,10.6860384481103,12.0074000510153,9.67077084988043,10.951053171138,11.1565155121192,11.2909244701188,11.8732421053356,11.532380463531,11.0235771436451,11.3046141385751,11.2726828955773,11.4422929887958,10.9836325844489,10.6867334342259,11.4287457458365,10.5446039474852,11.5534083046406,11.1962675814067,11.180089406064,10.5090680380898,10.2242956617119,12.0576735807956,9.99610689082442,9.58414004831499,10.7729081308934,11.4139847453877,10.4824367521772,10.9306583393616,11.6247549324317,11.8860366940738,10.5581945511883,10.786391184658
"59",10.7042020025736,10.6042773441343,10.1485464788932,11.1561195749928,11.0243247008309,10.1302918159337,11.2421008699533,10.8376541653306,12.0750140709606,11.8465194331572,10.8121282936039,9.58438825189734,10.6648307110586,10.4996285468286,11.4664660652666,11.0173674040243,9.7542321245286,11.1290652374563,10.0766901729935,11.1090416781524,10.5873885351967,10.8206886351142,10.4988111866429,11.2024190173835,11.438691021106,9.27988325991369,11.9224431902436,12.0585150339788,11.2550221149738,10.9582890338692,9.78961043722523,11.0580662111074,12.5041323003901,11.7697282236456,10.0509004014544,10.2188750372157,11.2460031389087,11.7290117357889,11.9058609433768,11.010668414198,11.5944081715143,10.4309761171766,10.5874454736038,11.4861396942407,9.89107137620301,10.8585540970369,10.7985335349247,11.6387691187825,11.7950925383363,11.1845022871059,10.9611460601549,12.0030244805971,10.5482951297278,11.1357724783813,10.6819491626268,10.8328196195972,11.608367467061,10.5970755527137,11.1813201040033,9.88527894435329,11.2119822492211,11.5369253179857,11.253586007635,10.7698283305424,10.3627729798035,10.0007651423873,11.4020798455836,10.491478915517,10.8368931999286,12.1401959921277,9.70959897134637,11.1253567199798,11.094210171836,10.9198096088586,11.9158837334529,11.5919408284114,11.420369981883,11.1567383813645,11.1761904130244,11.4134439365357,11.0421415791083,10.6027926662894,11.3845462605617,10.9820996357572,11.4089308198557,11.3732375666103,11.1710750122854,11.2373556089531,10.3690765295533,12.5093770474464,10.0596687473864,9.38939679508074,10.7770953338322,11.1886985100641,10.504394912738,11.0847475215321,11.8003635494959,12.2885829683149,10.6720381259422,10.7458094817327
"60",10.4535810264569,10.658643120495,10.0346300765639,11.2781714310917,11.4852655846625,10.0601107521744,11.104634142152,10.7925206957767,12.5618449419835,12.083924405609,10.3692734750181,9.69374784320268,11.3920159515138,10.6573753690448,12.3862048316204,10.4681652438847,10.1659261365461,11.0692550805673,9.93507863600442,10.6830832876069,10.6741317508232,11.1384762463723,10.4340488566482,11.0311804133069,11.2997658708654,8.74503945337395,12.2655544976208,12.5505611806696,11.6072095170031,10.8361624114833,9.67723748437805,11.0921933677239,12.7714363343902,11.3881626342308,10.1250651104702,9.98203788768889,11.329265684486,12.028259392783,12.1411679722423,11.5151975606823,11.5494364608022,10.4835680565592,10.5506302497917,11.1927356639371,10.1730983508797,11.0594626960866,10.8539935153983,11.7994194469737,11.3945078270063,11.2473232224032,11.3473452806502,11.4049872916386,10.4751030855261,11.4284035126807,10.3879474601764,10.7164477908334,12.0425534531658,10.5203445378265,11.5054113015111,9.72967644708365,11.2993025662688,11.7705853051982,11.4456171145278,10.6669689393975,9.85342751025657,10.0994485142012,11.5498155257588,10.7955559452722,10.6849681483828,11.9921790791539,9.84497845298654,11.5189815843786,10.8654096126952,10.9369165799052,11.6422699522957,11.6750413965246,11.5933619774352,11.3153111560444,11.108533738911,11.4135134883587,11.2120995966278,11.3250927491486,11.8068227666607,10.9913954149895,11.65861804543,11.6428391966472,11.618969627342,11.5166397825555,10.3670437473036,12.558625447968,10.3862299943015,9.45572213805854,10.98281684457,11.7116048714089,10.4339069783857,11.1613599823365,11.883903162433,12.7010455612669,10.3889867766643,10.7959257833074
"61",10.4092432619924,11.05877929773,10.2517581725238,11.4541757763319,11.4428938695881,9.64985562357033,11.2386791303322,10.7268260588397,12.8149860676383,12.4599474304857,11.0131065167685,9.51599856722741,11.7504713641118,10.8986491498142,12.3830682175767,10.6338347996375,10.002358067754,11.1437703973316,10.1576573083239,10.2532482421285,10.5212241284408,11.0459977494183,10.4352977112363,10.9905624751569,11.0303500807179,8.91275319505088,12.1061907342478,12.5909099060764,11.3794178288414,10.89147372182,9.46420884123394,11.1023608815547,12.8809098362339,11.1997024933141,9.83829657972391,10.0921234849827,11.368982691976,12.1365366704703,11.9630273316959,11.1605987572657,11.5018804602786,10.453855583921,10.148208175477,11.0909444569955,10.0436704336145,10.6944189642607,10.3531340394706,11.7541103693133,11.7476602601939,11.572302233721,11.0645202631122,11.6121739858915,10.2976294619104,11.3657534182445,10.338044369812,10.4131570481521,11.693406321612,10.5724429299658,12.1123250287338,9.80588640584791,11.1328794640287,11.5457578662412,11.800513837737,10.9370964359568,9.94622433653187,9.76064303940719,11.5566305750712,10.8749038479645,10.5538804917248,12.0648623929741,9.65329204745015,12.3426299865276,10.6113260549693,11.421294147857,11.2721677008792,11.3514470571198,11.5348507007129,11.6018251018612,11.1528439723292,11.4246026679344,11.5622715695299,11.5195578380267,11.631643336765,11.0087896959283,11.3304291929632,11.6780868780223,11.7480916880695,11.3664558057688,10.1593498970932,12.7484539452761,10.306391123387,9.99343338916446,11.2654924702843,11.2858628943147,10.4919192279407,10.9461062810155,11.6873488355675,12.7410108671194,10.5136918964088,11.09452565546
"62",10.4171104616089,11.12872328023,9.83505120094276,11.25891080665,11.2037781333634,9.59656958098562,10.9909316522315,10.0223321556725,12.7136299050641,11.9527897160561,10.7438214346508,9.27243794403535,11.5183322759781,10.8464640677916,12.3295382399448,10.3204065163261,9.94303557740057,11.075223557568,10.2324487017161,10.0559804312741,10.1232187657785,10.7719877230958,10.1515754467145,10.8278691169336,10.6960173493344,8.7787406357974,11.7825317891049,12.4512255044241,11.5099939025829,10.6976545131141,9.53349633702728,11.0911395331931,12.9143392353525,11.0713575890007,9.49570485954285,10.0558049043114,11.2349337032249,11.8151287914332,11.5712043742329,10.9023809646288,11.2706639919157,10.2904535024533,9.74141063097809,10.9690741859901,9.84888892393754,10.7569295096221,10.0966249538317,11.832440974211,11.915232723827,11.5574344116812,10.6834688627957,11.4969134905475,9.99940516110046,11.1181900765577,10.2952522252211,10.0996399666059,11.4151666032897,10.6534427193213,12.1719117652304,9.64983685904685,11.2624958605395,11.3390990515127,11.5841951579804,10.9365898721266,10.0477810734676,9.24233994048152,11.6074291124409,10.9542680772753,10.3544830909266,11.9754467650147,9.30071686878239,12.1736216763681,10.3423676663226,11.147372757088,11.2424863572901,11.3816602966657,11.7845187879306,11.5305303607352,11.1783392964772,11.669397631341,11.726802375433,11.3616342256492,11.3479372419467,11.1283700925099,11.1464767920909,11.5466962540086,11.7179240387585,11.2705247948415,10.3299208887068,12.9953978341904,10.6296572804655,9.80212762904154,11.2331849159352,11.5467910962073,10.3717188487462,11.3909170545477,11.5027589329447,12.417806474602,10.4724407868466,11.2289215043414
"63",10.1955937598755,11.0071295308216,9.5948216232103,11.038002354498,10.9786993858104,9.48339857397506,10.5883628580226,9.99254404519817,12.6545140615713,11.6350480226233,10.5931253694868,9.04593138753497,11.4547957635647,10.3902200670928,12.5017674464883,9.75817328262347,10.309050542431,10.6556009850212,9.85152259674231,9.663013688786,9.82618190957113,10.5714211335372,10.1718987216171,10.6668314496444,10.6523213150556,8.31998379516735,11.8318994512371,12.5333989668679,11.3482006006678,10.385612814363,9.41033052297606,11.2272249931051,12.8824069900297,10.6317978890795,9.06935157534126,10.020185975089,10.7464137350042,11.532444669086,11.8086585938968,10.5613003415353,11.1294123647937,9.93407347458045,9.51294040196453,10.7995250007531,9.45544897615221,10.0295643474755,10.0542545033704,11.4125966081873,11.8566854988907,11.3347826203553,10.6213037283211,11.3374048634836,9.42409961119638,10.8142070314938,9.83580560832334,9.36014532193604,10.9220865556484,10.367999392943,12.0752963872775,9.50623084452848,11.0123709107901,11.4801201629169,11.26043777241,10.8267403027028,9.66684291989973,8.86441216079342,11.6391290098713,10.7518067148567,10.2294447058452,12.0815499018618,8.86414913385831,11.7528104034356,10.2864100505367,10.9892376844072,11.2032564429809,11.2006611143186,11.8792659715468,11.5298349279519,10.7105880652525,11.1041162726673,11.4822443701777,11.5414491333907,11.2285143730356,11.0684530725576,10.8546926715372,11.1347362113875,11.4602682763178,10.8700607554122,9.82514517274826,13.0374388816554,10.4780676753862,9.67063116706407,11.1782366170253,11.5360783445403,10.2176067392207,11.1770773359075,11.4370513324553,12.4941803034943,9.99634355447181,11.2596954932286
"64",9.79038891030442,10.7516744966306,9.46908195928905,11.0398528558071,10.9471293615554,9.41589776250002,10.5171219266691,9.41890067204269,12.638997158711,11.301255099132,10.0465222327976,8.82601767410912,11.1785203220469,10.3416038259471,12.7813591887241,9.5488022367277,9.89163860020994,10.1812677581724,9.71218290237953,9.2742808335052,9.67476996817,10.0743157478096,9.99551719767047,10.4519657673221,10.5940199679045,7.82389747131775,11.2814619861801,12.513656141312,11.5396225503034,9.86213515621004,9.07616317397823,11.3087210805958,12.4649715754751,10.4970752072087,9.03656473842128,9.72385389392832,10.6623172225198,11.4192941395822,11.8697274624265,10.3370420773659,11.0440389954075,9.9553456123915,9.18812898952164,10.3026278818931,8.9973051780927,9.22193466222158,10.0799469103576,11.2365056576189,11.664706731042,10.8980814957468,10.1496019530454,10.9013608184316,8.92190279104692,10.6933433404459,9.34309387546885,9.12351808184163,10.6790337245541,10.2025909836088,12.1398265634808,9.40800890762722,10.4887301601206,11.2987895485102,10.9768515463907,10.5802627241621,9.25042087059085,9.22844802215461,11.486111465016,10.4264232034963,9.86869637392359,11.7100689637441,8.60046892025102,11.4133566390963,10.5653780700502,11.1247787038516,10.6913234308856,11.1943318712125,11.9578889477756,11.3465043485074,10.3518329260223,11.0188614238591,11.3644378860421,11.3227949960034,11.0929284098461,10.7100992891709,11.1105053795508,11.1636252811752,11.1414659366736,10.6160943884198,10.04319882414,13.1375445334651,9.82542629894733,9.21398232184592,11.0013303996083,10.9222484038355,9.56219586833641,10.9892815567267,11.3254118784808,12.1703734671898,9.84088218944421,10.9023574968729
"65",9.71964141432627,10.180015741866,9.38185359420539,10.5376585535362,10.9086162607273,9.32985752002073,10.2945175690923,9.11556638749961,12.3438320920864,10.6375833220645,9.83905978117596,8.35702704405794,10.8617879952589,9.87070110922102,12.5388396721266,9.22387645531055,9.66569280465111,10.0466599649524,9.37324379151366,9.26572725053535,9.15384703449856,9.84917294128118,9.45791507773223,10.5271208190084,10.2417978446238,7.74531025932751,10.8831220047824,12.1012824372162,11.3429585395488,9.49518329360937,9.11327293984631,11.0798781147868,12.1805808214779,10.514953257329,9.54712017804638,9.61093584689268,10.1228948876068,11.0006210045135,11.8702023490381,10.0162472940467,10.951119174828,9.86771619201348,9.18768533807562,10.2218733420576,8.4604746174312,8.85146798326482,9.80736551069132,11.0306751181143,11.6871260275376,10.9776937914512,9.87202297516945,10.5060452908937,8.56081543951431,10.8732176243112,9.17263229483981,9.14331512807165,10.1759138637957,10.1329324609011,12.1322154679063,9.38220424370486,9.76087464745656,11.1504472507085,11.010927969128,10.3725715798456,8.88765991129516,9.15952295987036,10.9644744912822,10.401287075983,9.87672318160234,11.0232536736711,8.67070473885243,11.3960780537054,10.0758548719818,11.0457277525292,10.7448447695431,11.2382521303216,11.9071397897284,11.4728184938852,10.0200199073505,10.5114593266803,11.2467401449217,11.4266567913869,11.249803799577,10.2640452081615,10.8980170050301,10.9357530358161,11.0557635190969,10.3365769342392,9.536150458322,12.7012050357419,9.84853568214263,8.92582648238712,10.8538627221487,10.0988123746759,9.26471648137862,10.8319578377987,10.8441516793433,12.0494711656206,9.56518696865374,10.935078317763
"66",9.51123249781424,9.75504032010939,8.92618997700573,10.3787998823804,11.1714157437029,8.75473748391287,9.99002619759296,8.81588912744412,12.112269611745,10.3825313072588,9.20491321292703,8.33254932547026,10.4150090049684,9.45902302297299,12.5219446613241,9.23316822876237,9.52157894246346,9.59700780066009,8.90101956032969,9.10456030367536,9.09947691387057,9.61278465408677,9.27913265097659,9.95632422976966,9.66399425329683,7.61051944032991,10.7519853626223,12.1473665428177,11.2555990577044,9.10353421649569,8.9468408473603,10.9495915907313,12.065219952743,10.484701121076,9.09596535618519,9.06518269279663,9.80307639668776,10.6743685760301,11.2272283800399,10.007107461031,10.8273898581084,9.57613624481317,8.8560982684878,10.2208321120359,8.13181819454531,8.51481198232222,9.70480207027817,10.8548033135302,11.6933089980293,10.9076242065076,9.57737142955401,10.1259686495951,8.48329680287932,10.7489922481884,9.15619767868943,9.36566550576607,9.86055651466138,9.74194615248736,11.9128533125611,9.01719232625522,9.55191346086593,11.3630174694963,10.5930913908417,9.97034378803246,8.5346491381629,8.85780233789951,10.7245691961981,10.2940874103078,10.090566327497,11.0190661863637,8.91683416263134,11.0596448576294,9.80934787816931,10.5223796075036,10.6980436136328,10.6769319577724,11.6920964809284,11.4282122517724,10.0439734611499,10.3266886754405,11.2070937756189,11.454664555491,10.7716292848126,9.9806069493796,10.6740204886225,10.3597988781636,11.1987163224538,10.053267780967,9.45143747441434,12.5465418931885,9.74745035147916,8.39978251343798,10.1258396750678,9.96886675858733,8.92431397287144,10.5301154326156,10.4584755633268,11.9980738077971,9.37946284562995,10.7453878769448
"67",9.31769492894808,9.40367644882223,8.56912065040106,10.3272420609812,10.7972851704914,8.72665413968162,9.37005583291607,8.58020258256991,12.154683788046,10.1362648080142,9.12642253817201,8.18493857653869,10.4583822921874,9.15216535778003,12.5677245072615,9.16080967705713,9.30696549617767,9.58792381019575,8.20568061161497,8.7783488859325,9.10378412974567,9.2479359382252,9.12825274315681,9.42194505836194,9.46773029973038,7.22473285571567,10.4578586623295,12.1253196198258,11.2918110853562,9.06632953932754,8.46828725304323,10.6061513327083,11.8903825712689,10.5191411501472,8.1316366072113,8.21970929920634,9.6850650943878,10.6514480845432,11.2973089184562,9.71246196854427,10.3715834769861,9.63892280274262,8.51550182336018,10.0459261751854,7.56180554382533,8.38704916091039,9.56171044312995,10.5442911303761,11.653467100762,10.989779648915,9.30251373720482,9.84698864293022,8.32728931414871,10.8258144687845,9.03031051198517,9.50970499796302,9.44432516056921,9.66428844911976,11.7393347013788,9.10780147450744,9.71055394352691,11.103644815421,10.2886517438498,9.8773575632146,8.50411506172823,8.56732245834688,10.423817925184,10.323816311851,9.91589000306906,11.174412073784,9.2210839326415,10.7665776282373,9.68333037350876,10.4568809675875,10.8144157831227,10.4988540882415,11.8505668903037,11.153168638878,9.31080770958721,10.0609143810503,10.9759550314093,11.5241843648983,10.7583506845254,9.28839572285204,10.4893942490476,10.5762439447728,11.2369539505613,9.68939212297403,9.30720025931368,12.5578939592947,9.67669985033654,7.58044928638792,10.2476111809092,9.92294944742269,8.54670191221834,10.6741822039441,10.3874522583533,11.5219387805243,8.95570359772206,10.4499080027183
"68",9.56121449076487,8.97218016753186,8.05678577875138,10.0773662313297,10.7329947473999,8.10570032146142,8.65666659245055,7.93019721216616,12.0565133227216,9.73714255766438,8.63952693277382,8.04793357752105,10.1756938100478,8.91829658888553,12.1314792676454,9.0727872892502,9.0160632740434,9.489529113886,8.15944778085649,8.6266987651471,9.16443310071861,8.94495145582018,9.14478767678114,9.35241522294885,9.00889164818241,6.59412883670452,10.2393589990796,12.0395508884891,10.8539499159921,8.85246692002847,8.25510409689174,10.6876655134981,11.2602827493053,10.2261598299497,7.86640433299319,8.61060898999348,9.8089974553961,10.1639736610599,11.0209312844807,9.56760637703342,9.73980936787218,9.34157006089253,8.51039956841036,10.1111991005847,7.36886873022013,8.35812491935475,9.67549869290275,10.6990043813422,11.29284359541,10.0537619023398,8.96543910531398,9.69821633150285,7.74991020329779,10.6619566648639,8.62120476860117,9.06720187701958,9.46837934340341,9.51160701910021,11.556932354258,8.59473805997233,9.44998250476271,10.8622392952397,10.3304305571445,9.43406632237178,8.63910892112763,8.08337593849228,10.2337475244904,9.84364578253911,9.51667657915347,11.3205163058996,8.91405793264181,10.6009160366822,9.66007341381118,10.0503067192136,10.7794689945977,10.4293350241181,11.6228627965424,10.4788090078737,8.82742140023263,9.98738991731477,10.8484002337489,11.5035306485997,10.4646840360016,9.08654614993663,10.2812378188505,10.7614342176307,11.0296625349598,9.35677523323453,9.71305449929669,12.2861596141764,9.41326276385003,7.51950580949924,9.91162200264153,9.38186909192123,8.22806956488013,10.5643632644296,10.4070747193114,11.1002107137696,8.73899047867166,10.2997648523972
